 #          43 : dS/dm(4l) (fb/GeV)
-100.000 0.00000 0.0 0.0
0.00000 100.000 9.097606250000001e-09 0.0
100.000 200.000 0.0016992281250000003 0.0
200.000 300.000 0.004764141249999999 0.0
300.000 400.000 0.00295533625 0.0
400.000 500.000 0.0017464031250000003 0.0
500.000 600.000 0.0010648637500000001 0.0
600.000 700.000 0.0006726506875 0.0
700.000 800.000 0.000438695875 0.0
800.000 900.000 0.0002936610625 0.0
900.000 1000.00 0.00020104237500000004 0.0
1000.00 1100.00 0.00014038637499999999 0.0
1100.00 1200.00 9.967288750000001e-05 0.0
1200.00 1300.00 7.173694375e-05 0.0
1300.00 1400.00 5.207199375e-05 0.0
1400.00 1500.00 3.8463937499999995e-05 0.0
1500.00 1600.00 2.8746043749999997e-05 0.0
1600.00 1700.00 2.162474375e-05 0.0
1700.00 1800.00 1.6364087500000004e-05 0.0
1800.00 1900.00 1.2428406250000002e-05 0.0
1900.00 2000.00 9.438121874999998e-06 0.0
2000.00 2100.00 7.374846874999999e-06 0.0
2100.00 2200.00 5.658669375e-06 0.0
2200.00 2300.00 4.3932337499999995e-06 0.0
2300.00 2400.00 3.4386218750000003e-06 0.0
2400.00 2500.00 2.7617725e-06 0.0
2500.00 2600.00 2.14770125e-06 0.0
2600.00 2700.00 1.7133962500000001e-06 0.0
2700.00 2800.00 1.3319025e-06 0.0
2800.00 2900.00 1.07119125e-06 0.0
2900.00 3000.00 8.617641249999999e-07 0.0
3000.00 3100.00 6.638039374999999e-07 0.0
3100.00 3200.00 5.324920624999999e-07 0.0
3200.00 3300.00 4.51504625e-07 0.0
3300.00 3400.00 3.5948443749999994e-07 0.0
3400.00 3500.00 2.9385368750000004e-07 0.0
3500.00 3600.00 2.22919375e-07 0.0
3600.00 3700.00 1.889400625e-07 0.0
3700.00 3800.00 1.5233506249999998e-07 0.0
3800.00 3900.00 1.2225906250000002e-07 0.0
3900.00 4000.00 9.459626875e-08 0.0
4000.00 4100.00 8.627951250000001e-08 0.0
4100.00 4200.00 6.458328750000001e-08 0.0
4200.00 4300.00 5.4283162500000004e-08 0.0
4300.00 4400.00 4.2379125e-08 0.0
4400.00 4500.00 3.3256225e-08 0.0
4500.00 4600.00 2.8872131250000002e-08 0.0
4600.00 4700.00 2.429236875e-08 0.0
4700.00 4800.00 1.8853681249999996e-08 0.0
4800.00 4900.00 1.6314262500000002e-08 0.0
4900.00 5000.00 1.3101781250000001e-08 0.0
5000.00 5100.00 1.0495621250000001e-08 0.0
5100.00 5200.00 8.88653375e-09 0.0
5200.00 5300.00 6.5657406249999995e-09 0.0
5300.00 5400.00 5.5244006249999994e-09 0.0
5400.00 5500.00 4.523365625e-09 0.0
5500.00 5600.00 3.943456875e-09 0.0
5600.00 5700.00 2.886055625e-09 0.0
5700.00 5800.00 2.24378125e-09 0.0
5800.00 5900.00 1.8560750000000001e-09 0.0
5900.00 6000.00 1.5436149999999997e-09 0.0
6000.00 6100.00 1.37208925e-09 0.0
6100.00 6200.00 1.2080804375e-09 0.0
6200.00 6300.00 8.633211874999999e-10 0.0
6300.00 6400.00 6.587128125e-10 0.0
6400.00 6500.00 5.370341874999999e-10 0.0
6500.00 6600.00 4.3688212500000005e-10 0.0
6600.00 6700.00 3.5246618749999995e-10 0.0
6700.00 6800.00 2.8541418749999994e-10 0.0
6800.00 6900.00 2.1153668749999998e-10 0.0
6900.00 7000.00 2.089099375e-10 0.0
7000.00 7100.00 1.6315843125000003e-10 0.0
7100.00 7200.00 1.334516375e-10 0.0
7200.00 7300.00 9.331471874999999e-11 0.0
7300.00 7400.00 8.331359375000002e-11 0.0
7400.00 7500.00 5.903565625e-11 0.0
7500.00 7600.00 6.143433125e-11 0.0
7600.00 7700.00 4.608933749999999e-11 0.0
7700.00 7800.00 2.8937481250000004e-11 0.0
7800.00 7900.00 2.7968125e-11 0.0
7900.00 8000.00 2.4028012499999997e-11 0.0
8000.00 8100.00 1.405462e-11 0.0
8100.00 8200.00 1.1996831875e-11 0.0
8200.00 8300.00 9.525216875e-12 0.0
8300.00 8400.00 6.6429825e-12 0.0
8400.00 8500.00 5.86757375e-12 0.0
8500.00 8600.00 4.02516e-12 0.0
8600.00 8700.00 3.40866375e-12 0.0
8700.00 8800.00 2.65346875e-12 0.0
8800.00 8900.00 1.8354250000000003e-12 0.0
8900.00 9000.00 1.6815662500000001e-12 0.0
9000.00 9100.00 1.2641035624999997e-12 0.0
9100.00 9200.00 9.076195624999998e-13 0.0
9200.00 9300.00 6.67582875e-13 0.0
9300.00 9400.00 5.128114375e-13 0.0
9400.00 9500.00 4.2927724999999994e-13 0.0
9500.00 9600.00 3.4015631250000003e-13 0.0
9600.00 9700.00 2.372928125e-13 0.0
9700.00 9800.00 2.159208625e-13 0.0
9800.00 9900.00 1.0018775625000002e-13 0.0
9900.00 10000.0 1.4827719375000003e-15 0.0
10000.0 10100.0 0.0 0.0
10100.0 10200.0 0.0 0.0
10200.0 10300.0 0.0 0.0
10300.0 10400.0 0.0 0.0
10400.0 10500.0 0.0 0.0
10500.0 10600.0 0.0 0.0
10600.0 10700.0 0.0 0.0
10700.0 10800.0 0.0 0.0
10800.0 10900.0 0.0 0.0
10900.0 11000.0 0.0 0.0
11000.0 11100.0 0.0 0.0
11100.0 11200.0 0.0 0.0
11200.0 11300.0 0.0 0.0
11300.0 11400.0 0.0 0.0
11400.0 11500.0 0.0 0.0
11500.0 11600.0 0.0 0.0
11600.0 11700.0 0.0 0.0
11700.0 11800.0 0.0 0.0
11800.0 11900.0 0.0 0.0
11900.0 12000.0 0.0 0.0
12000.0 12100.0 0.0 0.0
12100.0 12200.0 0.0 0.0
12200.0 12300.0 0.0 0.0
12300.0 12400.0 0.0 0.0
12400.0 12500.0 0.0 0.0
12500.0 12600.0 0.0 0.0
12600.0 12700.0 0.0 0.0
12700.0 12800.0 0.0 0.0
12800.0 12900.0 0.0 0.0
12900.0 13000.0 0.0 0.0
13000.0 13100.0 0.0 0.0
13100.0 13200.0 0.0 0.0
13200.0 13300.0 0.0 0.0
13300.0 13400.0 0.0 0.0
13400.0 13500.0 0.0 0.0
13500.0 13600.0 0.0 0.0
13600.0 13700.0 0.0 0.0
13700.0 13800.0 0.0 0.0
13800.0 13900.0 0.0 0.0
13900.0 14000.0 0.0 0.0
14000.0 14100.0 0.0 0.0
14100.0 14200.0 0.0 0.0
14200.0 14300.0 0.0 0.0
14300.0 14400.0 0.0 0.0
14400.0 14500.0 0.0 0.0
14500.0 14600.0 0.0 0.0
14600.0 14700.0 0.0 0.0
14700.0 14800.0 0.0 0.0
14800.0 14900.0 0.0 0.0
14900.0 15000.0 0.0 0.0
15000.0 15100.0 0.0 0.0
15100.0 15200.0 0.0 0.0
15200.0 15300.0 0.0 0.0
15300.0 15400.0 0.0 0.0
15400.0 15500.0 0.0 0.0
15500.0 15600.0 0.0 0.0
15600.0 15700.0 0.0 0.0
15700.0 15800.0 0.0 0.0
15800.0 15900.0 0.0 0.0
15900.0 16000.0 0.0 0.0
16000.0 16100.0 0.0 0.0
16100.0 16200.0 0.0 0.0
16200.0 16300.0 0.0 0.0
16300.0 16400.0 0.0 0.0
16400.0 16500.0 0.0 0.0
16500.0 16600.0 0.0 0.0
16600.0 16700.0 0.0 0.0
16700.0 16800.0 0.0 0.0
16800.0 16900.0 0.0 0.0
16900.0 17000.0 0.0 0.0
17000.0 17100.0 0.0 0.0
17100.0 17200.0 0.0 0.0
17200.0 17300.0 0.0 0.0
17300.0 17400.0 0.0 0.0
17400.0 17500.0 0.0 0.0
17500.0 17600.0 0.0 0.0
17600.0 17700.0 0.0 0.0
17700.0 17800.0 0.0 0.0
17800.0 17900.0 0.0 0.0
17900.0 18000.0 0.0 0.0
18000.0 18100.0 0.0 0.0
18100.0 18200.0 0.0 0.0
18200.0 18300.0 0.0 0.0
18300.0 18400.0 0.0 0.0
18400.0 18500.0 0.0 0.0
18500.0 18600.0 0.0 0.0
18600.0 18700.0 0.0 0.0
18700.0 18800.0 0.0 0.0
18800.0 18900.0 0.0 0.0
18900.0 19000.0 0.0 0.0
19000.0 19100.0 0.0 0.0
19100.0 19200.0 0.0 0.0
19200.0 19300.0 0.0 0.0
19300.0 19400.0 0.0 0.0
19400.0 19500.0 0.0 0.0
19500.0 19600.0 0.0 0.0
19600.0 19700.0 0.0 0.0
19700.0 19800.0 0.0 0.0
19800.0 19900.0 0.0 0.0
19900.0 20000.0 0.0 0.0
20000.0 20100.0 0.0 0.0
