 #          45 : dS/dmT(e+mu+) (fb/GeV)
-100.000 0.00000 1.4361242212698064 0.0
0.00000 100.000 1.4361242212698064 0.0
100.000 200.000 1.4141645525198063 0.0
200.000 300.000 1.0039059275198063 0.0
300.000 400.000 0.5063791150198064 0.0
400.000 500.000 0.24870680251980637 0.0
500.000 600.000 0.12705967751980637 0.0
600.000 700.000 0.06806270251980637 0.0
700.000 800.000 0.03805507126980637 0.0
800.000 900.000 0.02206324001980637 0.0
900.000 1000.00 0.013215851269806372 0.0
1000.00 1100.00 0.008131805644806372 0.0
1100.00 1200.00 0.005126463144806371 0.0
1200.00 1300.00 0.003295812519806371 0.0
1300.00 1400.00 0.0021547300198063715 0.0
1400.00 1500.00 0.0014282088323063716 0.0
1500.00 1600.00 0.0009606910198063717 0.0
1600.00 1700.00 0.0006515922698063717 0.0
1700.00 1800.00 0.0004477265198063717 0.0
1800.00 1900.00 0.0003109206448063717 0.0
1900.00 2000.00 0.00021718070105637173 0.0
2000.00 2100.00 0.00015348209480637172 0.0
2100.00 2200.00 0.0001088405635563717 0.0
2200.00 2300.00 7.782717605637171e-05 0.0
2300.00 2400.00 5.6126532306371715e-05 0.0
2400.00 2500.00 4.0346757306371716e-05 0.0
2500.00 2600.00 2.9352882306371714e-05 0.0
2600.00 2700.00 2.1561442306371714e-05 0.0
2700.00 2800.00 1.5619436681371714e-05 0.0
2800.00 2900.00 1.1484219806371713e-05 0.0
2900.00 3000.00 8.473169181371713e-06 0.0
3000.00 3100.00 6.246847931371713e-06 0.0
3100.00 3200.00 4.647968556371713e-06 0.0
3200.00 3300.00 3.4981123063717128e-06 0.0
3300.00 3400.00 2.6311166813717127e-06 0.0
3400.00 3500.00 1.963232181371713e-06 0.0
3500.00 3600.00 1.485436556371713e-06 0.0
3600.00 3700.00 1.1098550563717132e-06 0.0
3700.00 3800.00 8.394338688717133e-07 0.0
3800.00 3900.00 6.457053688717133e-07 0.0
3900.00 4000.00 4.923378063717133e-07 0.0
4000.00 4100.00 3.7220307512171323e-07 0.0
4100.00 4200.00 2.8767474387171324e-07 0.0
4200.00 4300.00 2.1996040637171327e-07 0.0
4300.00 4400.00 1.6349536887171327e-07 0.0
4400.00 4500.00 1.2599398762171328e-07 0.0
4500.00 4600.00 9.833316262171329e-08 0.0
4600.00 4700.00 7.664420012171329e-08 0.0
4700.00 4800.00 5.8493650121713296e-08 0.0
4800.00 4900.00 4.50901344967133e-08 0.0
4900.00 5000.00 3.5374359496713304e-08 0.0
5000.00 5100.00 2.6945863871713305e-08 0.0
5100.00 5200.00 2.0983722621713305e-08 0.0
5200.00 5300.00 1.6314743246713306e-08 0.0
5300.00 5400.00 1.2596878871713308e-08 0.0
5400.00 5500.00 9.770413246713308e-09 0.0
5500.00 5600.00 7.620986371713308e-09 0.0
5600.00 5700.00 5.952272621713308e-09 0.0
5700.00 5800.00 4.604778871713308e-09 0.0
5800.00 5900.00 3.650974746713308e-09 0.0
5900.00 6000.00 2.785074184213308e-09 0.0
6000.00 6100.00 2.169558621713308e-09 0.0
6100.00 6200.00 1.6453693092133077e-09 0.0
6200.00 6300.00 1.2799959342133077e-09 0.0
6300.00 6400.00 9.828193717133076e-10 0.0
6400.00 6500.00 7.926073717133077e-10 0.0
6500.00 6600.00 5.988710592133077e-10 0.0
6600.00 6700.00 4.583217529633077e-10 0.0
6700.00 6800.00 3.5481772171330766e-10 0.0
6800.00 6900.00 2.8032055296330764e-10 0.0
6900.00 7000.00 2.2511784671330768e-10 0.0
7000.00 7100.00 1.8058745921330768e-10 0.0
7100.00 7200.00 1.328143404633077e-10 0.0
7200.00 7300.00 1.0574615296330768e-10 0.0
7300.00 7400.00 8.505073421330768e-11 0.0
7400.00 7500.00 6.598345483830768e-11 0.0
7500.00 7600.00 5.4530134213307686e-11 0.0
7600.00 7700.00 4.5639327963307687e-11 0.0
7700.00 7800.00 3.8234402963307685e-11 0.0
7800.00 7900.00 3.1795611088307685e-11 0.0
7900.00 8000.00 2.6057796713307685e-11 0.0
8000.00 8100.00 1.3528236713307687e-11 0.0
8100.00 8200.00 9.112961088307687e-12 0.0
8200.00 8300.00 7.2189930258076876e-12 0.0
8300.00 8400.00 5.2281089008076875e-12 0.0
8400.00 8500.00 4.1027031508076874e-12 0.0
8500.00 8600.00 2.550881963307688e-12 0.0
8600.00 8700.00 1.9258199633076877e-12 0.0
8700.00 8800.00 1.4453062133076876e-12 0.0
8800.00 8900.00 1.1261105820576876e-12 0.0
8900.00 9000.00 7.906467570576876e-13 0.0
9000.00 9100.00 4.3089139455768743e-13 0.0
9100.00 9200.00 3.137594383076875e-13 0.0
9200.00 9300.00 1.9080401830768749e-13 0.0
9300.00 9400.00 7.87830120576875e-14 0.0
9400.00 9500.00 3.3596085182687496e-14 0.0
9500.00 9600.00 2.2070905245187498e-14 0.0
9600.00 9700.00 7.5889604951875e-15 0.0
9700.00 9800.00 2.4878486826875e-15 0.0
9800.00 9900.00 2.0214173456249996e-16 0.0
9900.00 10000.0 1.9128125e-20 0.0
10000.0 10100.0 0.0 0.0
10100.0 10200.0 0.0 0.0
10200.0 10300.0 0.0 0.0
10300.0 10400.0 0.0 0.0
10400.0 10500.0 0.0 0.0
10500.0 10600.0 0.0 0.0
10600.0 10700.0 0.0 0.0
10700.0 10800.0 0.0 0.0
10800.0 10900.0 0.0 0.0
10900.0 11000.0 0.0 0.0
11000.0 11100.0 0.0 0.0
11100.0 11200.0 0.0 0.0
11200.0 11300.0 0.0 0.0
11300.0 11400.0 0.0 0.0
11400.0 11500.0 0.0 0.0
11500.0 11600.0 0.0 0.0
11600.0 11700.0 0.0 0.0
11700.0 11800.0 0.0 0.0
11800.0 11900.0 0.0 0.0
11900.0 12000.0 0.0 0.0
12000.0 12100.0 0.0 0.0
12100.0 12200.0 0.0 0.0
12200.0 12300.0 0.0 0.0
12300.0 12400.0 0.0 0.0
12400.0 12500.0 0.0 0.0
12500.0 12600.0 0.0 0.0
12600.0 12700.0 0.0 0.0
12700.0 12800.0 0.0 0.0
12800.0 12900.0 0.0 0.0
12900.0 13000.0 0.0 0.0
13000.0 13100.0 0.0 0.0
13100.0 13200.0 0.0 0.0
13200.0 13300.0 0.0 0.0
13300.0 13400.0 0.0 0.0
13400.0 13500.0 0.0 0.0
13500.0 13600.0 0.0 0.0
13600.0 13700.0 0.0 0.0
13700.0 13800.0 0.0 0.0
13800.0 13900.0 0.0 0.0
13900.0 14000.0 0.0 0.0
14000.0 14100.0 0.0 0.0
14100.0 14200.0 0.0 0.0
14200.0 14300.0 0.0 0.0
14300.0 14400.0 0.0 0.0
14400.0 14500.0 0.0 0.0
14500.0 14600.0 0.0 0.0
14600.0 14700.0 0.0 0.0
14700.0 14800.0 0.0 0.0
14800.0 14900.0 0.0 0.0
14900.0 15000.0 0.0 0.0
15000.0 15100.0 0.0 0.0
15100.0 15200.0 0.0 0.0
15200.0 15300.0 0.0 0.0
15300.0 15400.0 0.0 0.0
15400.0 15500.0 0.0 0.0
15500.0 15600.0 0.0 0.0
15600.0 15700.0 0.0 0.0
15700.0 15800.0 0.0 0.0
15800.0 15900.0 0.0 0.0
15900.0 16000.0 0.0 0.0
16000.0 16100.0 0.0 0.0
16100.0 16200.0 0.0 0.0
16200.0 16300.0 0.0 0.0
16300.0 16400.0 0.0 0.0
16400.0 16500.0 0.0 0.0
16500.0 16600.0 0.0 0.0
16600.0 16700.0 0.0 0.0
16700.0 16800.0 0.0 0.0
16800.0 16900.0 0.0 0.0
16900.0 17000.0 0.0 0.0
17000.0 17100.0 0.0 0.0
17100.0 17200.0 0.0 0.0
17200.0 17300.0 0.0 0.0
17300.0 17400.0 0.0 0.0
17400.0 17500.0 0.0 0.0
17500.0 17600.0 0.0 0.0
17600.0 17700.0 0.0 0.0
17700.0 17800.0 0.0 0.0
17800.0 17900.0 0.0 0.0
17900.0 18000.0 0.0 0.0
18000.0 18100.0 0.0 0.0
18100.0 18200.0 0.0 0.0
18200.0 18300.0 0.0 0.0
18300.0 18400.0 0.0 0.0
18400.0 18500.0 0.0 0.0
18500.0 18600.0 0.0 0.0
18600.0 18700.0 0.0 0.0
18700.0 18800.0 0.0 0.0
18800.0 18900.0 0.0 0.0
18900.0 19000.0 0.0 0.0
19000.0 19100.0 0.0 0.0
19100.0 19200.0 0.0 0.0
19200.0 19300.0 0.0 0.0
19300.0 19400.0 0.0 0.0
19400.0 19500.0 0.0 0.0
19500.0 19600.0 0.0 0.0
19600.0 19700.0 0.0 0.0
19700.0 19800.0 0.0 0.0
19800.0 19900.0 0.0 0.0
19900.0 20000.0 0.0 0.0
20000.0 20100.0 0.0 0.0
