 #          61 : dS/dy(j1)  (fb/GeV)
-5.20000 -5.00000 0.0 0.0
-5.00000 -4.80000 0.0 0.0
-4.80000 -4.60000 0.0 0.0
-4.60000 -4.40000 0.0 0.0
-4.40000 -4.20000 0.0 0.0
-4.20000 -4.00000 0.0011535725 0.0
-4.00000 -3.80000 0.05719414375 0.0
-3.80000 -3.60000 0.08959408749999999 0.0
-3.60000 -3.40000 0.1277703125 0.0
-3.40000 -3.20000 0.16987006249999997 0.0
-3.20000 -3.00000 0.21196174999999995 0.0
-3.00000 -2.80000 0.24902200000000002 0.0
-2.80000 -2.60000 0.2774753125 0.0
-2.60000 -2.40000 0.29436868749999995 0.0
-2.40000 -2.20000 0.29869318750000007 0.0
-2.20000 -2.00000 0.291292875 0.0
-2.00000 -1.80000 0.273879875 0.0
-1.80000 -1.60000 0.24904181250000001 0.0
-1.60000 -1.40000 0.2196178125 0.0
-1.40000 -1.20000 0.1880023125 0.0
-1.20000 -1.00000 0.15647793749999997 0.0
-1.00000 -0.800000 0.126866 0.0
-0.800000 -0.600000 0.10134987500000002 0.0
-0.600000 -0.400000 0.08079782499999999 0.0
-0.400000 -0.200000 0.0666327625 0.0
-0.200000 0.00000 0.05923574999999999 0.0
0.00000 0.200000 0.05925830624999999 0.0
0.200000 0.400000 0.06661515625 0.0
0.400000 0.600000 0.0808298875 0.0
0.600000 0.800000 0.101349125 0.0
0.800000 1.00000 0.1269131875 0.0
1.00000 1.20000 0.156388375 0.0
1.20000 1.40000 0.187913 0.0
1.40000 1.60000 0.21959374999999995 0.0
1.60000 1.80000 0.249098625 0.0
1.80000 2.00000 0.2739063749999999 0.0
2.00000 2.20000 0.291229375 0.0
2.20000 2.40000 0.29871475 0.0
2.40000 2.60000 0.29428031250000003 0.0
2.60000 2.80000 0.27747987500000004 0.0
2.80000 3.00000 0.249110375 0.0
3.00000 3.20000 0.21190699999999996 0.0
3.20000 3.40000 0.17004193750000002 0.0
3.40000 3.60000 0.1278206875 0.0
3.60000 3.80000 0.08952725 0.0
3.80000 4.00000 0.05719280625 0.0
4.00000 4.20000 0.0011523893750000002 0.0
4.20000 4.40000 0.0 0.0
4.40000 4.60000 0.0 0.0
4.60000 4.80000 0.0 0.0
4.80000 5.00000 0.0 0.0
5.00000 5.20000 0.0 0.0
