 #          36 : dS/deta(l2)  (fb/GeV)
-5.10000 -5.00000 0.0 0.0
-5.00000 -4.90000 0.0 0.0
-4.90000 -4.80000 0.0 0.0
-4.80000 -4.70000 0.0 0.0
-4.70000 -4.60000 0.0 0.0
-4.60000 -4.50000 0.0 0.0
-4.50000 -4.40000 0.0 0.0
-4.40000 -4.30000 0.0 0.0
-4.30000 -4.20000 0.0 0.0
-4.20000 -4.10000 0.0 0.0
-4.10000 -4.00000 2.09845981875e-07 0.0
-4.00000 -3.90000 0.00013091612500000003 0.0
-3.90000 -3.80000 0.0005292048749999999 0.0
-3.80000 -3.70000 0.001166911875 0.0
-3.70000 -3.60000 0.002218345625 0.0
-3.60000 -3.50000 0.003709635625 0.0
-3.50000 -3.40000 0.005760331875 0.0
-3.40000 -3.30000 0.008618650625 0.0
-3.30000 -3.20000 0.0122570875 0.0
-3.20000 -3.10000 0.016903687500000004 0.0
-3.10000 -3.00000 0.02261148125 0.0
-3.00000 -2.90000 0.029586762500000002 0.0
-2.90000 -2.80000 0.037739650000000007 0.0
-2.80000 -2.70000 0.04720401875 0.0
-2.70000 -2.60000 0.05806959375 0.0
-2.60000 -2.50000 0.07017556875 0.0
-2.50000 -2.40000 0.08375920625 0.0
-2.40000 -2.30000 0.09822675 0.0
-2.30000 -2.20000 0.114022875 0.0
-2.20000 -2.10000 0.13063875000000003 0.0
-2.10000 -2.00000 0.1481279375 0.0
-2.00000 -1.90000 0.166127875 0.0
-1.90000 -1.80000 0.1845494375 0.0
-1.80000 -1.70000 0.2029995 0.0
-1.70000 -1.60000 0.22178343749999999 0.0
-1.60000 -1.50000 0.24051062499999995 0.0
-1.50000 -1.40000 0.2586441875 0.0
-1.40000 -1.30000 0.27625318750000005 0.0
-1.30000 -1.20000 0.29318987499999993 0.0
-1.20000 -1.10000 0.3092435 0.0
-1.10000 -1.00000 0.32460793749999994 0.0
-1.00000 -0.900000 0.3386449375 0.0
-0.900000 -0.800000 0.35168 0.0
-0.800000 -0.700000 0.36331312499999996 0.0
-0.700000 -0.600000 0.3741959999999999 0.0
-0.600000 -0.500000 0.383045125 0.0
-0.500000 -0.400000 0.3907480625 0.0
-0.400000 -0.300000 0.39681025000000003 0.0
-0.300000 -0.200000 0.4014982500000001 0.0
-0.200000 -0.100000 0.404701125 0.0
-0.100000 0.00000 0.4065531875000001 0.0
0.00000 0.100000 0.40619243749999995 0.0
0.100000 0.200000 0.40475506250000004 0.0
0.200000 0.300000 0.40153656250000014 0.0
0.300000 0.400000 0.397077375 0.0
0.400000 0.500000 0.3906206875 0.0
0.500000 0.600000 0.38306375 0.0
0.600000 0.700000 0.3741054375 0.0
0.700000 0.800000 0.36338531249999995 0.0
0.800000 0.900000 0.3518498125 0.0
0.900000 1.00000 0.338850625 0.0
1.00000 1.10000 0.3244670625 0.0
1.10000 1.20000 0.30912806249999997 0.0
1.20000 1.30000 0.2931975625 0.0
1.30000 1.40000 0.27618425 0.0
1.40000 1.50000 0.25863875 0.0
1.50000 1.60000 0.24041949999999995 0.0
1.60000 1.70000 0.22185387500000003 0.0
1.70000 1.80000 0.20283412500000003 0.0
1.80000 1.90000 0.18446875000000004 0.0
1.90000 2.00000 0.1661001875 0.0
2.00000 2.10000 0.1479819375 0.0
2.10000 2.20000 0.13077575 0.0
2.20000 2.30000 0.1141153125 0.0
2.30000 2.40000 0.09830679375 0.0
2.40000 2.50000 0.08376021875 0.0
2.50000 2.60000 0.07029236875000001 0.0
2.60000 2.70000 0.058257856250000004 0.0
2.70000 2.80000 0.04726056249999999 0.0
2.80000 2.90000 0.037731481250000004 0.0
2.90000 3.00000 0.029558812500000003 0.0
3.00000 3.10000 0.022570574999999996 0.0
3.10000 3.20000 0.016959981250000002 0.0
3.20000 3.30000 0.012254281250000002 0.0
3.30000 3.40000 0.008624385 0.0
3.40000 3.50000 0.005800511875 0.0
3.50000 3.60000 0.0036880468749999995 0.0
3.60000 3.70000 0.0021882343749999996 0.0
3.70000 3.80000 0.00116454375 0.0
3.80000 3.90000 0.0005318906875 0.0
3.90000 4.00000 0.00012971574999999999 0.0
4.00000 4.10000 2.0828801874999998e-07 0.0
4.10000 4.20000 0.0 0.0
4.20000 4.30000 0.0 0.0
4.30000 4.40000 0.0 0.0
4.40000 4.50000 0.0 0.0
4.50000 4.60000 0.0 0.0
4.60000 4.70000 0.0 0.0
4.70000 4.80000 0.0 0.0
4.80000 4.90000 0.0 0.0
4.90000 5.00000 0.0 0.0
5.00000 5.10000 0.0 0.0
