 #          46 : dS/dmT(e+mu+) (fb/GeV)
-10.0000 0.00000 1.4361241151018747 0.0
0.00000 10.0000 1.4361241151018747 0.0
10.0000 20.0000 1.4361241151018747 0.0
20.0000 30.0000 1.4361241151018747 0.0
30.0000 40.0000 1.4361182733112496 0.0
40.0000 50.0000 1.4360054484987497 0.0
50.0000 60.0000 1.4355795406237497 0.0
60.0000 70.0000 1.4345767151237496 0.0
70.0000 80.0000 1.4326416676237497 0.0
80.0000 90.0000 1.4292751894987497 0.0
90.0000 100.000 1.4237032588737497 0.0
100.000 110.000 1.4148871488737498 0.0
110.000 120.000 1.4016937238737497 0.0
120.000 130.000 1.3830237051237497 0.0
130.000 140.000 1.3579250113737498 0.0
140.000 150.000 1.3256120363737498 0.0
150.000 160.000 1.2856450926237497 0.0
160.000 170.000 1.2380962801237496 0.0
170.000 180.000 1.1839594113737497 0.0
180.000 190.000 1.1254738363737498 0.0
190.000 200.000 1.0648760801237498 0.0
200.000 210.000 1.0037870613737498 0.0
210.000 220.000 0.9434055363737499 0.0
220.000 230.000 0.8845336863737499 0.0
230.000 240.000 0.8277573176237498 0.0
240.000 250.000 0.7734552176237498 0.0
250.000 260.000 0.7218302113737498 0.0
260.000 270.000 0.6730303051237498 0.0
270.000 280.000 0.6270779176237499 0.0
280.000 290.000 0.5839658113737499 0.0
290.000 300.000 0.5436247113737499 0.0
300.000 310.000 0.5059537176237499 0.0
310.000 320.000 0.47085265512374985 0.0
320.000 330.000 0.4381843988737499 0.0
330.000 340.000 0.4078183988737499 0.0
340.000 350.000 0.3796032613737499 0.0
350.000 360.000 0.3534557988737499 0.0
360.000 370.000 0.3291554801237499 0.0
370.000 380.000 0.3066453988737499 0.0
380.000 390.000 0.28578009887374994 0.0
390.000 400.000 0.26642405512374995 0.0
400.000 410.000 0.24848609262374996 0.0
410.000 420.000 0.23186618637374995 0.0
420.000 430.000 0.21645653637374995 0.0
430.000 440.000 0.20216344262374997 0.0
440.000 450.000 0.18888818012374997 0.0
450.000 460.000 0.17658820512374998 0.0
460.000 470.000 0.16514764262374998 0.0
470.000 480.000 0.15452009262374997 0.0
480.000 490.000 0.14465493887374997 0.0
490.000 500.000 0.13549333137374997 0.0
500.000 510.000 0.12696063074874997 0.0
510.000 520.000 0.11902314449874998 0.0
520.000 530.000 0.11163666512374998 0.0
530.000 540.000 0.10476442387374998 0.0
540.000 550.000 0.09834832074874998 0.0
550.000 560.000 0.09238266324874998 0.0
560.000 570.000 0.08681364324874999 0.0
570.000 580.000 0.08162248699875 0.0
580.000 590.000 0.07677114512375 0.0
590.000 600.000 0.07224715324875 0.0
600.000 610.000 0.06801605074875 0.0
610.000 620.000 0.06405947512375 0.0
620.000 630.000 0.060354433248750006 0.0
630.000 640.000 0.05688880637375 0.0
640.000 650.000 0.05364778824875 0.0
650.000 660.000 0.05061037449875 0.0
660.000 670.000 0.04776092012375 0.0
670.000 680.000 0.045089086373750004 0.0
680.000 690.000 0.042585910748750004 0.0
690.000 700.000 0.04023895637375 0.0
700.000 710.000 0.03803246324875 0.0
710.000 720.000 0.03596080949875 0.0
720.000 730.000 0.03401039387375 0.0
730.000 740.000 0.032173038873750004 0.0
740.000 750.000 0.03045485262375 0.0
750.000 760.000 0.02883548887375 0.0
760.000 770.000 0.02731104262375 0.0
770.000 780.000 0.025876094498750002 0.0
780.000 790.000 0.024523522623750002 0.0
790.000 800.000 0.023251034498750003 0.0
800.000 810.000 0.022053961373750004 0.0
810.000 820.000 0.020920120123750004 0.0
820.000 830.000 0.019853788873750004 0.0
830.000 840.000 0.018852051061250003 0.0
840.000 850.000 0.017898375936250002 0.0
850.000 860.000 0.017001782498750003 0.0
860.000 870.000 0.016153609248750003 0.0
870.000 880.000 0.015355486873750001 0.0
880.000 890.000 0.01459716462375 0.0
890.000 900.000 0.01388364412375 0.0
900.000 910.000 0.01320994524875 0.0
910.000 920.000 0.012571697936250001 0.0
920.000 930.000 0.011964574436250002 0.0
930.000 940.000 0.011389708561250001 0.0
940.000 950.000 0.010844612873750001 0.0
950.000 960.000 0.01032793018625 0.0
960.000 970.000 0.009839136561250001 0.0
970.000 980.000 0.009377831436250001 0.0
980.000 990.000 0.008938869936250001 0.0
990.000 1000.00 0.008523833811250001 0.0
1000.00 1010.00 0.00812822849875 0.0
1010.00 1020.00 0.00775306443625 0.0
1020.00 1030.00 0.00739689574875 0.0
1030.00 1040.00 0.00705726056125 0.0
1040.00 1050.00 0.00673630574875 0.0
1050.00 1060.00 0.0064351138112500005 0.0
1060.00 1070.00 0.00614605768625 0.0
1070.00 1080.00 0.0058726770612500005 0.0
1080.00 1090.00 0.005611142623750001 0.0
1090.00 1100.00 0.005361145748750001 0.0
1100.00 1110.00 0.005124098748750001 0.0
1110.00 1120.00 0.004900106436250001 0.0
1120.00 1130.00 0.004684179436250001 0.0
1130.00 1140.00 0.004478441561250001 0.0
1140.00 1150.00 0.004284094373750001 0.0
1150.00 1160.00 0.004097405498750001 0.0
1160.00 1170.00 0.003921198873750001 0.0
1170.00 1180.00 0.003752405248750001 0.0
1180.00 1190.00 0.003592385436250001 0.0
1190.00 1200.00 0.003440325123750001 0.0
1200.00 1210.00 0.0032946848737500007 0.0
1210.00 1220.00 0.0031551874987500008 0.0
1220.00 1230.00 0.0030234361862500007 0.0
1230.00 1240.00 0.0028970731237500007 0.0
1240.00 1250.00 0.0027766194987500006 0.0
1250.00 1260.00 0.0026605804987500006 0.0
1260.00 1270.00 0.0025493911862500005 0.0
1270.00 1280.00 0.0024436085112500006 0.0
1280.00 1290.00 0.0023417569612500006 0.0
1290.00 1300.00 0.0022455337175000005 0.0
1300.00 1310.00 0.0021537500862500005 0.0
1310.00 1320.00 0.0020660696612500003 0.0
1320.00 1330.00 0.00198241378625 0.0
1330.00 1340.00 0.0018995349925000002 0.0
1340.00 1350.00 0.00182327469875 0.0
1350.00 1360.00 0.0017501702675000001 0.0
1360.00 1370.00 0.0016806355362500001 0.0
1370.00 1380.00 0.0016124916675000001 0.0
1380.00 1390.00 0.001548599005 0.0
1390.00 1400.00 0.00148654494875 0.0
1400.00 1410.00 0.0014275177925 0.0
1410.00 1420.00 0.00137147628625 0.0
1420.00 1430.00 0.0013178302675 0.0
1430.00 1440.00 0.0012666976925 0.0
1440.00 1450.00 0.00121672958 0.0
1450.00 1460.00 0.0011694064175 0.0
1460.00 1470.00 0.0011241560925000001 0.0
1470.00 1480.00 0.0010805172800000002 0.0
1480.00 1490.00 0.0010391684612500003 0.0
1490.00 1500.00 0.0009992068300000002 0.0
1500.00 1510.00 0.0009604253925000002 0.0
1510.00 1520.00 0.0009233743550000001 0.0
1520.00 1530.00 0.0008879230425000001 0.0
1530.00 1540.00 0.0008540308675000002 0.0
1540.00 1550.00 0.0008208173050000002 0.0
1550.00 1560.00 0.0007894859112500002 0.0
1560.00 1570.00 0.0007592164050000002 0.0
1570.00 1580.00 0.0007304119487500001 0.0
1580.00 1590.00 0.0007028222362500001 0.0
1590.00 1600.00 0.0006768932925000002 0.0
1600.00 1610.00 0.0006514408800000002 0.0
1610.00 1620.00 0.0006266697987500001 0.0
1620.00 1630.00 0.0006037253675000001 0.0
1630.00 1640.00 0.0005809079925000001 0.0
1640.00 1650.00 0.0005595177175000001 0.0
1650.00 1660.00 0.0005390177925000001 0.0
1660.00 1670.00 0.0005194992550000002 0.0
1670.00 1680.00 0.0005005248737500001 0.0
1680.00 1690.00 0.0004817936862500001 0.0
1690.00 1700.00 0.0004642226737500001 0.0
1700.00 1710.00 0.0004476739612500001 0.0
1710.00 1720.00 0.0004314587925000001 0.0
1720.00 1730.00 0.0004156647675000001 0.0
1730.00 1740.00 0.00040051329875000007 0.0
1740.00 1750.00 0.00038626722375000006 0.0
1750.00 1760.00 0.00037234518625000007 0.0
1760.00 1770.00 0.0003590972800000001 0.0
1770.00 1780.00 0.00034639430500000006 0.0
1780.00 1790.00 0.00033398017375000006 0.0
1790.00 1800.00 0.00032217866125000007 0.0
1800.00 1810.00 0.0003107981675000001 0.0
1810.00 1820.00 0.00029997432375000006 0.0
1820.00 1830.00 0.00028922202687500006 0.0
1830.00 1840.00 0.00027895338187500007 0.0
1840.00 1850.00 0.00026868524437500006 0.0
1850.00 1860.00 0.00025914857500000004 0.0
1860.00 1870.00 0.00024999659875000004 0.0
1870.00 1880.00 0.00024125859375000004 0.0
1880.00 1890.00 0.00023310538875000004 0.0
1890.00 1900.00 0.00022490056375000004 0.0
1900.00 1910.00 0.00021712735062500005 0.0
1910.00 1920.00 0.00020975604250000004 0.0
1920.00 1930.00 0.00020240342062500003 0.0
1930.00 1940.00 0.00019549569312500003 0.0
1940.00 1950.00 0.00018882140500000002 0.0
1950.00 1960.00 0.00018229307125000002 0.0
1960.00 1970.00 0.00017608335875000003 0.0
1970.00 1980.00 0.00016995576000000003 0.0
1980.00 1990.00 0.00016437911125000002 0.0
1990.00 2000.00 0.000158870479375 0.0
2000.00 2010.00 0.00015338225 0.0
