 #          35 : dS/deta(l1)  (fb/GeV)
-5.10000 -5.00000 0.0 0.0
-5.00000 -4.90000 0.0 0.0
-4.90000 -4.80000 0.0 0.0
-4.80000 -4.70000 0.0 0.0
-4.70000 -4.60000 0.0 0.0
-4.60000 -4.50000 0.0 0.0
-4.50000 -4.40000 0.0 0.0
-4.40000 -4.30000 0.0 0.0
-4.30000 -4.20000 0.0 0.0
-4.20000 -4.10000 0.0 0.0
-4.10000 -4.00000 5.2442900062499997e-08 0.0
-4.00000 -3.90000 5.752814375e-05 0.0
-3.90000 -3.80000 0.00023600425000000003 0.0
-3.80000 -3.70000 0.0005567151875 0.0
-3.70000 -3.60000 0.00112101375 0.0
-3.60000 -3.50000 0.0019650693749999996 0.0
-3.50000 -3.40000 0.00323524125 0.0
-3.40000 -3.30000 0.005066815 0.0
-3.30000 -3.20000 0.007557683125000002 0.0
-3.20000 -3.10000 0.010804531250000003 0.0
-3.10000 -3.00000 0.015027612500000002 0.0
-3.00000 -2.90000 0.0203009875 0.0
-2.90000 -2.80000 0.026953937499999997 0.0
-2.80000 -2.70000 0.0348471125 0.0
-2.70000 -2.60000 0.04422406875 0.0
-2.60000 -2.50000 0.05495430625 0.0
-2.50000 -2.40000 0.0672661875 0.0
-2.40000 -2.30000 0.08085080625 0.0
-2.30000 -2.20000 0.09606679374999998 0.0
-2.20000 -2.10000 0.11265487499999999 0.0
-2.10000 -2.00000 0.1303755 0.0
-2.00000 -1.90000 0.1490355625 0.0
-1.90000 -1.80000 0.16884981250000003 0.0
-1.80000 -1.70000 0.18927081250000002 0.0
-1.70000 -1.60000 0.2098466875 0.0
-1.60000 -1.50000 0.23094224999999996 0.0
-1.50000 -1.40000 0.2521191875 0.0
-1.40000 -1.30000 0.27289262500000006 0.0
-1.30000 -1.20000 0.29336806249999997 0.0
-1.20000 -1.10000 0.31297800000000003 0.0
-1.10000 -1.00000 0.332369875 0.0
-1.00000 -0.900000 0.35010874999999997 0.0
-0.900000 -0.800000 0.3668560625 0.0
-0.800000 -0.700000 0.38195299999999993 0.0
-0.700000 -0.600000 0.39555193749999995 0.0
-0.600000 -0.500000 0.40769881250000006 0.0
-0.500000 -0.400000 0.4176850625000001 0.0
-0.400000 -0.300000 0.42622225 0.0
-0.300000 -0.200000 0.43257393749999995 0.0
-0.200000 -0.100000 0.43665262500000007 0.0
-0.100000 0.00000 0.4390671875 0.0
0.00000 0.100000 0.43895618750000004 0.0
0.100000 0.200000 0.4365776875 0.0
0.200000 0.300000 0.432380625 0.0
0.300000 0.400000 0.42618081249999995 0.0
0.400000 0.500000 0.4178001875000001 0.0
0.500000 0.600000 0.40747712500000005 0.0
0.600000 0.700000 0.39568400000000004 0.0
0.700000 0.800000 0.38222537500000003 0.0
0.800000 0.900000 0.36662225000000004 0.0
0.900000 1.00000 0.35025981250000005 0.0
1.00000 1.10000 0.332124125 0.0
1.10000 1.20000 0.31339093749999997 0.0
1.20000 1.30000 0.2933475 0.0
1.30000 1.40000 0.273115125 0.0
1.40000 1.50000 0.2520430625 0.0
1.50000 1.60000 0.2311595 0.0
1.60000 1.70000 0.209999625 0.0
1.70000 1.80000 0.189161 0.0
1.80000 1.90000 0.16887299999999997 0.0
1.90000 2.00000 0.14923475 0.0
2.00000 2.10000 0.1303464375 0.0
2.10000 2.20000 0.11267424999999999 0.0
2.20000 2.30000 0.09613725000000001 0.0
2.30000 2.40000 0.0810026875 0.0
2.40000 2.50000 0.0672435875 0.0
2.50000 2.60000 0.055057356249999995 0.0
2.60000 2.70000 0.044198275 0.0
2.70000 2.80000 0.03482833125 0.0
2.80000 2.90000 0.026913018750000007 0.0
2.90000 3.00000 0.020391325000000002 0.0
3.00000 3.10000 0.015070087499999999 0.0
3.10000 3.20000 0.010761881249999999 0.0
3.20000 3.30000 0.007539392500000001 0.0
3.30000 3.40000 0.005071643749999999 0.0
3.40000 3.50000 0.003261299375 0.0
3.50000 3.60000 0.001983044375 0.0
3.60000 3.70000 0.001119430625 0.0
3.70000 3.80000 0.000573437 0.0
3.80000 3.90000 0.00023385231250000002 0.0
3.90000 4.00000 5.5087518750000004e-05 0.0
4.00000 4.10000 6.775141000000001e-08 0.0
4.10000 4.20000 0.0 0.0
4.20000 4.30000 0.0 0.0
4.30000 4.40000 0.0 0.0
4.40000 4.50000 0.0 0.0
4.50000 4.60000 0.0 0.0
4.60000 4.70000 0.0 0.0
4.70000 4.80000 0.0 0.0
4.80000 4.90000 0.0 0.0
4.90000 5.00000 0.0 0.0
5.00000 5.10000 0.0 0.0
