 #          31 : dS/deta(e+)  (fb/GeV)
-5.10000 -5.00000 0.0 0.0
-5.00000 -4.90000 0.0 0.0
-4.90000 -4.80000 0.0 0.0
-4.80000 -4.70000 0.0 0.0
-4.70000 -4.60000 0.0 0.0
-4.60000 -4.50000 0.0 0.0
-4.50000 -4.40000 0.0 0.0
-4.40000 -4.30000 0.0 0.0
-4.30000 -4.20000 0.0 0.0
-4.20000 -4.10000 0.0 0.0
-4.10000 -4.00000 1.378796125e-07 0.0
-4.00000 -3.90000 9.716121875000001e-05 0.0
-3.90000 -3.80000 0.00037598381250000004 0.0
-3.80000 -3.70000 0.0008577244999999999 0.0
-3.70000 -3.60000 0.0016726724999999998 0.0
-3.60000 -3.50000 0.0028380956250000007 0.0
-3.50000 -3.40000 0.00448390375 0.0
-3.40000 -3.30000 0.006819008125 0.0
-3.30000 -3.20000 0.009896804375 0.0
-3.20000 -3.10000 0.013852531250000001 0.0
-3.10000 -3.00000 0.018822537500000004 0.0
-3.00000 -2.90000 0.024982431250000006 0.0
-2.90000 -2.80000 0.0323775875 0.0
-2.80000 -2.70000 0.04107698125 0.0
-2.70000 -2.60000 0.05115108749999999 0.0
-2.60000 -2.50000 0.06256096250000001 0.0
-2.50000 -2.40000 0.07552093125 0.0
-2.40000 -2.30000 0.08947517499999999 0.0
-2.30000 -2.20000 0.10502781250000001 0.0
-2.20000 -2.10000 0.1216795625 0.0
-2.10000 -2.00000 0.1392084375 0.0
-2.00000 -1.90000 0.157614375 0.0
-1.90000 -1.80000 0.1767891875 0.0
-1.80000 -1.70000 0.19613718750000003 0.0
-1.70000 -1.60000 0.21580593750000002 0.0
-1.60000 -1.50000 0.23584843749999998 0.0
-1.50000 -1.40000 0.25541762500000004 0.0
-1.40000 -1.30000 0.27460887500000003 0.0
-1.30000 -1.20000 0.2932494375 0.0
-1.20000 -1.10000 0.31122206249999995 0.0
-1.10000 -1.00000 0.3283999375 0.0
-1.00000 -0.900000 0.3444685624999999 0.0
-0.900000 -0.800000 0.35930993749999995 0.0
-0.800000 -0.700000 0.372694125 0.0
-0.700000 -0.600000 0.3848800625 0.0
-0.600000 -0.500000 0.39555175000000004 0.0
-0.500000 -0.400000 0.404261875 0.0
-0.400000 -0.300000 0.4115474375 0.0
-0.300000 -0.200000 0.4170004375 0.0
-0.200000 -0.100000 0.420729375 0.0
-0.100000 0.00000 0.4227361875000001 0.0
0.00000 0.100000 0.4225355625 0.0
0.100000 0.200000 0.42063149999999994 0.0
0.200000 0.300000 0.417035375 0.0
0.300000 0.400000 0.41164862500000005 0.0
0.400000 0.500000 0.4040580624999999 0.0
0.500000 0.600000 0.3953125625 0.0
0.600000 0.700000 0.38479018749999994 0.0
0.700000 0.800000 0.3727973125 0.0
0.800000 0.900000 0.3591941875 0.0
0.900000 1.00000 0.34458431250000005 0.0
1.00000 1.10000 0.32825187499999997 0.0
1.10000 1.20000 0.3112319375 0.0
1.20000 1.30000 0.29315075 0.0
1.30000 1.40000 0.27458737499999997 0.0
1.40000 1.50000 0.25535756249999997 0.0
1.50000 1.60000 0.235758625 0.0
1.60000 1.70000 0.21583843749999998 0.0
1.70000 1.80000 0.19600931249999995 0.0
1.80000 1.90000 0.17662525 0.0
1.90000 2.00000 0.1576306875 0.0
2.00000 2.10000 0.13919712499999998 0.0
2.10000 2.20000 0.12171718750000002 0.0
2.20000 2.30000 0.10507193749999999 0.0
2.30000 2.40000 0.08960258125000001 0.0
2.40000 2.50000 0.07546054999999999 0.0
2.50000 2.60000 0.06266248125 0.0
2.60000 2.70000 0.05128167499999999 0.0
2.70000 2.80000 0.0410127 0.0
2.80000 2.90000 0.03233995 0.0
2.90000 3.00000 0.025012118750000003 0.0
3.00000 3.10000 0.01885046875 0.0
3.10000 3.20000 0.0138364625 0.0
3.20000 3.30000 0.009912994375 0.0
3.30000 3.40000 0.006853608125000001 0.0
3.40000 3.50000 0.004539544375 0.0
3.50000 3.60000 0.002804983125 0.0
3.60000 3.70000 0.00164767 0.0
3.70000 3.80000 0.0008753036875 0.0
3.80000 3.90000 0.000387506125 0.0
3.90000 4.00000 9.376884375e-05 0.0
4.00000 4.10000 1.3732496874999999e-07 0.0
4.10000 4.20000 0.0 0.0
4.20000 4.30000 0.0 0.0
4.30000 4.40000 0.0 0.0
4.40000 4.50000 0.0 0.0
4.50000 4.60000 0.0 0.0
4.60000 4.70000 0.0 0.0
4.70000 4.80000 0.0 0.0
4.80000 4.90000 0.0 0.0
4.90000 5.00000 0.0 0.0
5.00000 5.10000 0.0 0.0
