 #          45 : dS/dmT(e+mu+) (fb/GeV)
-100.000 0.00000 0.0 0.0
0.00000 100.000 0.0002195966875 0.0
100.000 200.000 0.00410258625 0.0
200.000 300.000 0.004975268125 0.0
300.000 400.000 0.002576723125 0.0
400.000 500.000 0.00121647125 0.0
500.000 600.000 0.00058996975 0.0
600.000 700.000 0.0003000763125 0.0
700.000 800.000 0.0001599183125 0.0
800.000 900.000 8.84738875e-05 0.0
900.000 1000.00 5.0840456249999994e-05 0.0
1000.00 1100.00 3.0053425000000008e-05 0.0
1100.00 1200.00 1.830650625e-05 0.0
1200.00 1300.00 1.1410824999999998e-05 0.0
1300.00 1400.00 7.2652118749999995e-06 0.0
1400.00 1500.00 4.675178125e-06 0.0
1500.00 1600.00 3.0909875000000005e-06 0.0
1600.00 1700.00 2.0386575e-06 0.0
1700.00 1800.00 1.3680587499999997e-06 0.0
1800.00 1900.00 9.373994374999999e-07 0.0
1900.00 2000.00 6.369860625e-07 0.0
2000.00 2100.00 4.464153125e-07 0.0
2100.00 2200.00 3.10133875e-07 0.0
2200.00 2300.00 2.1700643749999998e-07 0.0
2300.00 2400.00 1.5779775e-07 0.0
2400.00 2500.00 1.0993875e-07 0.0
2500.00 2600.00 7.79144e-08 0.0
2600.00 2700.00 5.942005625e-08 0.0
2700.00 2800.00 4.135216875e-08 0.0
2800.00 2900.00 3.011050625e-08 0.0
2900.00 3000.00 2.2263212500000002e-08 0.0
3000.00 3100.00 1.598879375e-08 0.0
3100.00 3200.00 1.14985625e-08 0.0
3200.00 3300.00 8.66995625e-09 0.0
3300.00 3400.00 6.678844999999999e-09 0.0
3400.00 3500.00 4.77795625e-09 0.0
3500.00 3600.00 3.755815e-09 0.0
3600.00 3700.00 2.704211875e-09 0.0
3700.00 3800.00 1.937285e-09 0.0
3800.00 3900.00 1.5336756249999999e-09 0.0
3900.00 4000.00 1.2013473125e-09 0.0
4000.00 4100.00 8.452833124999999e-10 0.0
4100.00 4200.00 6.771433749999999e-10 0.0
4200.00 4300.00 5.646503750000001e-10 0.0
4300.00 4400.00 3.750138125e-10 0.0
4400.00 4500.00 2.7660825e-10 0.0
4500.00 4600.00 2.1688962500000002e-10 0.0
4600.00 4700.00 1.8150550000000001e-10 0.0
4700.00 4800.00 1.3403515625e-10 0.0
4800.00 4900.00 9.715774999999998e-11 0.0
4900.00 5000.00 8.428495624999998e-11 0.0
5000.00 5100.00 5.96214125e-11 0.0
5100.00 5200.00 4.6689793749999995e-11 0.0
5200.00 5300.00 3.717864375e-11 0.0
5300.00 5400.00 2.826465625e-11 0.0
5400.00 5500.00 2.149426875e-11 0.0
5500.00 5600.00 1.6687137499999998e-11 0.0
5600.00 5700.00 1.3474937500000002e-11 0.0
5700.00 5800.00 9.53804125e-12 0.0
5800.00 5900.00 8.659005625000001e-12 0.0
5900.00 6000.00 6.155155624999999e-12 0.0
6000.00 6100.00 5.241893125e-12 0.0
6100.00 6200.00 3.65373375e-12 0.0
6200.00 6300.00 2.9717656250000003e-12 0.0
6300.00 6400.00 1.90212e-12 0.0
6400.00 6500.00 1.937363125e-12 0.0
6500.00 6600.00 1.4054930624999999e-12 0.0
6600.00 6700.00 1.0350403125000002e-12 0.0
6700.00 6800.00 7.449716875e-13 0.0
6800.00 6900.00 5.520270624999998e-13 0.0
6900.00 7000.00 4.45303875e-13 0.0
7000.00 7100.00 4.777311875e-13 0.0
7100.00 7200.00 2.7068187500000004e-13 0.0
7200.00 7300.00 2.0695418750000004e-13 0.0
7300.00 7400.00 1.9067279375000003e-13 0.0
7400.00 7500.00 1.1453320625e-13 0.0
7500.00 7600.00 8.890806250000001e-14 0.0
7600.00 7700.00 7.404924999999999e-14 0.0
7700.00 7800.00 6.438791875e-14 0.0
7800.00 7900.00 5.737814375e-14 0.0
7900.00 8000.00 1.252956e-13 0.0
8000.00 8100.00 4.415275625e-14 0.0
8100.00 8200.00 1.8939680624999996e-14 0.0
8200.00 8300.00 1.990884125e-14 0.0
8300.00 8400.00 1.1254057500000001e-14 0.0
8400.00 8500.00 1.5518211875e-14 0.0
8500.00 8600.00 6.250619999999999e-15 0.0
8600.00 8700.00 4.8051374999999995e-15 0.0
8700.00 8800.00 3.1919563125e-15 0.0
8800.00 8900.00 3.35463825e-15 0.0
8900.00 9000.00 3.597553625000001e-15 0.0
9000.00 9100.00 1.1713195624999998e-15 0.0
9100.00 9200.00 1.2295542e-15 0.0
9200.00 9300.00 1.1202100625e-15 0.0
9300.00 9400.00 4.5186926875e-16 0.0
9400.00 9500.00 1.15251799375e-16 0.0
9500.00 9600.00 1.4481944749999998e-16 0.0
9600.00 9700.00 5.1011118125000004e-17 0.0
9700.00 9800.00 2.285706948125e-17 0.0
9800.00 9900.00 2.0212260643749997e-18 0.0
9900.00 10000.0 1.9128125e-22 0.0
10000.0 10100.0 0.0 0.0
10100.0 10200.0 0.0 0.0
10200.0 10300.0 0.0 0.0
10300.0 10400.0 0.0 0.0
10400.0 10500.0 0.0 0.0
10500.0 10600.0 0.0 0.0
10600.0 10700.0 0.0 0.0
10700.0 10800.0 0.0 0.0
10800.0 10900.0 0.0 0.0
10900.0 11000.0 0.0 0.0
11000.0 11100.0 0.0 0.0
11100.0 11200.0 0.0 0.0
11200.0 11300.0 0.0 0.0
11300.0 11400.0 0.0 0.0
11400.0 11500.0 0.0 0.0
11500.0 11600.0 0.0 0.0
11600.0 11700.0 0.0 0.0
11700.0 11800.0 0.0 0.0
11800.0 11900.0 0.0 0.0
11900.0 12000.0 0.0 0.0
12000.0 12100.0 0.0 0.0
12100.0 12200.0 0.0 0.0
12200.0 12300.0 0.0 0.0
12300.0 12400.0 0.0 0.0
12400.0 12500.0 0.0 0.0
12500.0 12600.0 0.0 0.0
12600.0 12700.0 0.0 0.0
12700.0 12800.0 0.0 0.0
12800.0 12900.0 0.0 0.0
12900.0 13000.0 0.0 0.0
13000.0 13100.0 0.0 0.0
13100.0 13200.0 0.0 0.0
13200.0 13300.0 0.0 0.0
13300.0 13400.0 0.0 0.0
13400.0 13500.0 0.0 0.0
13500.0 13600.0 0.0 0.0
13600.0 13700.0 0.0 0.0
13700.0 13800.0 0.0 0.0
13800.0 13900.0 0.0 0.0
13900.0 14000.0 0.0 0.0
14000.0 14100.0 0.0 0.0
14100.0 14200.0 0.0 0.0
14200.0 14300.0 0.0 0.0
14300.0 14400.0 0.0 0.0
14400.0 14500.0 0.0 0.0
14500.0 14600.0 0.0 0.0
14600.0 14700.0 0.0 0.0
14700.0 14800.0 0.0 0.0
14800.0 14900.0 0.0 0.0
14900.0 15000.0 0.0 0.0
15000.0 15100.0 0.0 0.0
15100.0 15200.0 0.0 0.0
15200.0 15300.0 0.0 0.0
15300.0 15400.0 0.0 0.0
15400.0 15500.0 0.0 0.0
15500.0 15600.0 0.0 0.0
15600.0 15700.0 0.0 0.0
15700.0 15800.0 0.0 0.0
15800.0 15900.0 0.0 0.0
15900.0 16000.0 0.0 0.0
16000.0 16100.0 0.0 0.0
16100.0 16200.0 0.0 0.0
16200.0 16300.0 0.0 0.0
16300.0 16400.0 0.0 0.0
16400.0 16500.0 0.0 0.0
16500.0 16600.0 0.0 0.0
16600.0 16700.0 0.0 0.0
16700.0 16800.0 0.0 0.0
16800.0 16900.0 0.0 0.0
16900.0 17000.0 0.0 0.0
17000.0 17100.0 0.0 0.0
17100.0 17200.0 0.0 0.0
17200.0 17300.0 0.0 0.0
17300.0 17400.0 0.0 0.0
17400.0 17500.0 0.0 0.0
17500.0 17600.0 0.0 0.0
17600.0 17700.0 0.0 0.0
17700.0 17800.0 0.0 0.0
17800.0 17900.0 0.0 0.0
17900.0 18000.0 0.0 0.0
18000.0 18100.0 0.0 0.0
18100.0 18200.0 0.0 0.0
18200.0 18300.0 0.0 0.0
18300.0 18400.0 0.0 0.0
18400.0 18500.0 0.0 0.0
18500.0 18600.0 0.0 0.0
18600.0 18700.0 0.0 0.0
18700.0 18800.0 0.0 0.0
18800.0 18900.0 0.0 0.0
18900.0 19000.0 0.0 0.0
19000.0 19100.0 0.0 0.0
19100.0 19200.0 0.0 0.0
19200.0 19300.0 0.0 0.0
19300.0 19400.0 0.0 0.0
19400.0 19500.0 0.0 0.0
19500.0 19600.0 0.0 0.0
19600.0 19700.0 0.0 0.0
19700.0 19800.0 0.0 0.0
19800.0 19900.0 0.0 0.0
19900.0 20000.0 0.0 0.0
20000.0 20100.0 0.0 0.0
