 #          33 : dS/deta(mu+) (fb/GeV)
-5.10000 -5.00000 0.0 0.0
-5.00000 -4.90000 0.0 0.0
-4.90000 -4.80000 0.0 0.0
-4.80000 -4.70000 0.0 0.0
-4.70000 -4.60000 0.0 0.0
-4.60000 -4.50000 0.0 0.0
-4.50000 -4.40000 0.0 0.0
-4.40000 -4.30000 0.0 0.0
-4.30000 -4.20000 0.0 0.0
-4.20000 -4.10000 0.0 0.0
-4.10000 -4.00000 1.2440926e-07 0.0
-4.00000 -3.90000 9.128304375e-05 0.0
-3.90000 -3.80000 0.0003892255 0.0
-3.80000 -3.70000 0.0008659023749999999 0.0
-3.70000 -3.60000 0.0016666856249999997 0.0
-3.60000 -3.50000 0.002836611875 0.0
-3.50000 -3.40000 0.004511670000000001 0.0
-3.40000 -3.30000 0.00686645625 0.0
-3.30000 -3.20000 0.009917973125 0.0
-3.20000 -3.10000 0.013855674999999998 0.0
-3.10000 -3.00000 0.018816587500000002 0.0
-3.00000 -2.90000 0.02490531875 0.0
-2.90000 -2.80000 0.032316000000000004 0.0
-2.80000 -2.70000 0.04097413125000001 0.0
-2.70000 -2.60000 0.0511425875 0.0
-2.60000 -2.50000 0.06256889375000001 0.0
-2.50000 -2.40000 0.07550442499999999 0.0
-2.40000 -2.30000 0.08960236875000002 0.0
-2.30000 -2.20000 0.1050620625 0.0
-2.20000 -2.10000 0.12161431249999999 0.0
-2.10000 -2.00000 0.13929518750000003 0.0
-2.00000 -1.90000 0.15754900000000002 0.0
-1.90000 -1.80000 0.1766098125 0.0
-1.80000 -1.70000 0.196133 0.0
-1.70000 -1.60000 0.21582406249999994 0.0
-1.60000 -1.50000 0.2356044375 0.0
-1.50000 -1.40000 0.255345875 0.0
-1.40000 -1.30000 0.27453687500000007 0.0
-1.30000 -1.20000 0.29330875000000006 0.0
-1.20000 -1.10000 0.31099974999999996 0.0
-1.10000 -1.00000 0.32857781249999995 0.0
-1.00000 -0.900000 0.3442851875 0.0
-0.900000 -0.800000 0.3592260625 0.0
-0.800000 -0.700000 0.37257218750000004 0.0
-0.700000 -0.600000 0.38486806249999994 0.0
-0.600000 -0.500000 0.3951923125000001 0.0
-0.500000 -0.400000 0.40417125000000004 0.0
-0.400000 -0.300000 0.41148506249999994 0.0
-0.300000 -0.200000 0.41707193750000005 0.0
-0.200000 -0.100000 0.42062431250000004 0.0
-0.100000 0.00000 0.42288425 0.0
0.00000 0.100000 0.42261331249999995 0.0
0.100000 0.200000 0.42070150000000006 0.0
0.200000 0.300000 0.4168819374999999 0.0
0.300000 0.400000 0.4116096875000001 0.0
0.400000 0.500000 0.4043629375 0.0
0.500000 0.600000 0.3952281875 0.0
0.600000 0.700000 0.3849993125 0.0
0.700000 0.800000 0.37281343749999996 0.0
0.800000 0.900000 0.359278 0.0
0.900000 1.00000 0.34452637499999994 0.0
1.00000 1.10000 0.328339125 0.0
1.10000 1.20000 0.3112868750000001 0.0
1.20000 1.30000 0.29339431250000003 0.0
1.30000 1.40000 0.274712125 0.0
1.40000 1.50000 0.25532431250000004 0.0
1.50000 1.60000 0.23582025 0.0
1.60000 1.70000 0.2160150625 0.0
1.70000 1.80000 0.19598587500000003 0.0
1.80000 1.90000 0.1767165 0.0
1.90000 2.00000 0.157704 0.0
2.00000 2.10000 0.1391313125 0.0
2.10000 2.20000 0.12173306249999999 0.0
2.20000 2.30000 0.10518068749999998 0.0
2.30000 2.40000 0.08970689374999999 0.0
2.40000 2.50000 0.0755432625 0.0
2.50000 2.60000 0.0626872375 0.0
2.60000 2.70000 0.05117445000000001 0.0
2.70000 2.80000 0.04107616249999999 0.0
2.80000 2.90000 0.03230455 0.0
2.90000 3.00000 0.02493801875 0.0
3.00000 3.10000 0.018790187499999996 0.0
3.10000 3.20000 0.01388541875 0.0
3.20000 3.30000 0.009880665 0.0
3.30000 3.40000 0.0068424212499999994 0.0
3.40000 3.50000 0.0045222675 0.0
3.50000 3.60000 0.0028661093749999997 0.0
3.60000 3.70000 0.0016599962499999998 0.0
3.70000 3.80000 0.0008626771874999999 0.0
3.80000 3.90000 0.00037823675000000004 0.0
3.90000 4.00000 9.103444375000001e-05 0.0
4.00000 4.10000 1.3871451087500002e-07 0.0
4.10000 4.20000 0.0 0.0
4.20000 4.30000 0.0 0.0
4.30000 4.40000 0.0 0.0
4.40000 4.50000 0.0 0.0
4.50000 4.60000 0.0 0.0
4.60000 4.70000 0.0 0.0
4.70000 4.80000 0.0 0.0
4.80000 4.90000 0.0 0.0
4.90000 5.00000 0.0 0.0
5.00000 5.10000 0.0 0.0
