 #          34 : dS/deta(vmu) (fb/GeV)
-5.10000 -5.00000 0.002442099375 0.0
-5.00000 -4.90000 0.0005814183124999999 0.0
-4.90000 -4.80000 0.0007272988124999999 0.0
-4.80000 -4.70000 0.0009123449375 0.0
-4.70000 -4.60000 0.001113525 0.0
-4.60000 -4.50000 0.00143407125 0.0
-4.50000 -4.40000 0.00179381875 0.0
-4.40000 -4.30000 0.0022473050000000002 0.0
-4.30000 -4.20000 0.002870871875 0.0
-4.20000 -4.10000 0.0035303256249999996 0.0
-4.10000 -4.00000 0.0044833187500000005 0.0
-4.00000 -3.90000 0.0056042837499999994 0.0
-3.90000 -3.80000 0.007042854374999999 0.0
-3.80000 -3.70000 0.00877415875 0.0
-3.70000 -3.60000 0.010890500000000001 0.0
-3.60000 -3.50000 0.01349843125 0.0
-3.50000 -3.40000 0.016640575 0.0
-3.40000 -3.30000 0.0204140375 0.0
-3.30000 -3.20000 0.024882699999999997 0.0
-3.20000 -3.10000 0.029993856250000003 0.0
-3.10000 -3.00000 0.035999399999999994 0.0
-3.00000 -2.90000 0.042961824999999995 0.0
-2.90000 -2.80000 0.05085115 0.0
-2.80000 -2.70000 0.05964828125 0.0
-2.70000 -2.60000 0.06948148125 0.0
-2.60000 -2.50000 0.08051094374999998 0.0
-2.50000 -2.40000 0.09239929375 0.0
-2.40000 -2.30000 0.10510568750000002 0.0
-2.30000 -2.20000 0.119109125 0.0
-2.20000 -2.10000 0.13351274999999999 0.0
-2.10000 -2.00000 0.14885062500000001 0.0
-2.00000 -1.90000 0.164859375 0.0
-1.90000 -1.80000 0.181004375 0.0
-1.80000 -1.70000 0.19785574999999997 0.0
-1.70000 -1.60000 0.2149644375 0.0
-1.60000 -1.50000 0.23188774999999998 0.0
-1.50000 -1.40000 0.24873031250000002 0.0
-1.40000 -1.30000 0.265437625 0.0
-1.30000 -1.20000 0.28165875 0.0
-1.20000 -1.10000 0.2972647500000001 0.0
-1.10000 -1.00000 0.31202093750000004 0.0
-1.00000 -0.900000 0.32584781250000006 0.0
-0.900000 -0.800000 0.33906699999999995 0.0
-0.800000 -0.700000 0.35066131250000004 0.0
-0.700000 -0.600000 0.3610855 0.0
-0.600000 -0.500000 0.3702566249999999 0.0
-0.500000 -0.400000 0.37814575000000006 0.0
-0.400000 -0.300000 0.3845800625000001 0.0
-0.300000 -0.200000 0.389437 0.0
-0.200000 -0.100000 0.39250156250000007 0.0
-0.100000 0.00000 0.3943305625 0.0
0.00000 0.100000 0.39430531249999995 0.0
0.100000 0.200000 0.392570375 0.0
0.200000 0.300000 0.389309625 0.0
0.300000 0.400000 0.3843228125 0.0
0.400000 0.500000 0.37830587500000007 0.0
0.500000 0.600000 0.370468625 0.0
0.600000 0.700000 0.36116575 0.0
0.700000 0.800000 0.3506164375 0.0
0.800000 0.900000 0.33881812499999997 0.0
0.900000 1.00000 0.32598368749999995 0.0
1.00000 1.10000 0.31191006250000003 0.0
1.10000 1.20000 0.29723312500000004 0.0
1.20000 1.30000 0.281646375 0.0
1.30000 1.40000 0.265379375 0.0
1.40000 1.50000 0.24896975 0.0
1.50000 1.60000 0.2321429375 0.0
1.60000 1.70000 0.215034625 0.0
1.70000 1.80000 0.19810818749999998 0.0
1.80000 1.90000 0.181227625 0.0
1.90000 2.00000 0.1648210625 0.0
2.00000 2.10000 0.14891181250000002 0.0
2.10000 2.20000 0.1336965 0.0
2.20000 2.30000 0.11885743749999998 0.0
2.30000 2.40000 0.1053435625 0.0
2.40000 2.50000 0.0923340875 0.0
2.50000 2.60000 0.08048560625000001 0.0
2.60000 2.70000 0.06953626874999999 0.0
2.70000 2.80000 0.05960190625 0.0
2.80000 2.90000 0.050895725 0.0
2.90000 3.00000 0.04300338125000001 0.0
3.00000 3.10000 0.036170925 0.0
3.10000 3.20000 0.030127656249999996 0.0
3.20000 3.30000 0.02480386875 0.0
3.30000 3.40000 0.02041064375 0.0
3.40000 3.50000 0.0167125625 0.0
3.50000 3.60000 0.013527281249999999 0.0
3.60000 3.70000 0.010922949999999999 0.0
3.70000 3.80000 0.008828445 0.0
3.80000 3.90000 0.007069041249999999 0.0
3.90000 4.00000 0.005595953125 0.0
4.00000 4.10000 0.004493014375000001 0.0
4.10000 4.20000 0.0035716712499999997 0.0
4.20000 4.30000 0.0028173837499999997 0.0
4.30000 4.40000 0.0022319325000000004 0.0
4.40000 4.50000 0.0017921637499999999 0.0
4.50000 4.60000 0.00142288125 0.0
4.60000 4.70000 0.001166401875 0.0
4.70000 4.80000 0.0009125093750000001 0.0
4.80000 4.90000 0.0007275644375 0.0
4.90000 5.00000 0.0005744319375 0.0
5.00000 5.10000 0.002449804375 0.0
