 #          62 : dS/dy(j2)  (fb/GeV)
-5.20000 -5.00000 0.0 0.0
-5.00000 -4.80000 0.0 0.0
-4.80000 -4.60000 0.0 0.0
-4.60000 -4.40000 0.0 0.0
-4.40000 -4.20000 0.0 0.0
-4.20000 -4.00000 0.00367315375 0.0
-4.00000 -3.80000 0.162145875 0.0
-3.80000 -3.60000 0.20552499999999999 0.0
-3.60000 -3.40000 0.24202312499999995 0.0
-3.40000 -3.20000 0.271681625 0.0
-3.20000 -3.00000 0.2921391875 0.0
-3.00000 -2.80000 0.3016443125 0.0
-2.80000 -2.60000 0.3001774375 0.0
-2.60000 -2.40000 0.2887466875 0.0
-2.40000 -2.20000 0.2693028125 0.0
-2.20000 -2.00000 0.24398624999999996 0.0
-2.00000 -1.80000 0.215119875 0.0
-1.80000 -1.60000 0.1846903125 0.0
-1.60000 -1.40000 0.1543695625 0.0
-1.40000 -1.20000 0.12545775000000003 0.0
-1.20000 -1.00000 0.0991120375 0.0
-1.00000 -0.800000 0.0760095625 0.0
-0.800000 -0.600000 0.05649390000000001 0.0
-0.600000 -0.400000 0.04139989375 0.0
-0.400000 -0.200000 0.03085405625 0.0
-0.200000 0.00000 0.02561111875 0.0
0.00000 0.200000 0.025668018749999997 0.0
0.200000 0.400000 0.03095285625 0.0
0.400000 0.600000 0.041312668749999996 0.0
0.600000 0.800000 0.056478200000000006 0.0
0.800000 1.00000 0.07600551875 0.0
1.00000 1.20000 0.099203975 0.0
1.20000 1.40000 0.1254734375 0.0
1.40000 1.60000 0.15436225000000003 0.0
1.60000 1.80000 0.18465418749999996 0.0
1.80000 2.00000 0.21497899999999998 0.0
2.00000 2.20000 0.2439956875 0.0
2.20000 2.40000 0.2692318125 0.0
2.40000 2.60000 0.28881006249999996 0.0
2.60000 2.80000 0.30013243749999996 0.0
2.80000 3.00000 0.3016576875 0.0
3.00000 3.20000 0.2922664374999999 0.0
3.20000 3.40000 0.27182637500000006 0.0
3.40000 3.60000 0.24203950000000002 0.0
3.60000 3.80000 0.205658 0.0
3.80000 4.00000 0.1620719375 0.0
4.00000 4.20000 0.0036766299999999997 0.0
4.20000 4.40000 0.0 0.0
4.40000 4.60000 0.0 0.0
4.60000 4.80000 0.0 0.0
4.80000 5.00000 0.0 0.0
5.00000 5.20000 0.0 0.0
