# title = Rapidity Harder Jet
# xlabel = $y_{\text{j}_1}$
# ylabel = $\frac{\text{d}\sigma}{\text{d}y_{\text{j}_1}}\,[\text{fb}]$
# xmin= -4.500E+00
# xmax=  4.500E+00
# ymin=  1.000E-04
# ymax=  4.000E-01
# kmin= -2.000E+01
# kmax=  1.000E+01
# logscale = false
# Renormalization and factorization scale scaled by: 1.0000000000
# Renormalization scaled by: 1.0000000000
# Number of generated events: 6256085999
#	#	#	#	#	#	#
#=====================================================================================	#=====================================================================================	#=====================================================================================	#=====================================================================================	#=====================================================================================	#=====================================================================================	#=====================================================================================
# No.       Left      Right                   Value                   Error Hits
#-------------------------------------------------------------------------------------	#-------------------------------------------------------------------------------------	#-------------------------------------------------------------------------------------	#-------------------------------------------------------------------------------------	#-------------------------------------------------------------------------------------	#-------------------------------------------------------------------------------------	#-------------------------------------------------------------------------------------
   1      -4.50      -4.25  0.000000000000000E+00  0.000000000000000E+00 0	   1      -4.50      -4.25  0.000000000000000E+00  0.000000000000000E+00 0	   1      -4.50      -4.25  0.000000000000000E+00  0.000000000000000E+00 0	   1      -4.50      -4.25  0.000000000000000E+00  0.000000000000000E+00 0	   1      -4.50      -4.25  0.000000000000000E+00  0.000000000000000E+00 0	   1      -4.50      -4.25  0.000000000000000E+00  0.000000000000000E+00 0	   1      -4.50      -4.25  0.000000000000000E+00  0.000000000000000E+00 0
   2      -4.25      -4.00  0.000000000000000E+00  0.000000000000000E+00 0	   2      -4.25      -4.00  0.000000000000000E+00  0.000000000000000E+00 0	   2      -4.25      -4.00  0.000000000000000E+00  0.000000000000000E+00 0	   2      -4.25      -4.00  0.000000000000000E+00  0.000000000000000E+00 0	   2      -4.25      -4.00  0.000000000000000E+00  0.000000000000000E+00 0	   2      -4.25      -4.00  0.000000000000000E+00  0.000000000000000E+00 0	   2      -4.25      -4.00  0.000000000000000E+00  0.000000000000000E+00 0
   3      -4.00      -3.75  5.467973867398874E-02  5.437849725533216E-04 100853001	   3      -4.00      -3.75  5.467973867398874E-02  5.437849725533216E-04 100853001	   3      -4.00      -3.75  4.896291515011453E-02  4.760972775860192E-04 100853001	   3      -4.00      -3.75  4.896291515011453E-02  4.760972775860192E-04 100853001	   3      -4.00      -3.75  6.170689333855291E-02  6.300486270632564E-04 100853001	   3      -4.00      -3.75  6.170689333855291E-02  6.300486270632564E-04 100853001	   3      -4.00      -3.75  5.467973867398874E-02  5.437849725533216E-04 100853001
   4      -3.75      -3.50  9.142813448306646E-02  1.080409048631001E-03 132347373	   4      -3.75      -3.50  9.142813448306646E-02  1.080409048631001E-03 132347373	   4      -3.75      -3.50  8.234083223841519E-02  9.540256165119502E-04 132347373	   4      -3.75      -3.50  8.234083223841519E-02  9.540256165119502E-04 132347373	   4      -3.75      -3.50  1.025122876381485E-01  1.242499402685925E-03 132347373	   4      -3.75      -3.50  1.025122876381485E-01  1.242499402685925E-03 132347373	   4      -3.75      -3.50  9.142813448306646E-02  1.080409048631001E-03 132347373
   5      -3.50      -3.25  1.402913388401874E-01  1.078835335888831E-03 162159636	   5      -3.50      -3.25  1.402913388401874E-01  1.078835335888831E-03 162159636	   5      -3.50      -3.25  1.269239865245076E-01  9.365996456900926E-04 162159636	   5      -3.50      -3.25  1.269239865245076E-01  9.365996456900926E-04 162159636	   5      -3.50      -3.25  1.565072858859204E-01  1.263679614665723E-03 162159636	   5      -3.50      -3.25  1.565072858859204E-01  1.263679614665723E-03 162159636	   5      -3.50      -3.25  1.402913388401874E-01  1.078835335888831E-03 162159636
   6      -3.25      -3.00  1.882348022337558E-01  1.547833065317352E-03 188059752	   6      -3.25      -3.00  1.882348022337558E-01  1.547833065317352E-03 188059752	   6      -3.25      -3.00  1.711800333126617E-01  1.349965991330355E-03 188059752	   6      -3.25      -3.00  1.711800333126617E-01  1.349965991330355E-03 188059752	   6      -3.25      -3.00  2.087829193521625E-01  1.802935420340520E-03 188059752	   6      -3.25      -3.00  2.087829193521625E-01  1.802935420340520E-03 188059752	   6      -3.25      -3.00  1.882348022337558E-01  1.547833065317352E-03 188059752
   7      -3.00      -2.75  2.297524228972807E-01  1.964463834603408E-03 208486941	   7      -3.00      -2.75  2.297524228972807E-01  1.964463834603408E-03 208486941	   7      -3.00      -2.75  2.098947332460894E-01  1.752640104938559E-03 208486941	   7      -3.00      -2.75  2.098947332460894E-01  1.752640104938559E-03 208486941	   7      -3.00      -2.75  2.535338849068597E-01  2.230765985283975E-03 208486941	   7      -3.00      -2.75  2.535338849068597E-01  2.230765985283975E-03 208486941	   7      -3.00      -2.75  2.297524228972807E-01  1.964463834603408E-03 208486941
   8      -2.75      -2.50  2.523836562090910E-01  2.927418862163808E-03 222641386	   8      -2.75      -2.50  2.523836562090910E-01  2.927418862163808E-03 222641386	   8      -2.75      -2.50  2.319156542777923E-01  2.574628649155655E-03 222641386	   8      -2.75      -2.50  2.319156542777923E-01  2.574628649155655E-03 222641386	   8      -2.75      -2.50  2.766764733409288E-01  3.374078189783772E-03 222641386	   8      -2.75      -2.50  2.766764733409288E-01  3.374078189783772E-03 222641386	   8      -2.75      -2.50  2.523836562090910E-01  2.927418862163808E-03 222641386
   9      -2.50      -2.25  2.712776820999926E-01  2.069018567603385E-03 230166355	   9      -2.50      -2.25  2.712776820999926E-01  2.069018567603385E-03 230166355	   9      -2.50      -2.25  2.499609452044510E-01  1.848552989869162E-03 230166355	   9      -2.50      -2.25  2.499609452044510E-01  1.848552989869162E-03 230166355	   9      -2.50      -2.25  2.964744111809727E-01  2.346312131643852E-03 230166355	   9      -2.50      -2.25  2.964744111809727E-01  2.346312131643852E-03 230166355	   9      -2.50      -2.25  2.712776820999926E-01  2.069018567603385E-03 230166355
  10      -2.25      -2.00  2.614200650875945E-01  2.894494438800001E-03 231050485	  10      -2.25      -2.00  2.614200650875945E-01  2.894494438800001E-03 231050485	  10      -2.25      -2.00  2.422129149185578E-01  2.606711126280796E-03 231050485	  10      -2.25      -2.00  2.422129149185578E-01  2.606711126280796E-03 231050485	  10      -2.25      -2.00  2.838834585771350E-01  3.246152223298513E-03 231050485	  10      -2.25      -2.00  2.838834585771350E-01  3.246152223298513E-03 231050485	  10      -2.25      -2.00  2.614200650875945E-01  2.894494438800001E-03 231050485
  11      -2.00      -1.75  2.365915554891238E-01  5.374167272513317E-03 225483011	  11      -2.00      -1.75  2.365915554891238E-01  5.374167272513317E-03 225483011	  11      -2.00      -1.75  2.202605436051441E-01  4.805849585615155E-03 225483011	  11      -2.00      -1.75  2.202605436051441E-01  4.805849585615155E-03 225483011	  11      -2.00      -1.75  2.554814063880289E-01  6.081565195019087E-03 225483011	  11      -2.00      -1.75  2.554814063880289E-01  6.081565195019087E-03 225483011	  11      -2.00      -1.75  2.365915554891238E-01  5.374167272513317E-03 225483011
  12      -1.75      -1.50  2.124426756028916E-01  1.658240338999230E-03 213880831	  12      -1.75      -1.50  2.124426756028916E-01  1.658240338999230E-03 213880831	  12      -1.75      -1.50  1.982942169367076E-01  1.491929712463086E-03 213880831	  12      -1.75      -1.50  1.982942169367076E-01  1.491929712463086E-03 213880831	  12      -1.75      -1.50  2.287019454859981E-01  1.865255399560200E-03 213880831	  12      -1.75      -1.50  2.287019454859981E-01  1.865255399560200E-03 213880831	  12      -1.75      -1.50  2.124426756028916E-01  1.658240338999230E-03 213880831
  13      -1.50      -1.25  1.790321809383955E-01  1.281090162300474E-03 198326599	  13      -1.50      -1.25  1.790321809383955E-01  1.281090162300474E-03 198326599	  13      -1.50      -1.25  1.677346866550602E-01  1.154613793717943E-03 198326599	  13      -1.50      -1.25  1.677346866550602E-01  1.154613793717943E-03 198326599	  13      -1.50      -1.25  1.918680280635769E-01  1.437314707193053E-03 198326599	  13      -1.50      -1.25  1.918680280635769E-01  1.437314707193053E-03 198326599	  13      -1.50      -1.25  1.790321809383955E-01  1.281090162300474E-03 198326599
  14      -1.25      -1.00  1.446799310269842E-01  1.017270918632978E-03 181766694	  14      -1.25      -1.00  1.446799310269842E-01  1.017270918632978E-03 181766694	  14      -1.25      -1.00  1.357817720038878E-01  9.291960323345482E-04 181766694	  14      -1.25      -1.00  1.357817720038878E-01  9.291960323345482E-04 181766694	  14      -1.25      -1.00  1.547176925010596E-01  1.123821951735385E-03 181766694	  14      -1.25      -1.00  1.547176925010596E-01  1.123821951735385E-03 181766694	  14      -1.25      -1.00  1.446799310269842E-01  1.017270918632978E-03 181766694
  15      -1.00      -0.75  1.107306518604249E-01  8.630989953147516E-04 165738917	  15      -1.00      -0.75  1.107306518604249E-01  8.630989953147516E-04 165738917	  15      -1.00      -0.75  1.043046643940718E-01  7.829954647929596E-04 165738917	  15      -1.00      -0.75  1.043046643940718E-01  7.829954647929596E-04 165738917	  15      -1.00      -0.75  1.178551780292647E-01  9.606378945550151E-04 165738917	  15      -1.00      -0.75  1.178551780292647E-01  9.606378945550151E-04 165738917	  15      -1.00      -0.75  1.107306518604249E-01  8.630989953147516E-04 165738917
  16      -0.75      -0.50  8.421026088959653E-02  5.451694122344333E-04 152242035	  16      -0.75      -0.50  8.421026088959653E-02  5.451694122344333E-04 152242035	  16      -0.75      -0.50  7.943030462727546E-02  4.998197389449199E-04 152242035	  16      -0.75      -0.50  7.943030462727546E-02  4.998197389449199E-04 152242035	  16      -0.75      -0.50  8.945216545334757E-02  5.995498088821539E-04 152242035	  16      -0.75      -0.50  8.945216545334757E-02  5.995498088821539E-04 152242035	  16      -0.75      -0.50  8.421026088959653E-02  5.451694122344333E-04 152242035
  17      -0.50      -0.25  6.456107815945986E-02  3.958746028300467E-04 142672160	  17      -0.50      -0.25  6.456107815945986E-02  3.958746028300467E-04 142672160	  17      -0.50      -0.25  6.098541941215904E-02  3.633712879646712E-04 142672160	  17      -0.50      -0.25  6.098541941215904E-02  3.633712879646712E-04 142672160	  17      -0.50      -0.25  6.842660164638037E-02  4.344192189045083E-04 142672160	  17      -0.50      -0.25  6.842660164638037E-02  4.344192189045083E-04 142672160	  17      -0.50      -0.25  6.456107815945986E-02  3.958746028300467E-04 142672160
  18      -0.25       0.00  5.523629489887970E-02  2.447573741168266E-04 137986485	  18      -0.25       0.00  5.523629489887970E-02  2.447573741168266E-04 137986485	  18      -0.25       0.00  5.219553907645441E-02  2.261462872322385E-04 137986485	  18      -0.25       0.00  5.219553907645441E-02  2.261462872322385E-04 137986485	  18      -0.25       0.00  5.849617315461084E-02  2.663995142939041E-04 137986485	  18      -0.25       0.00  5.849617315461084E-02  2.663995142939041E-04 137986485	  18      -0.25       0.00  5.523629489887970E-02  2.447573741168266E-04 137986485
  19       0.00       0.25  5.502078862488845E-02  2.346743138261466E-04 138554817	  19       0.00       0.25  5.502078862488845E-02  2.346743138261466E-04 138554817	  19       0.00       0.25  5.199367442448001E-02  2.168115732090716E-04 138554817	  19       0.00       0.25  5.199367442448001E-02  2.168115732090716E-04 138554817	  19       0.00       0.25  5.826564200356864E-02  2.554957177369800E-04 138554817	  19       0.00       0.25  5.826564200356864E-02  2.554957177369800E-04 138554817	  19       0.00       0.25  5.502078862488845E-02  2.346743138261466E-04 138554817
  20       0.25       0.50  6.489205311298610E-02  3.815617855721233E-04 144453082	  20       0.25       0.50  6.489205311298610E-02  3.815617855721233E-04 144453082	  20       0.25       0.50  6.128342746551849E-02  3.519563212691339E-04 144453082	  20       0.25       0.50  6.128342746551849E-02  3.519563212691339E-04 144453082	  20       0.25       0.50  6.879635893031821E-02  4.166157756920810E-04 144453082	  20       0.25       0.50  6.879635893031821E-02  4.166157756920810E-04 144453082	  20       0.25       0.50  6.489205311298610E-02  3.815617855721233E-04 144453082
  21       0.50       0.75  8.436826612438660E-02  5.068330278679372E-04 155259729	  21       0.50       0.75  8.436826612438660E-02  5.068330278679372E-04 155259729	  21       0.50       0.75  7.958556688647402E-02  4.618467893511227E-04 155259729	  21       0.50       0.75  7.958556688647402E-02  4.618467893511227E-04 155259729	  21       0.50       0.75  8.961173527665175E-02  5.612353245491703E-04 155259729	  21       0.50       0.75  8.961173527665175E-02  5.612353245491703E-04 155259729	  21       0.50       0.75  8.436826612438660E-02  5.068330278679372E-04 155259729
  22       0.75       1.00  1.106596072843399E-01  7.375116194824077E-04 170146776	  22       0.75       1.00  1.106596072843399E-01  7.375116194824077E-04 170146776	  22       0.75       1.00  1.041876695531565E-01  6.768278352051331E-04 170146776	  22       0.75       1.00  1.041876695531565E-01  6.768278352051331E-04 170146776	  22       0.75       1.00  1.178507414143334E-01  8.103352585472245E-04 170146776	  22       0.75       1.00  1.178507414143334E-01  8.103352585472245E-04 170146776	  22       0.75       1.00  1.106596072843399E-01  7.375116194824077E-04 170146776
  23       1.00       1.25  1.435229771974168E-01  9.921667255938917E-04 187720790	  23       1.00       1.25  1.435229771974168E-01  9.921667255938917E-04 187720790	  23       1.00       1.25  1.347659602671225E-01  9.010537482484126E-04 187720790	  23       1.00       1.25  1.347659602671225E-01  9.010537482484126E-04 187720790	  23       1.00       1.25  1.533864977497791E-01  1.103024940910331E-03 187720790	  23       1.00       1.25  1.533864977497791E-01  1.103024940910331E-03 187720790	  23       1.00       1.25  1.435229771974168E-01  9.921667255938917E-04 187720790
  24       1.25       1.50  1.795157098660500E-01  1.261298015957923E-03 206071962	  24       1.25       1.50  1.795157098660500E-01  1.261298015957923E-03 206071962	  24       1.25       1.50  1.680545192516316E-01  1.144320319824400E-03 206071962	  24       1.25       1.50  1.680545192516316E-01  1.144320319824400E-03 206071962	  24       1.25       1.50  1.925694821409093E-01  1.404539321554854E-03 206071962	  24       1.25       1.50  1.925694821409093E-01  1.404539321554854E-03 206071962	  24       1.25       1.50  1.795157098660500E-01  1.261298015957923E-03 206071962
  25       1.50       1.75  2.131212879221601E-01  1.534519440702521E-03 223454994	  25       1.50       1.75  2.131212879221601E-01  1.534519440702521E-03 223454994	  25       1.50       1.75  1.988631845498746E-01  1.384667240890459E-03 223454994	  25       1.50       1.75  1.988631845498746E-01  1.384667240890459E-03 223454994	  25       1.50       1.75  2.295281130287365E-01  1.719423452176545E-03 223454994	  25       1.50       1.75  2.295281130287365E-01  1.719423452176545E-03 223454994	  25       1.50       1.75  2.131212879221601E-01  1.534519440702521E-03 223454994
  26       1.75       2.00  2.434678353051193E-01  1.873885913857432E-03 236812897	  26       1.75       2.00  2.434678353051193E-01  1.873885913857432E-03 236812897	  26       1.75       2.00  2.263673343837931E-01  1.681829688130571E-03 236812897	  26       1.75       2.00  2.263673343837931E-01  1.681829688130571E-03 236812897	  26       1.75       2.00  2.633195346604509E-01  2.113048343272579E-03 236812897	  26       1.75       2.00  2.633195346604509E-01  2.113048343272579E-03 236812897	  26       1.75       2.00  2.434678353051193E-01  1.873885913857432E-03 236812897
  27       2.00       2.25  2.612416681629494E-01  2.531540117621504E-03 243844689	  27       2.00       2.25  2.612416681629494E-01  2.531540117621504E-03 243844689	  27       2.00       2.25  2.421170662152007E-01  2.250407642050846E-03 243844689	  27       2.00       2.25  2.421170662152007E-01  2.250407642050846E-03 243844689	  27       2.00       2.25  2.835843296933572E-01  2.884671906943526E-03 243844689	  27       2.00       2.25  2.835843296933572E-01  2.884671906943526E-03 243844689	  27       2.00       2.25  2.612416681629494E-01  2.531540117621504E-03 243844689
  28       2.25       2.50  2.717830337276894E-01  1.894553023166800E-03 244034987	  28       2.25       2.50  2.717830337276894E-01  1.894553023166800E-03 244034987	  28       2.25       2.50  2.505434937904149E-01  1.693508698143549E-03 244034987	  28       2.25       2.50  2.505434937904149E-01  1.693508698143549E-03 244034987	  28       2.25       2.50  2.968570549905139E-01  2.149373706632478E-03 244034987	  28       2.25       2.50  2.968570549905139E-01  2.149373706632478E-03 244034987	  28       2.25       2.50  2.717830337276894E-01  1.894553023166800E-03 244034987
  29       2.50       2.75  2.547621498916640E-01  2.231656459430176E-03 236940681	  29       2.50       2.75  2.547621498916640E-01  2.231656459430176E-03 236940681	  29       2.50       2.75  2.340034703644914E-01  1.982877377462508E-03 236940681	  29       2.50       2.75  2.340034703644914E-01  1.982877377462508E-03 236940681	  29       2.50       2.75  2.794204643708559E-01  2.543992760646628E-03 236940681	  29       2.50       2.75  2.794204643708559E-01  2.543992760646628E-03 236940681	  29       2.50       2.75  2.547621498916640E-01  2.231656459430176E-03 236940681
  30       2.75       3.00  2.262869233841834E-01  2.584144187416608E-03 222509943	  30       2.75       3.00  2.262869233841834E-01  2.584144187416608E-03 222509943	  30       2.75       3.00  2.070157392222913E-01  2.275736484520742E-03 222509943	  30       2.75       3.00  2.070157392222913E-01  2.275736484520742E-03 222509943	  30       2.75       3.00  2.492962142963238E-01  2.975704856396151E-03 222509943	  30       2.75       3.00  2.492962142963238E-01  2.975704856396151E-03 222509943	  30       2.75       3.00  2.262869233841834E-01  2.584144187416608E-03 222509943
  31       3.00       3.25  1.851816316052911E-01  1.815250319444916E-03 201124509	  31       3.00       3.25  1.851816316052911E-01  1.815250319444916E-03 201124509	  31       3.00       3.25  1.685021598952813E-01  1.591270800517890E-03 201124509	  31       3.00       3.25  1.685021598952813E-01  1.591270800517890E-03 201124509	  31       3.00       3.25  2.052598921992051E-01  2.101125362676759E-03 201124509	  31       3.00       3.25  2.052598921992051E-01  2.101125362676759E-03 201124509	  31       3.00       3.25  1.851816316052911E-01  1.815250319444916E-03 201124509
  32       3.25       3.50  1.379249944396437E-01  1.367372210996039E-03 173601051	  32       3.25       3.50  1.379249944396437E-01  1.367372210996039E-03 173601051	  32       3.25       3.50  1.248505151131500E-01  1.198126567415322E-03 173601051	  32       3.25       3.50  1.248505151131500E-01  1.198126567415322E-03 173601051	  32       3.25       3.50  1.537762347936994E-01  1.582685371276807E-03 173601051	  32       3.25       3.50  1.537762347936994E-01  1.582685371276807E-03 173601051	  32       3.25       3.50  1.379249944396437E-01  1.367372210996039E-03 173601051
  33       3.50       3.75  8.784625476741745E-02  5.147605086598716E-03 141578533	  33       3.50       3.75  8.784625476741745E-02  5.147605086598716E-03 141578533	  33       3.50       3.75  7.940983943553070E-02  4.339530663168337E-03 141578533	  33       3.50       3.75  7.940983943553070E-02  4.339530663168337E-03 141578533	  33       3.50       3.75  9.806285524718357E-02  6.209081706818563E-03 141578533	  33       3.50       3.75  9.806285524718357E-02  6.209081706818563E-03 141578533	  33       3.50       3.75  8.784625476741745E-02  5.147605086598716E-03 141578533
  34       3.75       4.00  5.395072946544648E-02  8.163327026307380E-04 107693518	  34       3.75       4.00  5.395072946544648E-02  8.163327026307380E-04 107693518	  34       3.75       4.00  4.840257261611792E-02  6.945731145417130E-04 107693518	  34       3.75       4.00  4.840257261611792E-02  6.945731145417130E-04 107693518	  34       3.75       4.00  6.074221888318540E-02  9.777706049349628E-04 107693518	  34       3.75       4.00  6.074221888318540E-02  9.777706049349628E-04 107693518	  34       3.75       4.00  5.395072946544648E-02  8.163327026307380E-04 107693518
  35       4.00       4.25  0.000000000000000E+00  0.000000000000000E+00 0	  35       4.00       4.25  0.000000000000000E+00  0.000000000000000E+00 0	  35       4.00       4.25  0.000000000000000E+00  0.000000000000000E+00 0	  35       4.00       4.25  0.000000000000000E+00  0.000000000000000E+00 0	  35       4.00       4.25  0.000000000000000E+00  0.000000000000000E+00 0	  35       4.00       4.25  0.000000000000000E+00  0.000000000000000E+00 0	  35       4.00       4.25  0.000000000000000E+00  0.000000000000000E+00 0
  36       4.25       4.50  0.000000000000000E+00  0.000000000000000E+00 0	  36       4.25       4.50  0.000000000000000E+00  0.000000000000000E+00 0	  36       4.25       4.50  0.000000000000000E+00  0.000000000000000E+00 0	  36       4.25       4.50  0.000000000000000E+00  0.000000000000000E+00 0	  36       4.25       4.50  0.000000000000000E+00  0.000000000000000E+00 0	  36       4.25       4.50  0.000000000000000E+00  0.000000000000000E+00 0	  36       4.25       4.50  0.000000000000000E+00  0.000000000000000E+00 0
# Underflow:                 0.0000000000000000E+00  0.0000000000000000E+00 0
# Overflow:                  0.0000000000000000E+00  0.0000000000000000E+00 0
#-------------------------------------------------------------------------------------	#-------------------------------------------------------------------------------------	#-------------------------------------------------------------------------------------	#-------------------------------------------------------------------------------------	#-------------------------------------------------------------------------------------	#-------------------------------------------------------------------------------------	#-------------------------------------------------------------------------------------
# Sum:                       1.0080251081081548E+00  1.6418306845324680E-04 438479000
#=====================================================================================	#=====================================================================================	#=====================================================================================	#=====================================================================================	#=====================================================================================	#=====================================================================================	#=====================================================================================
