# title = Rapidity separation Leptons
# xlabel = $\Delta y_{\text{e}^+\mu^-}$
# ylabel = $\frac{\text{d}\sigma}{\text{d}\Delta y_{\text{e}^+\mu^-}}\,[\text{fb}]$
# xmin= -5.000E+00
# xmax=  5.000E+00
# ymin=  1.000E-04
# ymax=  5.000E-01
# kmin= -2.000E+01
# kmax=  1.000E+01
# logscale = false
# Renormalization and factorization scale scaled by: 1.0000000000
# Renormalization scaled by: 1.0000000000
# Number of generated events: 6256085999
#	#	#	#	#	#	#
#=====================================================================================	#=====================================================================================	#=====================================================================================	#=====================================================================================	#=====================================================================================	#=====================================================================================	#=====================================================================================
# No.       Left      Right                   Value                   Error Hits
#-------------------------------------------------------------------------------------	#-------------------------------------------------------------------------------------	#-------------------------------------------------------------------------------------	#-------------------------------------------------------------------------------------	#-------------------------------------------------------------------------------------	#-------------------------------------------------------------------------------------	#-------------------------------------------------------------------------------------
   1      -5.00      -4.75  2.369398797463826E-03  1.692478541493576E-04 6167725	   1      -5.00      -4.75  2.369398797463826E-03  1.692478541493576E-04 6167725	   1      -5.00      -4.75  2.073227272889477E-03  1.437666151443009E-04 6167725	   1      -5.00      -4.75  2.073227272889477E-03  1.437666151443009E-04 6167725	   1      -5.00      -4.75  2.745707754142214E-03  2.035880561953957E-04 6167725	   1      -5.00      -4.75  2.745707754142214E-03  2.035880561953957E-04 6167725	   1      -5.00      -4.75  2.369398797463826E-03  1.692478541493576E-04 6167725
   2      -4.75      -4.50  4.116023124101605E-03  1.489279325235726E-04 9172518	   2      -4.75      -4.50  4.116023124101605E-03  1.489279325235726E-04 9172518	   2      -4.75      -4.50  3.621754376719608E-03  1.269556934215240E-04 9172518	   2      -4.75      -4.50  3.621754376719608E-03  1.269556934215240E-04 9172518	   2      -4.75      -4.50  4.740298539452736E-03  1.781269256237689E-04 9172518	   2      -4.75      -4.50  4.740298539452736E-03  1.781269256237689E-04 9172518	   2      -4.75      -4.50  4.116023124101605E-03  1.489279325235726E-04 9172518
   3      -4.50      -4.25  6.771471096984101E-03  2.345915845347608E-04 13314226	   3      -4.50      -4.25  6.771471096984101E-03  2.345915845347608E-04 13314226	   3      -4.50      -4.25  5.982406988683290E-03  2.000430572268627E-04 13314226	   3      -4.50      -4.25  5.982406988683290E-03  2.000430572268627E-04 13314226	   3      -4.50      -4.25  7.761024951930116E-03  2.813766991857277E-04 13314226	   3      -4.50      -4.25  7.761024951930116E-03  2.813766991857277E-04 13314226	   3      -4.50      -4.25  6.771471096984101E-03  2.345915845347608E-04 13314226
   4      -4.25      -4.00  1.114471710101766E-02  2.584074044063424E-04 18917034	   4      -4.25      -4.00  1.114471710101766E-02  2.584074044063424E-04 18917034	   4      -4.25      -4.00  9.880948049050780E-03  2.267552954222685E-04 18917034	   4      -4.25      -4.00  9.880948049050780E-03  2.267552954222685E-04 18917034	   4      -4.25      -4.00  1.272508944983986E-02  2.993732413230503E-04 18917034	   4      -4.25      -4.00  1.272508944983986E-02  2.993732413230503E-04 18917034	   4      -4.25      -4.00  1.114471710101766E-02  2.584074044063424E-04 18917034
   5      -4.00      -3.75  1.564774407238099E-02  5.522113103671355E-04 26313356	   5      -4.00      -3.75  1.564774407238099E-02  5.522113103671355E-04 26313356	   5      -4.00      -3.75  1.395894359538830E-02  4.876959054720004E-04 26313356	   5      -4.00      -3.75  1.395894359538830E-02  4.876959054720004E-04 26313356	   5      -4.00      -3.75  1.774583846350064E-02  6.327980597065989E-04 26313356	   5      -4.00      -3.75  1.774583846350064E-02  6.327980597065989E-04 26313356	   5      -4.00      -3.75  1.564774407238099E-02  5.522113103671355E-04 26313356
   6      -3.75      -3.50  2.266549097042654E-02  9.232346604561826E-04 35919682	   6      -3.75      -3.50  2.266549097042654E-02  9.232346604561826E-04 35919682	   6      -3.75      -3.50  2.030336223190706E-02  8.204437772538805E-04 35919682	   6      -3.75      -3.50  2.030336223190706E-02  8.204437772538805E-04 35919682	   6      -3.75      -3.50  2.558215948467488E-02  1.050183451310719E-03 35919682	   6      -3.75      -3.50  2.558215948467488E-02  1.050183451310719E-03 35919682	   6      -3.75      -3.50  2.266549097042654E-02  9.232346604561826E-04 35919682
   7      -3.50      -3.25  3.344233903396177E-02  6.021954259594982E-04 48132709	   7      -3.50      -3.25  3.344233903396177E-02  6.021954259594982E-04 48132709	   7      -3.50      -3.25  3.014099704532846E-02  5.288450847097352E-04 48132709	   7      -3.50      -3.25  3.014099704532846E-02  5.288450847097352E-04 48132709	   7      -3.50      -3.25  3.748069825986513E-02  6.955726236475522E-04 48132709	   7      -3.50      -3.25  3.748069825986513E-02  6.955726236475522E-04 48132709	   7      -3.50      -3.25  3.344233903396177E-02  6.021954259594982E-04 48132709
   8      -3.25      -3.00  4.537955359650103E-02  7.671327023825033E-04 63409398	   8      -3.25      -3.00  4.537955359650103E-02  7.671327023825033E-04 63409398	   8      -3.25      -3.00  4.107080318951395E-02  6.740628717425726E-04 63409398	   8      -3.25      -3.00  4.107080318951395E-02  6.740628717425726E-04 63409398	   8      -3.25      -3.00  5.061372343677135E-02  8.875510576211783E-04 63409398	   8      -3.25      -3.00  5.061372343677135E-02  8.875510576211783E-04 63409398	   8      -3.25      -3.00  4.537955359650103E-02  7.671327023825033E-04 63409398
   9      -3.00      -2.75  6.163880822454345E-02  1.076732786066079E-03 82126255	   9      -3.00      -2.75  6.163880822454345E-02  1.076732786066079E-03 82126255	   9      -3.00      -2.75  5.601191068592004E-02  9.598838500587841E-04 82126255	   9      -3.00      -2.75  5.601191068592004E-02  9.598838500587841E-04 82126255	   9      -3.00      -2.75  6.843623644720201E-02  1.223093864776496E-03 82126255	   9      -3.00      -2.75  6.843623644720201E-02  1.223093864776496E-03 82126255	   9      -3.00      -2.75  6.163880822454345E-02  1.076732786066079E-03 82126255
  10      -2.75      -2.50  8.057449647070339E-02  1.332334633571027E-03 104738278	  10      -2.75      -2.50  8.057449647070339E-02  1.332334633571027E-03 104738278	  10      -2.75      -2.50  7.359699299319937E-02  1.186256925453597E-03 104738278	  10      -2.75      -2.50  7.359699299319937E-02  1.186256925453597E-03 104738278	  10      -2.75      -2.50  8.893223325604342E-02  1.513871791016993E-03 104738278	  10      -2.75      -2.50  8.893223325604342E-02  1.513871791016993E-03 104738278	  10      -2.75      -2.50  8.057449647070339E-02  1.332334633571027E-03 104738278
  11      -2.50      -2.25  1.027391452482179E-01  4.362260564849017E-03 131234977	  11      -2.50      -2.25  1.027391452482179E-01  4.362260564849017E-03 131234977	  11      -2.50      -2.25  9.412939952256040E-02  3.970944508341062E-03 131234977	  11      -2.50      -2.25  9.412939952256040E-02  3.970944508341062E-03 131234977	  11      -2.50      -2.25  1.130086515100441E-01  4.827136133025550E-03 131234977	  11      -2.50      -2.25  1.130086515100441E-01  4.827136133025550E-03 131234977	  11      -2.50      -2.25  1.027391452482179E-01  4.362260564849017E-03 131234977
  12      -2.25      -2.00  1.319699735096677E-01  1.351489175956838E-03 160416953	  12      -2.25      -2.00  1.319699735096677E-01  1.351489175956838E-03 160416953	  12      -2.25      -2.00  1.213312173911216E-01  1.199301833832640E-03 160416953	  12      -2.25      -2.00  1.213312173911216E-01  1.199301833832640E-03 160416953	  12      -2.25      -2.00  1.445646376098743E-01  1.544201793758463E-03 160416953	  12      -2.25      -2.00  1.445646376098743E-01  1.544201793758463E-03 160416953	  12      -2.25      -2.00  1.319699735096677E-01  1.351489175956838E-03 160416953
  13      -2.00      -1.75  1.630768809651430E-01  2.302023003062112E-03 191207865	  13      -2.00      -1.75  1.630768809651430E-01  2.302023003062112E-03 191207865	  13      -2.00      -1.75  1.503427187747859E-01  2.074071540077877E-03 191207865	  13      -2.00      -1.75  1.503427187747859E-01  2.074071540077877E-03 191207865	  13      -2.00      -1.75  1.780750273531616E-01  2.581038573036072E-03 191207865	  13      -2.00      -1.75  1.780750273531616E-01  2.581038573036072E-03 191207865	  13      -2.00      -1.75  1.630768809651430E-01  2.302023003062112E-03 191207865
  14      -1.75      -1.50  1.983504078342603E-01  1.276764146928453E-03 222566804	  14      -1.75      -1.50  1.983504078342603E-01  1.276764146928453E-03 222566804	  14      -1.75      -1.50  1.832308721095030E-01  1.143806001824874E-03 222566804	  14      -1.75      -1.50  1.832308721095030E-01  1.143806001824874E-03 222566804	  14      -1.75      -1.50  2.160883556753341E-01  1.443252712918349E-03 222566804	  14      -1.75      -1.50  2.160883556753341E-01  1.443252712918349E-03 222566804	  14      -1.75      -1.50  1.983504078342603E-01  1.276764146928453E-03 222566804
  15      -1.50      -1.25  2.308744535797622E-01  1.335253680283385E-03 253515683	  15      -1.50      -1.25  2.308744535797622E-01  1.335253680283385E-03 253515683	  15      -1.50      -1.25  2.136288758996791E-01  1.201454592925489E-03 253515683	  15      -1.50      -1.25  2.136288758996791E-01  1.201454592925489E-03 253515683	  15      -1.50      -1.25  2.510450466755118E-01  1.501795514599895E-03 253515683	  15      -1.50      -1.25  2.510450466755118E-01  1.501795514599895E-03 253515683	  15      -1.50      -1.25  2.308744535797622E-01  1.335253680283385E-03 253515683
  16      -1.25      -1.00  2.592161214041379E-01  1.790454163965825E-03 282726100	  16      -1.25      -1.00  2.592161214041379E-01  1.790454163965825E-03 282726100	  16      -1.25      -1.00  2.405702639857404E-01  1.577046066397425E-03 282726100	  16      -1.25      -1.00  2.405702639857404E-01  1.577046066397425E-03 282726100	  16      -1.25      -1.00  2.808664060392131E-01  2.066667243951169E-03 282726100	  16      -1.25      -1.00  2.808664060392131E-01  2.066667243951169E-03 282726100	  16      -1.25      -1.00  2.592161214041379E-01  1.790454163965825E-03 282726100
  17      -1.00      -0.75  2.854616610744797E-01  2.111460232893507E-03 308965276	  17      -1.00      -0.75  2.854616610744797E-01  2.111460232893507E-03 308965276	  17      -1.00      -0.75  2.651384828710837E-01  1.895501747498996E-03 308965276	  17      -1.00      -0.75  2.651384828710837E-01  1.895501747498996E-03 308965276	  17      -1.00      -0.75  3.090384956968109E-01  2.378808377953198E-03 308965276	  17      -1.00      -0.75  3.090384956968109E-01  2.378808377953198E-03 308965276	  17      -1.00      -0.75  2.854616610744797E-01  2.111460232893507E-03 308965276
  18      -0.75      -0.50  3.032703744989249E-01  5.356202692671489E-03 328957706	  18      -0.75      -0.50  3.032703744989249E-01  5.356202692671489E-03 328957706	  18      -0.75      -0.50  2.823982760520617E-01  4.541663328690242E-03 328957706	  18      -0.75      -0.50  2.823982760520617E-01  4.541663328690242E-03 328957706	  18      -0.75      -0.50  3.273003693847035E-01  6.425169564091637E-03 328957706	  18      -0.75      -0.50  3.273003693847035E-01  6.425169564091637E-03 328957706	  18      -0.75      -0.50  3.032703744989249E-01  5.356202692671489E-03 328957706
  19      -0.50      -0.25  3.141129397582713E-01  1.950029292404409E-03 333735970	  19      -0.50      -0.25  3.141129397582713E-01  1.950029292404409E-03 333735970	  19      -0.50      -0.25  2.921257977757698E-01  1.740143491215340E-03 333735970	  19      -0.50      -0.25  2.921257977757698E-01  1.740143491215340E-03 333735970	  19      -0.50      -0.25  3.395351388250051E-01  2.215160275464506E-03 333735970	  19      -0.50      -0.25  3.395351388250051E-01  2.215160275464506E-03 333735970	  19      -0.50      -0.25  3.141129397582713E-01  1.950029292404409E-03 333735970
  20      -0.25       0.00  3.075923563190496E-01  1.757799352732204E-03 322619335	  20      -0.25       0.00  3.075923563190496E-01  1.757799352732204E-03 322619335	  20      -0.25       0.00  2.861117840398745E-01  1.576922625831741E-03 322619335	  20      -0.25       0.00  2.861117840398745E-01  1.576922625831741E-03 322619335	  20      -0.25       0.00  3.324278622810235E-01  1.983037771243861E-03 322619335	  20      -0.25       0.00  3.324278622810235E-01  1.983037771243861E-03 322619335	  20      -0.25       0.00  3.075923563190496E-01  1.757799352732204E-03 322619335
  21       0.00       0.25  3.058438117535185E-01  2.502739190983165E-03 322566732	  21       0.00       0.25  3.058438117535185E-01  2.502739190983165E-03 322566732	  21       0.00       0.25  2.845258102017973E-01  2.230724377308600E-03 322566732	  21       0.00       0.25  2.845258102017973E-01  2.230724377308600E-03 322566732	  21       0.00       0.25  3.304885012610884E-01  2.843246873571028E-03 322566732	  21       0.00       0.25  3.304885012610884E-01  2.843246873571028E-03 322566732	  21       0.00       0.25  3.058438117535185E-01  2.502739190983165E-03 322566732
  22       0.25       0.50  3.142985716471535E-01  1.909071333580092E-03 333682753	  22       0.25       0.50  3.142985716471535E-01  1.909071333580092E-03 333682753	  22       0.25       0.50  2.923324021690503E-01  1.700557446228163E-03 333682753	  22       0.25       0.50  2.923324021690503E-01  1.700557446228163E-03 333682753	  22       0.25       0.50  3.396931985734407E-01  2.170743413440942E-03 333682753	  22       0.25       0.50  3.396931985734407E-01  2.170743413440942E-03 333682753	  22       0.25       0.50  3.142985716471535E-01  1.909071333580092E-03 333682753
  23       0.50       0.75  3.020414046651879E-01  3.415751448268583E-03 328895502	  23       0.50       0.75  3.020414046651879E-01  3.415751448268583E-03 328895502	  23       0.50       0.75  2.810303362064154E-01  2.968889345261459E-03 328895502	  23       0.50       0.75  2.810303362064154E-01  2.968889345261459E-03 328895502	  23       0.50       0.75  3.263120357569227E-01  3.992489269464010E-03 328895502	  23       0.50       0.75  3.263120357569227E-01  3.992489269464010E-03 328895502	  23       0.50       0.75  3.020414046651879E-01  3.415751448268583E-03 328895502
  24       0.75       1.00  2.854291140506892E-01  1.946435243272624E-03 308823486	  24       0.75       1.00  2.854291140506892E-01  1.946435243272624E-03 308823486	  24       0.75       1.00  2.652144353514601E-01  1.734016368322992E-03 308823486	  24       0.75       1.00  2.652144353514601E-01  1.734016368322992E-03 308823486	  24       0.75       1.00  3.088432133174429E-01  2.215975318619715E-03 308823486	  24       0.75       1.00  3.088432133174429E-01  2.215975318619715E-03 308823486	  24       0.75       1.00  2.854291140506892E-01  1.946435243272624E-03 308823486
  25       1.00       1.25  2.592954448613385E-01  1.637073246317821E-03 282546572	  25       1.00       1.25  2.592954448613385E-01  1.637073246317821E-03 282546572	  25       1.00       1.25  2.405379955692130E-01  1.453994087495724E-03 282546572	  25       1.00       1.25  2.405379955692130E-01  1.453994087495724E-03 282546572	  25       1.00       1.25  2.811002865150048E-01  1.870832400461791E-03 282546572	  25       1.00       1.25  2.811002865150048E-01  1.870832400461791E-03 282546572	  25       1.00       1.25  2.592954448613385E-01  1.637073246317821E-03 282546572
  26       1.25       1.50  2.245017622968270E-01  1.893826124679236E-03 253344322	  26       1.25       1.50  2.245017622968270E-01  1.893826124679236E-03 253344322	  26       1.25       1.50  2.080585448262109E-01  1.696045689507393E-03 253344322	  26       1.25       1.50  2.080585448262109E-01  1.696045689507393E-03 253344322	  26       1.25       1.50  2.436637302157760E-01  2.139849825656796E-03 253344322	  26       1.25       1.50  2.436637302157760E-01  2.139849825656796E-03 253344322	  26       1.25       1.50  2.245017622968270E-01  1.893826124679236E-03 253344322
  27       1.50       1.75  1.928365816713752E-01  1.716862296743011E-03 222380879	  27       1.50       1.75  1.928365816713752E-01  1.716862296743011E-03 222380879	  27       1.50       1.75  1.783721916837697E-01  1.524143086266428E-03 222380879	  27       1.50       1.75  1.783721916837697E-01  1.524143086266428E-03 222380879	  27       1.50       1.75  2.097511616513590E-01  1.959999306136139E-03 222380879	  27       1.50       1.75  2.097511616513590E-01  1.959999306136139E-03 222380879	  27       1.50       1.75  1.928365816713752E-01  1.716862296743011E-03 222380879
  28       1.75       2.00  1.613927370061053E-01  1.947167383024932E-03 190998152	  28       1.75       2.00  1.613927370061053E-01  1.947167383024932E-03 190998152	  28       1.75       2.00  1.488850887877292E-01  1.722132605892143E-03 190998152	  28       1.75       2.00  1.488850887877292E-01  1.722132605892143E-03 190998152	  28       1.75       2.00  1.761128956409109E-01  2.229770799144388E-03 190998152	  28       1.75       2.00  1.761128956409109E-01  2.229770799144388E-03 190998152	  28       1.75       2.00  1.613927370061053E-01  1.947167383024932E-03 190998152
  29       2.00       2.25  1.300309792784632E-01  2.132530506480840E-03 160249179	  29       2.00       2.25  1.300309792784632E-01  2.132530506480840E-03 160249179	  29       2.00       2.25  1.196096704975234E-01  1.904890027188521E-03 160249179	  29       2.00       2.25  1.196096704975234E-01  1.904890027188521E-03 160249179	  29       2.00       2.25  1.423675733364858E-01  2.413065461112720E-03 160249179	  29       2.00       2.25  1.423675733364858E-01  2.413065461112720E-03 160249179	  29       2.00       2.25  1.300309792784632E-01  2.132530506480840E-03 160249179
  30       2.25       2.50  1.064726840018558E-01  1.326673363173297E-03 131070589	  30       2.25       2.50  1.064726840018558E-01  1.326673363173297E-03 131070589	  30       2.25       2.50  9.761968573025540E-02  1.164787591185155E-03 131070589	  30       2.25       2.50  9.761968573025540E-02  1.164787591185155E-03 131070589	  30       2.25       2.50  1.170048774714249E-01  1.531743513351804E-03 131070589	  30       2.25       2.50  1.170048774714249E-01  1.531743513351804E-03 131070589	  30       2.25       2.50  1.064726840018558E-01  1.326673363173297E-03 131070589
  31       2.50       2.75  8.082034944282979E-02  1.418131615259411E-03 104607612	  31       2.50       2.75  8.082034944282979E-02  1.418131615259411E-03 104607612	  31       2.50       2.75  7.386313444952403E-02  1.244012180966845E-03 104607612	  31       2.50       2.75  7.386313444952403E-02  1.244012180966845E-03 104607612	  31       2.50       2.75  8.913792928327560E-02  1.642523938727852E-03 104607612	  31       2.50       2.75  8.913792928327560E-02  1.642523938727852E-03 104607612	  31       2.50       2.75  8.082034944282979E-02  1.418131615259411E-03 104607612
  32       2.75       3.00  6.211012422370076E-02  1.069314335627062E-03 82025251	  32       2.75       3.00  6.211012422370076E-02  1.069314335627062E-03 82025251	  32       2.75       3.00  5.647286870480277E-02  9.438844443438424E-04 82025251	  32       2.75       3.00  5.647286870480277E-02  9.438844443438424E-04 82025251	  32       2.75       3.00  6.891029391125505E-02  1.228459327955833E-03 82025251	  32       2.75       3.00  6.891029391125505E-02  1.228459327955833E-03 82025251	  32       2.75       3.00  6.211012422370076E-02  1.069314335627062E-03 82025251
  33       3.00       3.25  4.611759140576818E-02  8.036834148105919E-04 63297719	  33       3.00       3.25  4.611759140576818E-02  8.036834148105919E-04 63297719	  33       3.00       3.25  4.172734439921490E-02  7.005158658408061E-04 63297719	  33       3.00       3.25  4.172734439921490E-02  7.005158658408061E-04 63297719	  33       3.00       3.25  5.145789208579844E-02  9.357003254788354E-04 63297719	  33       3.00       3.25  5.145789208579844E-02  9.357003254788354E-04 63297719	  33       3.00       3.25  4.611759140576818E-02  8.036834148105919E-04 63297719
  34       3.25       3.50  3.261832471982379E-02  1.213032691374906E-03 48052247	  34       3.25       3.50  3.261832471982379E-02  1.213032691374906E-03 48052247	  34       3.25       3.50  2.945428924418468E-02  1.032538212501049E-03 48052247	  34       3.25       3.50  2.945428924418468E-02  1.032538212501049E-03 48052247	  34       3.25       3.50  3.647077297660149E-02  1.450020594857095E-03 48052247	  34       3.25       3.50  3.647077297660149E-02  1.450020594857095E-03 48052247	  34       3.25       3.50  3.261832471982379E-02  1.213032691374906E-03 48052247
  35       3.50       3.75  2.302213422003405E-02  5.839118916402043E-04 35839438	  35       3.50       3.75  2.302213422003405E-02  5.839118916402043E-04 35839438	  35       3.50       3.75  2.067126307820390E-02  5.123718846426301E-04 35839438	  35       3.50       3.75  2.067126307820390E-02  5.123718846426301E-04 35839438	  35       3.50       3.75  2.590955709114369E-02  6.764474773640329E-04 35839438	  35       3.50       3.75  2.590955709114369E-02  6.764474773640329E-04 35839438	  35       3.50       3.75  2.302213422003405E-02  5.839118916402043E-04 35839438
  36       3.75       4.00  1.308602584780120E-02  9.750243670089534E-04 26243593	  36       3.75       4.00  1.308602584780120E-02  9.750243670089534E-04 26243593	  36       3.75       4.00  1.175436116357686E-02  8.402505517335944E-04 26243593	  36       3.75       4.00  1.175436116357686E-02  8.402505517335944E-04 26243593	  36       3.75       4.00  1.472314297528348E-02  1.149940659165653E-03 26243593	  36       3.75       4.00  1.472314297528348E-02  1.149940659165653E-03 26243593	  36       3.75       4.00  1.308602584780120E-02  9.750243670089534E-04 26243593
  37       4.00       4.25  1.028440905423184E-02  3.614123236346609E-04 18876989	  37       4.00       4.25  1.028440905423184E-02  3.614123236346609E-04 18876989	  37       4.00       4.25  9.153143767098153E-03  3.092228512314977E-04 18876989	  37       4.00       4.25  9.153143767098153E-03  3.092228512314977E-04 18876989	  37       4.00       4.25  1.169116033111820E-02  4.298793695197463E-04 18876989	  37       4.00       4.25  1.169116033111820E-02  4.298793695197463E-04 18876989	  37       4.00       4.25  1.028440905423184E-02  3.614123236346609E-04 18876989
  38       4.25       4.50  7.219209540220398E-03  1.313598898733947E-04 13281200	  38       4.25       4.50  7.219209540220398E-03  1.313598898733947E-04 13281200	  38       4.25       4.50  6.370722713318550E-03  1.135716290807872E-04 13281200	  38       4.25       4.50  6.370722713318550E-03  1.135716290807872E-04 13281200	  38       4.25       4.50  8.287553324116192E-03  1.547130602102410E-04 13281200	  38       4.25       4.50  8.287553324116192E-03  1.547130602102410E-04 13281200	  38       4.25       4.50  7.219209540220398E-03  1.313598898733947E-04 13281200
  39       4.50       4.75  4.207372528917692E-03  2.789565330851549E-04 9153167	  39       4.50       4.75  4.207372528917692E-03  2.789565330851549E-04 9153167	  39       4.50       4.75  3.698853664887586E-03  2.336711098931004E-04 9153167	  39       4.50       4.75  3.698853664887586E-03  2.336711098931004E-04 9153167	  39       4.50       4.75  4.850576377172120E-03  3.391791330591820E-04 9153167	  39       4.50       4.75  4.850576377172120E-03  3.391791330591820E-04 9153167	  39       4.50       4.75  4.207372528917692E-03  2.789565330851549E-04 9153167
  40       4.75       5.00  2.684753497029280E-03  9.803796595871492E-05 6149643	  40       4.75       5.00  2.684753497029280E-03  9.803796595871492E-05 6149643	  40       4.75       5.00  2.341699000459506E-03  8.491406152315898E-05 6149643	  40       4.75       5.00  2.341699000459506E-03  8.491406152315898E-05 6149643	  40       4.75       5.00  3.123432524322304E-03  1.149117938762758E-04 6149643	  40       4.75       5.00  3.123432524322304E-03  1.149117938762758E-04 6149643	  40       4.75       5.00  2.684753497029280E-03  9.803796595871492E-05 6149643
# Underflow:                 2.9993620635178049E-03  1.5137033954500965E-05 785101
# Overflow:                  2.9726374743162557E-03  1.4444525609588815E-05 783997
#-------------------------------------------------------------------------------------	#-------------------------------------------------------------------------------------	#-------------------------------------------------------------------------------------	#-------------------------------------------------------------------------------------	#-------------------------------------------------------------------------------------	#-------------------------------------------------------------------------------------	#-------------------------------------------------------------------------------------
# Sum:                       1.0080251081081399E+00  1.6418151889982286E-04 438479000
#=====================================================================================	#=====================================================================================	#=====================================================================================	#=====================================================================================	#=====================================================================================	#=====================================================================================	#=====================================================================================
