# title = CMS Energy
# xlabel = $\sqrt{\hat{s}}\,$[GeV]
# ylabel = $\frac{\text{d}\sigma}{\text{d}\sqrt{\hat{s}}}\,\left[\frac{\text{fb}}{\text{GeV}}\right]$
# xmin=  5.000E+02
# xmax=  4.000E+03
# ymin=  1.000E-07
# ymax=  1.000E-03
# kmin= -2.000E+01
# kmax=  1.000E+01
# logscale = true
# Renormalization and factorization scale scaled by: 1.0000000000
# Renormalization scaled by: 1.0000000000
# Number of generated events: 5329313117
#	#	#	#	#	#	#
#=====================================================================================	#=====================================================================================	#=====================================================================================	#=====================================================================================	#=====================================================================================	#=====================================================================================	#=====================================================================================
# No.       Left      Right                   Value                   Error Hits
#-------------------------------------------------------------------------------------	#-------------------------------------------------------------------------------------	#-------------------------------------------------------------------------------------	#-------------------------------------------------------------------------------------	#-------------------------------------------------------------------------------------	#-------------------------------------------------------------------------------------	#-------------------------------------------------------------------------------------
   1       0.00     100.00  0.000000000000000E+00  0.000000000000000E+00 0	   1       0.00     100.00  0.000000000000000E+00  0.000000000000000E+00 0	   1       0.00     100.00  0.000000000000000E+00  0.000000000000000E+00 0	   1       0.00     100.00  0.000000000000000E+00  0.000000000000000E+00 0	   1       0.00     100.00  0.000000000000000E+00  0.000000000000000E+00 0	   1       0.00     100.00  0.000000000000000E+00  0.000000000000000E+00 0	   1       0.00     100.00  0.000000000000000E+00  0.000000000000000E+00 0
   2     100.00     200.00  0.000000000000000E+00  0.000000000000000E+00 0	   2     100.00     200.00  0.000000000000000E+00  0.000000000000000E+00 0	   2     100.00     200.00  0.000000000000000E+00  0.000000000000000E+00 0	   2     100.00     200.00  0.000000000000000E+00  0.000000000000000E+00 0	   2     100.00     200.00  0.000000000000000E+00  0.000000000000000E+00 0	   2     100.00     200.00  0.000000000000000E+00  0.000000000000000E+00 0	   2     100.00     200.00  0.000000000000000E+00  0.000000000000000E+00 0
   3     200.00     300.00  0.000000000000000E+00  0.000000000000000E+00 0	   3     200.00     300.00  0.000000000000000E+00  0.000000000000000E+00 0	   3     200.00     300.00  0.000000000000000E+00  0.000000000000000E+00 0	   3     200.00     300.00  0.000000000000000E+00  0.000000000000000E+00 0	   3     200.00     300.00  0.000000000000000E+00  0.000000000000000E+00 0	   3     200.00     300.00  0.000000000000000E+00  0.000000000000000E+00 0	   3     200.00     300.00  0.000000000000000E+00  0.000000000000000E+00 0
   4     300.00     400.00  0.000000000000000E+00  0.000000000000000E+00 0	   4     300.00     400.00  0.000000000000000E+00  0.000000000000000E+00 0	   4     300.00     400.00  0.000000000000000E+00  0.000000000000000E+00 0	   4     300.00     400.00  0.000000000000000E+00  0.000000000000000E+00 0	   4     300.00     400.00  0.000000000000000E+00  0.000000000000000E+00 0	   4     300.00     400.00  0.000000000000000E+00  0.000000000000000E+00 0	   4     300.00     400.00  0.000000000000000E+00  0.000000000000000E+00 0
   5     400.00     500.00  0.000000000000000E+00  0.000000000000000E+00 0	   5     400.00     500.00  0.000000000000000E+00  0.000000000000000E+00 0	   5     400.00     500.00  0.000000000000000E+00  0.000000000000000E+00 0	   5     400.00     500.00  0.000000000000000E+00  0.000000000000000E+00 0	   5     400.00     500.00  0.000000000000000E+00  0.000000000000000E+00 0	   5     400.00     500.00  0.000000000000000E+00  0.000000000000000E+00 0	   5     400.00     500.00  0.000000000000000E+00  0.000000000000000E+00 0
   6     500.00     600.00  0.000000000000000E+00  0.000000000000000E+00 0	   6     500.00     600.00  0.000000000000000E+00  0.000000000000000E+00 0	   6     500.00     600.00  0.000000000000000E+00  0.000000000000000E+00 0	   6     500.00     600.00  0.000000000000000E+00  0.000000000000000E+00 0	   6     500.00     600.00  0.000000000000000E+00  0.000000000000000E+00 0	   6     500.00     600.00  0.000000000000000E+00  0.000000000000000E+00 0	   6     500.00     600.00  0.000000000000000E+00  0.000000000000000E+00 0
   7     600.00     700.00  2.574696226403990E-06  2.723616167331660E-09 6840044	   7     600.00     700.00  2.574696226403990E-06  2.723616167331660E-09 6840044	   7     600.00     700.00  2.573448679423095E-06  2.717609279923235E-09 6840044	   7     600.00     700.00  2.573448679423095E-06  2.717609279923235E-09 6840044	   7     600.00     700.00  2.553326562639740E-06  2.710006323996832E-09 6840044	   7     600.00     700.00  2.553326562639740E-06  2.710006323996832E-09 6840044	   7     600.00     700.00  2.574696226403990E-06  2.723616167331660E-09 6840044
   8     700.00     800.00  1.141383296641634E-04  3.840128335875456E-08 63915277	   8     700.00     800.00  1.141383296641634E-04  3.840128335875456E-08 63915277	   8     700.00     800.00  1.132609501267906E-04  3.804173827167015E-08 63915277	   8     700.00     800.00  1.132609501267906E-04  3.804173827167015E-08 63915277	   8     700.00     800.00  1.141527704382428E-04  3.853468927438966E-08 63915277	   8     700.00     800.00  1.141527704382428E-04  3.853468927438966E-08 63915277	   8     700.00     800.00  1.141383296641634E-04  3.840128335875456E-08 63915277
   9     800.00     900.00  3.257939628533185E-04  8.987524208509487E-08 108423822	   9     800.00     900.00  3.257939628533185E-04  8.987524208509487E-08 108423822	   9     800.00     900.00  3.208263248708266E-04  8.842655727554679E-08 108423822	   9     800.00     900.00  3.208263248708266E-04  8.842655727554679E-08 108423822	   9     800.00     900.00  3.287636009441132E-04  9.091739962031436E-08 108423822	   9     800.00     900.00  3.287636009441132E-04  9.091739962031436E-08 108423822	   9     800.00     900.00  3.257939628533185E-04  8.987524208509487E-08 108423822
  10     900.00    1000.00  4.883672986426123E-04  1.341038650906622E-07 131774209	  10     900.00    1000.00  4.883672986426123E-04  1.341038650906622E-07 131774209	  10     900.00    1000.00  4.773673831281446E-04  1.310593119993035E-07 131774209	  10     900.00    1000.00  4.773673831281446E-04  1.310593119993035E-07 131774209	  10     900.00    1000.00  4.971138341899120E-04  1.367352756940675E-07 131774209	  10     900.00    1000.00  4.971138341899120E-04  1.367352756940675E-07 131774209	  10     900.00    1000.00  4.883672986426123E-04  1.341038650906622E-07 131774209
  11    1000.00    1100.00  5.935283176094172E-04  1.707924074829003E-07 141227098	  11    1000.00    1100.00  5.935283176094172E-04  1.707924074829003E-07 141227098	  11    1000.00    1100.00  5.761880913744279E-04  1.658777908047636E-07 141227098	  11    1000.00    1100.00  5.761880913744279E-04  1.658777908047636E-07 141227098	  11    1000.00    1100.00  6.090354892372850E-04  1.754245218056502E-07 141227098	  11    1000.00    1100.00  6.090354892372850E-04  1.754245218056502E-07 141227098	  11    1000.00    1100.00  5.935283176094172E-04  1.707924074829003E-07 141227098
  12    1100.00    1200.00  6.567286025656203E-04  2.019979888421261E-07 142654094	  12    1100.00    1200.00  6.567286025656203E-04  2.019979888421261E-07 142654094	  12    1100.00    1200.00  6.335186905885062E-04  1.950749065345232E-07 142654094	  12    1100.00    1200.00  6.335186905885062E-04  1.950749065345232E-07 142654094	  12    1100.00    1200.00  6.788948025113552E-04  2.088621924655423E-07 142654094	  12    1100.00    1200.00  6.788948025113552E-04  2.088621924655423E-07 142654094	  12    1100.00    1200.00  6.567286025656203E-04  2.019979888421261E-07 142654094
  13    1200.00    1300.00  6.909390394514794E-04  2.288349053297171E-07 139938848	  13    1200.00    1300.00  6.909390394514794E-04  2.288349053297171E-07 139938848	  13    1200.00    1300.00  6.626060682624657E-04  2.198236504256120E-07 139938848	  13    1200.00    1300.00  6.626060682624657E-04  2.198236504256120E-07 139938848	  13    1200.00    1300.00  7.191928685896855E-04  2.380806612151101E-07 139938848	  13    1200.00    1300.00  7.191928685896855E-04  2.380806612151101E-07 139938848	  13    1200.00    1300.00  6.909390394514794E-04  2.288349053297171E-07 139938848
  14    1300.00    1400.00  7.052188225300766E-04  2.528778820349679E-07 135225583	  14    1300.00    1400.00  7.052188225300766E-04  2.528778820349679E-07 135225583	  14    1300.00    1400.00  6.725686329312905E-04  2.417220419397244E-07 135225583	  14    1300.00    1400.00  6.725686329312905E-04  2.417220419397244E-07 135225583	  14    1300.00    1400.00  7.388122192473848E-04  2.646126004273654E-07 135225583	  14    1300.00    1400.00  7.388122192473848E-04  2.646126004273654E-07 135225583	  14    1300.00    1400.00  7.052188225300766E-04  2.528778820349679E-07 135225583
  15    1400.00    1500.00  7.051537689078528E-04  2.735137197374446E-07 129584771	  15    1400.00    1500.00  7.051537689078528E-04  2.735137197374446E-07 129584771	  15    1400.00    1500.00  6.689991660271483E-04  2.602077391757741E-07 129584771	  15    1400.00    1500.00  6.689991660271483E-04  2.602077391757741E-07 129584771	  15    1400.00    1500.00  7.432598015370788E-04  2.877854148960785E-07 129584771	  15    1400.00    1500.00  7.432598015370788E-04  2.877854148960785E-07 129584771	  15    1400.00    1500.00  7.051537689078528E-04  2.735137197374446E-07 129584771
  16    1500.00    1600.00  6.948268605138335E-04  2.914547855563356E-07 123608249	  16    1500.00    1600.00  6.948268605138335E-04  2.914547855563356E-07 123608249	  16    1500.00    1600.00  6.559468135596576E-04  2.760457164501522E-07 123608249	  16    1500.00    1600.00  6.559468135596576E-04  2.760457164501522E-07 123608249	  16    1500.00    1600.00  7.366048613607891E-04  3.082399451697860E-07 123608249	  16    1500.00    1600.00  7.366048613607891E-04  3.082399451697860E-07 123608249	  16    1500.00    1600.00  6.948268605138335E-04  2.914547855563356E-07 123608249
  17    1600.00    1700.00  6.777202420857019E-04  3.079212210650474E-07 117609319	  17    1600.00    1700.00  6.777202420857019E-04  3.079212210650474E-07 117609319	  17    1600.00    1700.00  6.367793081354986E-04  2.903911055022546E-07 117609319	  17    1600.00    1700.00  6.367793081354986E-04  2.903911055022546E-07 117609319	  17    1600.00    1700.00  7.224264282368426E-04  3.272672797891744E-07 117609319	  17    1600.00    1700.00  7.224264282368426E-04  3.272672797891744E-07 117609319	  17    1600.00    1700.00  6.777202420857019E-04  3.079212210650474E-07 117609319
  18    1700.00    1800.00  6.549937884435821E-04  3.215313001330631E-07 111750326	  18    1700.00    1800.00  6.549937884435821E-04  3.215313001330631E-07 111750326	  18    1700.00    1800.00  6.126273823137142E-04  3.019554019144347E-07 111750326	  18    1700.00    1800.00  6.126273823137142E-04  3.019554019144347E-07 111750326	  18    1700.00    1800.00  7.018981226434757E-04  3.433796433564457E-07 111750326	  18    1700.00    1800.00  7.018981226434757E-04  3.433796433564457E-07 111750326	  18    1700.00    1800.00  6.549937884435821E-04  3.215313001330631E-07 111750326
  19    1800.00    1900.00  6.303109407001473E-04  3.336616665291071E-07 106135958	  19    1800.00    1900.00  6.303109407001473E-04  3.336616665291071E-07 106135958	  19    1800.00    1900.00  5.869689835375772E-04  3.120665239566946E-07 106135958	  19    1800.00    1900.00  5.869689835375772E-04  3.120665239566946E-07 106135958	  19    1800.00    1900.00  6.788729751871722E-04  3.580029634536361E-07 106135958	  19    1800.00    1900.00  6.788729751871722E-04  3.580029634536361E-07 106135958	  19    1800.00    1900.00  6.303109407001473E-04  3.336616665291071E-07 106135958
  20    1900.00    2000.00  6.022762125604754E-04  3.419875085755547E-07 100772723	  20    1900.00    2000.00  6.022762125604754E-04  3.419875085755547E-07 100772723	  20    1900.00    2000.00  5.584757903211694E-04  3.185495888593032E-07 100772723	  20    1900.00    2000.00  5.584757903211694E-04  3.185495888593032E-07 100772723	  20    1900.00    2000.00  6.518774412884874E-04  3.686449812790026E-07 100772723	  20    1900.00    2000.00  6.518774412884874E-04  3.686449812790026E-07 100772723	  20    1900.00    2000.00  6.022762125604754E-04  3.419875085755547E-07 100772723
  21    2000.00    2100.00  5.729165458818662E-04  3.502824569819259E-07 95691865	  21    2000.00    2100.00  5.729165458818662E-04  3.502824569819259E-07 95691865	  21    2000.00    2100.00  5.290737125643110E-04  3.250183329865080E-07 95691865	  21    2000.00    2100.00  5.290737125643110E-04  3.250183329865080E-07 95691865	  21    2000.00    2100.00  6.230412184638641E-04  3.792457219865481E-07 95691865	  21    2000.00    2100.00  6.230412184638641E-04  3.792457219865481E-07 95691865	  21    2000.00    2100.00  5.729165458818662E-04  3.502824569819259E-07 95691865
  22    2100.00    2200.00  5.435272475586403E-04  3.559348353663438E-07 90886514	  22    2100.00    2200.00  5.435272475586403E-04  3.559348353663438E-07 90886514	  22    2100.00    2200.00  4.999174534254438E-04  3.289994100633415E-07 90886514	  22    2100.00    2200.00  4.999174534254438E-04  3.289994100633415E-07 90886514	  22    2100.00    2200.00  5.938225348448629E-04  3.870430649021488E-07 90886514	  22    2100.00    2200.00  5.938225348448629E-04  3.870430649021488E-07 90886514	  22    2100.00    2200.00  5.435272475586403E-04  3.559348353663438E-07 90886514
  23    2200.00    2300.00  5.130541455622031E-04  3.586609353147371E-07 86390544	  23    2200.00    2300.00  5.130541455622031E-04  3.586609353147371E-07 86390544	  23    2200.00    2300.00  4.700423280272735E-04  3.302621129121387E-07 86390544	  23    2200.00    2300.00  4.700423280272735E-04  3.302621129121387E-07 86390544	  23    2200.00    2300.00  5.630576541601815E-04  3.916865714807461E-07 86390544	  23    2200.00    2300.00  5.630576541601815E-04  3.916865714807461E-07 86390544	  23    2200.00    2300.00  5.130541455622031E-04  3.586609353147371E-07 86390544
  24    2300.00    2400.00  4.838256005546976E-04  3.606413389512000E-07 82160037	  24    2300.00    2400.00  4.838256005546976E-04  3.606413389512000E-07 82160037	  24    2300.00    2400.00  4.415582015500502E-04  3.308104532336270E-07 82160037	  24    2300.00    2400.00  4.415582015500502E-04  3.308104532336270E-07 82160037	  24    2300.00    2400.00  5.333317172932473E-04  3.955643925886796E-07 82160037	  24    2300.00    2400.00  5.333317172932473E-04  3.955643925886796E-07 82160037	  24    2300.00    2400.00  4.838256005546976E-04  3.606413389512000E-07 82160037
  25    2400.00    2500.00  4.545430985786234E-04  3.611223725079496E-07 78167165	  25    2400.00    2500.00  4.545430985786234E-04  3.611223725079496E-07 78167165	  25    2400.00    2500.00  4.132754403102991E-04  3.300377300982546E-07 78167165	  25    2400.00    2500.00  4.132754403102991E-04  3.300377300982546E-07 78167165	  25    2400.00    2500.00  5.032149607655535E-04  3.977358222515209E-07 78167165	  25    2400.00    2500.00  5.032149607655535E-04  3.977358222515209E-07 78167165	  25    2400.00    2500.00  4.545430985786234E-04  3.611223725079496E-07 78167165
  26    2500.00    2600.00  4.263286088019570E-04  3.599857008770404E-07 74428172	  26    2500.00    2600.00  4.263286088019570E-04  3.599857008770404E-07 74428172	  26    2500.00    2600.00  3.861882626722099E-04  3.277907571219702E-07 74428172	  26    2500.00    2600.00  3.861882626722099E-04  3.277907571219702E-07 74428172	  26    2500.00    2600.00  4.739824099064525E-04  3.981324348196789E-07 74428172	  26    2500.00    2600.00  4.739824099064525E-04  3.981324348196789E-07 74428172	  26    2500.00    2600.00  4.263286088019570E-04  3.599857008770404E-07 74428172
  27    2600.00    2700.00  3.987376719345069E-04  3.584819725205742E-07 70907400	  27    2600.00    2700.00  3.987376719345069E-04  3.584819725205742E-07 70907400	  27    2600.00    2700.00  3.598800180689308E-04  3.252362178622353E-07 70907400	  27    2600.00    2700.00  3.598800180689308E-04  3.252362178622353E-07 70907400	  27    2600.00    2700.00  4.451556797266870E-04  3.980967608930540E-07 70907400	  27    2600.00    2700.00  4.451556797266870E-04  3.980967608930540E-07 70907400	  27    2600.00    2700.00  3.987376719345069E-04  3.584819725205742E-07 70907400
  28    2700.00    2800.00  3.718869104271193E-04  3.525681534512690E-07 67608032	  28    2700.00    2800.00  3.718869104271193E-04  3.525681534512690E-07 67608032	  28    2700.00    2800.00  3.344319104263398E-04  3.187147679806271E-07 67608032	  28    2700.00    2800.00  3.344319104263398E-04  3.187147679806271E-07 67608032	  28    2700.00    2800.00  4.168963408086906E-04  3.931294171375397E-07 67608032	  28    2700.00    2800.00  4.168963408086906E-04  3.931294171375397E-07 67608032	  28    2700.00    2800.00  3.718869104271193E-04  3.525681534512690E-07 67608032
  29    2800.00    2900.00  3.455769720871332E-04  3.457285003811524E-07 64503423	  29    2800.00    2900.00  3.455769720871332E-04  3.457285003811524E-07 64503423	  29    2800.00    2900.00  3.096674309522132E-04  3.113887883078170E-07 64503423	  29    2800.00    2900.00  3.096674309522132E-04  3.113887883078170E-07 64503423	  29    2800.00    2900.00  3.889742330761371E-04  3.870966936297366E-07 64503423	  29    2800.00    2900.00  3.889742330761371E-04  3.870966936297366E-07 64503423	  29    2800.00    2900.00  3.455769720871332E-04  3.457285003811524E-07 64503423
  30    2900.00    3000.00  3.222883567902980E-04  3.415238037652431E-07 61573624	  30    2900.00    3000.00  3.222883567902980E-04  3.415238037652431E-07 61573624	  30    2900.00    3000.00  2.877854066354581E-04  3.065066955436966E-07 61573624	  30    2900.00    3000.00  2.877854066354581E-04  3.065066955436966E-07 61573624	  30    2900.00    3000.00  3.642140537531894E-04  3.839254824227242E-07 61573624	  30    2900.00    3000.00  3.642140537531894E-04  3.839254824227242E-07 61573624	  30    2900.00    3000.00  3.222883567902980E-04  3.415238037652431E-07 61573624
  31    3000.00    3100.00  2.991810201728891E-04  3.350592886154269E-07 58819031	  31    3000.00    3100.00  2.991810201728891E-04  3.350592886154269E-07 58819031	  31    3000.00    3100.00  2.662315933784177E-04  2.996528398564859E-07 58819031	  31    3000.00    3100.00  2.662315933784177E-04  2.996528398564859E-07 58819031	  31    3000.00    3100.00  3.394284009017992E-04  3.781464725309211E-07 58819031	  31    3000.00    3100.00  3.394284009017992E-04  3.781464725309211E-07 58819031	  31    3000.00    3100.00  2.991810201728891E-04  3.350592886154269E-07 58819031
  32    3100.00    3200.00  2.768124849054971E-04  3.251695806090031E-07 56210947	  32    3100.00    3200.00  2.768124849054971E-04  3.251695806090031E-07 56210947	  32    3100.00    3200.00  2.454844391308687E-04  2.898016582058172E-07 56210947	  32    3100.00    3200.00  2.454844391308687E-04  2.898016582058172E-07 56210947	  32    3100.00    3200.00  3.152737219995055E-04  3.684186143135388E-07 56210947	  32    3100.00    3200.00  3.152737219995055E-04  3.684186143135388E-07 56210947	  32    3100.00    3200.00  2.768124849054971E-04  3.251695806090031E-07 56210947
  33    3200.00    3300.00  2.564762546554276E-04  3.158018043717747E-07 53768410	  33    3200.00    3300.00  2.564762546554276E-04  3.158018043717747E-07 53768410	  33    3200.00    3300.00  2.266765735534010E-04  2.804553297480672E-07 53768410	  33    3200.00    3300.00  2.266765735534010E-04  2.804553297480672E-07 53768410	  33    3200.00    3300.00  2.932415743698828E-04  3.592362344506700E-07 53768410	  33    3200.00    3300.00  2.932415743698828E-04  3.592362344506700E-07 53768410	  33    3200.00    3300.00  2.564762546554276E-04  3.158018043717747E-07 53768410
  34    3300.00    3400.00  2.368444115532584E-04  3.076221951846778E-07 51429647	  34    3300.00    3400.00  2.368444115532584E-04  3.076221951846778E-07 51429647	  34    3300.00    3400.00  2.086235492443749E-04  2.722383011383272E-07 51429647	  34    3300.00    3400.00  2.086235492443749E-04  2.722383011383272E-07 51429647	  34    3300.00    3400.00  2.718283068285517E-04  3.513088083579713E-07 51429647	  34    3300.00    3400.00  2.718283068285517E-04  3.513088083579713E-07 51429647	  34    3300.00    3400.00  2.368444115532584E-04  3.076221951846778E-07 51429647
  35    3400.00    3500.00  2.178625525881396E-04  2.974483360983260E-07 49227669	  35    3400.00    3500.00  2.178625525881396E-04  2.974483360983260E-07 49227669	  35    3400.00    3500.00  1.912614522715454E-04  2.623415758678139E-07 49227669	  35    3400.00    3500.00  1.912614522715454E-04  2.623415758678139E-07 49227669	  35    3400.00    3500.00  2.509930730067549E-04  3.409901860877165E-07 49227669	  35    3400.00    3500.00  2.509930730067549E-04  3.409901860877165E-07 49227669	  35    3400.00    3500.00  2.178625525881396E-04  2.974483360983260E-07 49227669
  36    3500.00    3600.00  2.011374184383664E-04  2.882773009481255E-07 47161871	  36    3500.00    3600.00  2.011374184383664E-04  2.882773009481255E-07 47161871	  36    3500.00    3600.00  1.760002595854106E-04  2.533811782655011E-07 47161871	  36    3500.00    3600.00  1.760002595854106E-04  2.533811782655011E-07 47161871	  36    3500.00    3600.00  2.325861208380930E-04  3.317549898246134E-07 47161871	  36    3500.00    3600.00  2.325861208380930E-04  3.317549898246134E-07 47161871	  36    3500.00    3600.00  2.011374184383664E-04  2.882773009481255E-07 47161871
  37    3600.00    3700.00  1.846117987522504E-04  2.763079239802993E-07 45193604	  37    3600.00    3700.00  1.846117987522504E-04  2.763079239802993E-07 45193604	  37    3600.00    3700.00  1.610092276348876E-04  2.420310289068914E-07 45193604	  37    3600.00    3700.00  1.610092276348876E-04  2.420310289068914E-07 45193604	  37    3600.00    3700.00  2.142726118592199E-04  3.192062553936077E-07 45193604	  37    3600.00    3700.00  2.142726118592199E-04  3.192062553936077E-07 45193604	  37    3600.00    3700.00  1.846117987522504E-04  2.763079239802993E-07 45193604
  38    3700.00    3800.00  1.697271749976058E-04  2.690058731830342E-07 43320052	  38    3700.00    3800.00  1.697271749976058E-04  2.690058731830342E-07 43320052	  38    3700.00    3800.00  1.475468410358989E-04  2.348724773878949E-07 43320052	  38    3700.00    3800.00  1.475468410358989E-04  2.348724773878949E-07 43320052	  38    3700.00    3800.00  1.977220282883071E-04  3.119034346295894E-07 43320052	  38    3700.00    3800.00  1.977220282883071E-04  3.119034346295894E-07 43320052	  38    3700.00    3800.00  1.697271749976058E-04  2.690058731830342E-07 43320052
  39    3800.00    3900.00  1.561620016548109E-04  2.542023204757456E-07 41548500	  39    3800.00    3900.00  1.561620016548109E-04  2.542023204757456E-07 41548500	  39    3800.00    3900.00  1.353168419528302E-04  2.211593305235968E-07 41548500	  39    3800.00    3900.00  1.353168419528302E-04  2.211593305235968E-07 41548500	  39    3800.00    3900.00  1.825841532674759E-04  2.959206149331388E-07 41548500	  39    3800.00    3900.00  1.825841532674759E-04  2.959206149331388E-07 41548500	  39    3800.00    3900.00  1.561620016548109E-04  2.542023204757456E-07 41548500
  40    3900.00    4000.00  1.424529632152903E-04  2.398130117246779E-07 39876309	  40    3900.00    4000.00  1.424529632152903E-04  2.398130117246779E-07 39876309	  40    3900.00    4000.00  1.230413845474124E-04  2.079352869607889E-07 39876309	  40    3900.00    4000.00  1.230413845474124E-04  2.079352869607889E-07 39876309	  40    3900.00    4000.00  1.671613329266414E-04  2.802344764062969E-07 39876309	  40    3900.00    4000.00  1.671613329266414E-04  2.802344764062969E-07 39876309	  40    3900.00    4000.00  1.424529632152903E-04  2.398130117246779E-07 39876309
  41    4000.00    4100.00  1.306730865002427E-04  2.320024009891896E-07 38273889	  41    4000.00    4100.00  1.306730865002427E-04  2.320024009891896E-07 38273889	  41    4000.00    4100.00  1.125092699367326E-04  2.005159266016365E-07 38273889	  41    4000.00    4100.00  1.125092699367326E-04  2.005159266016365E-07 38273889	  41    4000.00    4100.00  1.538882533603838E-04  2.720901106213208E-07 38273889	  41    4000.00    4100.00  1.538882533603838E-04  2.720901106213208E-07 38273889	  41    4000.00    4100.00  1.306730865002427E-04  2.320024009891896E-07 38273889
  42    4100.00    4200.00  1.193468369233295E-04  2.198662949384523E-07 36753042	  42    4100.00    4200.00  1.193468369233295E-04  2.198662949384523E-07 36753042	  42    4100.00    4200.00  1.024325489882081E-04  1.893786996868998E-07 36753042	  42    4100.00    4200.00  1.024325489882081E-04  1.893786996868998E-07 36753042	  42    4100.00    4200.00  1.410525443794392E-04  2.588494714397346E-07 36753042	  42    4100.00    4200.00  1.410525443794392E-04  2.588494714397346E-07 36753042	  42    4100.00    4200.00  1.193468369233295E-04  2.198662949384523E-07 36753042
  43    4200.00    4300.00  1.082997019559866E-04  2.056351335437130E-07 35298373	  43    4200.00    4300.00  1.082997019559866E-04  2.056351335437130E-07 35298373	  43    4200.00    4300.00  9.265597590707316E-05  1.765372548019701E-07 35298373	  43    4200.00    4300.00  9.265597590707316E-05  1.765372548019701E-07 35298373	  43    4200.00    4300.00  1.284560584834964E-04  2.429950492432316E-07 35298373	  43    4200.00    4300.00  1.284560584834964E-04  2.429950492432316E-07 35298373	  43    4200.00    4300.00  1.082997019559866E-04  2.056351335437130E-07 35298373
  44    4300.00    4400.00  9.869400924490423E-05  1.952541632279073E-07 33917523	  44    4300.00    4400.00  9.869400924490423E-05  1.952541632279073E-07 33917523	  44    4300.00    4400.00  8.417164940777988E-05  1.670349920540857E-07 33917523	  44    4300.00    4400.00  8.417164940777988E-05  1.670349920540857E-07 33917523	  44    4300.00    4400.00  1.174799790100284E-04  2.316460734453227E-07 33917523	  44    4300.00    4400.00  1.174799790100284E-04  2.316460734453227E-07 33917523	  44    4300.00    4400.00  9.869400924490423E-05  1.952541632279073E-07 33917523
  45    4400.00    4500.00  8.974226839704071E-05  1.848337070467606E-07 32616946	  45    4400.00    4500.00  8.974226839704071E-05  1.848337070467606E-07 32616946	  45    4400.00    4500.00  7.629985979261972E-05  1.576417872043677E-07 32616946	  45    4400.00    4500.00  7.629985979261972E-05  1.576417872043677E-07 32616946	  45    4400.00    4500.00  1.071986569684431E-04  2.200308486411635E-07 32616946	  45    4400.00    4500.00  1.071986569684431E-04  2.200308486411635E-07 32616946	  45    4400.00    4500.00  8.974226839704071E-05  1.848337070467606E-07 32616946
  46    4500.00    4600.00  8.154724428634548E-05  1.755674702638760E-07 31360411	  46    4500.00    4600.00  8.154724428634548E-05  1.755674702638760E-07 31360411	  46    4500.00    4600.00  6.911660557685682E-05  1.492548435862437E-07 31360411	  46    4500.00    4600.00  6.911660557685682E-05  1.492548435862437E-07 31360411	  46    4500.00    4600.00  9.775223073424942E-05  2.097620151317719E-07 31360411	  46    4500.00    4600.00  9.775223073424942E-05  2.097620151317719E-07 31360411	  46    4500.00    4600.00  8.154724428634548E-05  1.755674702638760E-07 31360411
  47    4600.00    4700.00  7.392683962346428E-05  1.736585678055705E-07 30153878	  47    4600.00    4700.00  7.392683962346428E-05  1.736585678055705E-07 30153878	  47    4600.00    4700.00  6.246523408049633E-05  1.471748512765335E-07 30153878	  47    4600.00    4700.00  6.246523408049633E-05  1.471748512765335E-07 30153878	  47    4600.00    4700.00  8.892529781042559E-05  2.082050075493936E-07 30153878	  47    4600.00    4700.00  8.892529781042559E-05  2.082050075493936E-07 30153878	  47    4600.00    4700.00  7.392683962346428E-05  1.736585678055705E-07 30153878
  48    4700.00    4800.00  6.670396647621216E-05  1.544127017975755E-07 29002368	  48    4700.00    4800.00  6.670396647621216E-05  1.544127017975755E-07 29002368	  48    4700.00    4800.00  5.618830344896338E-05  1.304325267347211E-07 29002368	  48    4700.00    4800.00  5.618830344896338E-05  1.304325267347211E-07 29002368	  48    4700.00    4800.00  8.051665650652988E-05  1.858201552190072E-07 29002368	  48    4700.00    4800.00  8.051665650652988E-05  1.858201552190072E-07 29002368	  48    4700.00    4800.00  6.670396647621216E-05  1.544127017975755E-07 29002368
  49    4800.00    4900.00  6.036457276245432E-05  1.437297368252770E-07 27916412	  49    4800.00    4900.00  6.036457276245432E-05  1.437297368252770E-07 27916412	  49    4800.00    4900.00  5.069289661292364E-05  1.210092557489815E-07 27916412	  49    4800.00    4900.00  5.069289661292364E-05  1.210092557489815E-07 27916412	  49    4800.00    4900.00  7.311611508815910E-05  1.736067723179141E-07 27916412	  49    4800.00    4900.00  7.311611508815910E-05  1.736067723179141E-07 27916412	  49    4800.00    4900.00  6.036457276245432E-05  1.437297368252770E-07 27916412
  50    4900.00    5000.00  5.461778326687862E-05  1.379530265185678E-07 26862957	  50    4900.00    5000.00  5.461778326687862E-05  1.379530265185678E-07 26862957	  50    4900.00    5000.00  4.572606280492503E-05  1.157925536812800E-07 26862957	  50    4900.00    5000.00  4.572606280492503E-05  1.157925536812800E-07 26862957	  50    4900.00    5000.00  6.638469791796542E-05  1.672000651212784E-07 26862957	  50    4900.00    5000.00  6.638469791796542E-05  1.672000651212784E-07 26862957	  50    4900.00    5000.00  5.461778326687862E-05  1.379530265185678E-07 26862957
  51    5000.00    5100.00  4.915060521521371E-05  1.244547161843042E-07 25860682	  51    5000.00    5100.00  4.915060521521371E-05  1.244547161843042E-07 25860682	  51    5000.00    5100.00  4.102256335819293E-05  1.041048758855789E-07 25860682	  51    5000.00    5100.00  4.102256335819293E-05  1.041048758855789E-07 25860682	  51    5000.00    5100.00  5.994687032631530E-05  1.514233785059173E-07 25860682	  51    5000.00    5100.00  5.994687032631530E-05  1.514233785059173E-07 25860682	  51    5000.00    5100.00  4.915060521521371E-05  1.244547161843042E-07 25860682
  52    5100.00    5200.00  4.427624698467026E-05  1.154651323216195E-07 24897464	  52    5100.00    5200.00  4.427624698467026E-05  1.154651323216195E-07 24897464	  52    5100.00    5200.00  3.684270474699274E-05  9.628163067378906E-08 24897464	  52    5100.00    5200.00  3.684270474699274E-05  9.628163067378906E-08 24897464	  52    5100.00    5200.00  5.418589227921933E-05  1.409837634771640E-07 24897464	  52    5100.00    5200.00  5.418589227921933E-05  1.409837634771640E-07 24897464	  52    5100.00    5200.00  4.427624698467026E-05  1.154651323216195E-07 24897464
  53    5200.00    5300.00  3.994787736693758E-05  1.070352586179798E-07 23983822	  53    5200.00    5300.00  3.994787736693758E-05  1.070352586179798E-07 23983822	  53    5200.00    5300.00  3.314036996604317E-05  8.896867863267481E-08 23983822	  53    5200.00    5300.00  3.314036996604317E-05  8.896867863267481E-08 23983822	  53    5200.00    5300.00  4.905593137401950E-05  1.311591632614773E-07 23983822	  53    5200.00    5300.00  4.905593137401950E-05  1.311591632614773E-07 23983822	  53    5200.00    5300.00  3.994787736693758E-05  1.070352586179798E-07 23983822
  54    5300.00    5400.00  3.564441173754175E-05  9.820516242936059E-08 23099327	  54    5300.00    5400.00  3.564441173754175E-05  9.820516242936059E-08 23099327	  54    5300.00    5400.00  2.948019263586917E-05  8.137257071650768E-08 23099327	  54    5300.00    5400.00  2.948019263586917E-05  8.137257071650768E-08 23099327	  54    5300.00    5400.00  4.392173878724740E-05  1.207654681322300E-07 23099327	  54    5300.00    5400.00  4.392173878724740E-05  1.207654681322300E-07 23099327	  54    5300.00    5400.00  3.564441173754175E-05  9.820516242936059E-08 23099327
  55    5400.00    5500.00  3.209699942222984E-05  9.287880578211765E-08 22253899	  55    5400.00    5500.00  3.209699942222984E-05  9.287880578211765E-08 22253899	  55    5400.00    5500.00  2.646562435506896E-05  7.671761701862386E-08 22253899	  55    5400.00    5500.00  2.646562435506896E-05  7.671761701862386E-08 22253899	  55    5400.00    5500.00  3.968619682666289E-05  1.146202524250278E-07 22253899	  55    5400.00    5500.00  3.968619682666289E-05  1.146202524250278E-07 22253899	  55    5400.00    5500.00  3.209699942222984E-05  9.287880578211765E-08 22253899
  56    5500.00    5600.00  2.872001756140414E-05  8.593349299320266E-08 21444813	  56    5500.00    5600.00  2.872001756140414E-05  8.593349299320266E-08 21444813	  56    5500.00    5600.00  2.361019548859408E-05  7.077357489978597E-08 21444813	  56    5500.00    5600.00  2.361019548859408E-05  7.077357489978597E-08 21444813	  56    5500.00    5600.00  3.563080310659471E-05  1.063988101296454E-07 21444813	  56    5500.00    5600.00  3.563080310659471E-05  1.063988101296454E-07 21444813	  56    5500.00    5600.00  2.872001756140414E-05  8.593349299320266E-08 21444813
  57    5600.00    5700.00  2.575721375828049E-05  8.035768939035628E-08 20661749	  57    5600.00    5700.00  2.575721375828049E-05  8.035768939035628E-08 20661749	  57    5600.00    5700.00  2.111123747866372E-05  6.596678298609861E-08 20661749	  57    5600.00    5700.00  2.111123747866372E-05  6.596678298609861E-08 20661749	  57    5600.00    5700.00  3.206284022052680E-05  9.985870139019984E-08 20661749	  57    5600.00    5700.00  3.206284022052680E-05  9.985870139019984E-08 20661749	  57    5600.00    5700.00  2.575721375828049E-05  8.035768939035628E-08 20661749
  58    5700.00    5800.00  2.280985029748588E-05  7.032150527772024E-08 19926806	  58    5700.00    5800.00  2.280985029748588E-05  7.032150527772024E-08 19926806	  58    5700.00    5800.00  1.863973829181982E-05  5.754777833981160E-08 19926806	  58    5700.00    5800.00  1.863973829181982E-05  5.754777833981160E-08 19926806	  58    5700.00    5800.00  2.848953160351486E-05  8.769454028125227E-08 19926806	  58    5700.00    5800.00  2.848953160351486E-05  8.769454028125227E-08 19926806	  58    5700.00    5800.00  2.280985029748588E-05  7.032150527772024E-08 19926806
  59    5800.00    5900.00  2.039742286875842E-05  6.568241386399879E-08 19200008	  59    5800.00    5900.00  2.039742286875842E-05  6.568241386399879E-08 19200008	  59    5800.00    5900.00  1.661747366391099E-05  5.358038813165803E-08 19200008	  59    5800.00    5900.00  1.661747366391099E-05  5.358038813165803E-08 19200008	  59    5800.00    5900.00  2.556416418085510E-05  8.220347151412277E-08 19200008	  59    5800.00    5900.00  2.556416418085510E-05  8.220347151412277E-08 19200008	  59    5800.00    5900.00  2.039742286875842E-05  6.568241386399879E-08 19200008
  60    5900.00    6000.00  1.813171181007961E-05  6.109381864442778E-08 18515293	  60    5900.00    6000.00  1.813171181007961E-05  6.109381864442778E-08 18515293	  60    5900.00    6000.00  1.472789390672278E-05  4.968924808749828E-08 18515293	  60    5900.00    6000.00  1.472789390672278E-05  4.968924808749828E-08 18515293	  60    5900.00    6000.00  2.280044329081683E-05  7.671566654789804E-08 18515293	  60    5900.00    6000.00  2.280044329081683E-05  7.671566654789804E-08 18515293	  60    5900.00    6000.00  1.813171181007961E-05  6.109381864442778E-08 18515293
  61    6000.00    6100.00  1.615404890640864E-05  5.466605750904681E-08 17852005	  61    6000.00    6100.00  1.615404890640864E-05  5.466605750904681E-08 17852005	  61    6000.00    6100.00  1.308240123189405E-05  4.432438244199675E-08 17852005	  61    6000.00    6100.00  1.308240123189405E-05  4.432438244199675E-08 17852005	  61    6000.00    6100.00  2.038178968284924E-05  6.888293014639090E-08 17852005	  61    6000.00    6100.00  2.038178968284924E-05  6.888293014639090E-08 17852005	  61    6000.00    6100.00  1.615404890640864E-05  5.466605750904681E-08 17852005
  62    6100.00    6200.00  1.432540459933814E-05  5.037064503526729E-08 17216399	  62    6100.00    6200.00  1.432540459933814E-05  5.037064503526729E-08 17216399	  62    6100.00    6200.00  1.156695108048842E-05  4.071652349161454E-08 17216399	  62    6100.00    6200.00  1.156695108048842E-05  4.071652349161454E-08 17216399	  62    6100.00    6200.00  1.813523277775922E-05  6.368957912241192E-08 17216399	  62    6100.00    6200.00  1.813523277775922E-05  6.368957912241192E-08 17216399	  62    6100.00    6200.00  1.432540459933814E-05  5.037064503526729E-08 17216399
  63    6200.00    6300.00  1.264340513291709E-05  4.494390113149817E-08 16599802	  63    6200.00    6300.00  1.264340513291709E-05  4.494390113149817E-08 16599802	  63    6200.00    6300.00  1.017843654551887E-05  3.621922156727493E-08 16599802	  63    6200.00    6300.00  1.017843654551887E-05  3.621922156727493E-08 16599802	  63    6200.00    6300.00  1.605964209649042E-05  5.702297899763265E-08 16599802	  63    6200.00    6300.00  1.605964209649042E-05  5.702297899763265E-08 16599802	  63    6200.00    6300.00  1.264340513291709E-05  4.494390113149817E-08 16599802
  64    6300.00    6400.00  1.119911431242188E-05  4.060049706627089E-08 16011633	  64    6300.00    6400.00  1.119911431242188E-05  4.060049706627089E-08 16011633	  64    6300.00    6400.00  8.988669444245527E-06  3.261854518358425E-08 16011633	  64    6300.00    6400.00  8.988669444245527E-06  3.261854518358425E-08 16011633	  64    6300.00    6400.00  1.427326041521867E-05  5.169050078820250E-08 16011633	  64    6300.00    6400.00  1.427326041521867E-05  5.169050078820250E-08 16011633	  64    6300.00    6400.00  1.119911431242188E-05  4.060049706627089E-08 16011633
  65    6400.00    6500.00  9.940333245942774E-06  3.735405241037564E-08 15445557	  65    6400.00    6500.00  9.940333245942774E-06  3.735405241037564E-08 15445557	  65    6400.00    6500.00  7.954852399034610E-06  2.991709693607002E-08 15445557	  65    6400.00    6500.00  7.954852399034610E-06  2.991709693607002E-08 15445557	  65    6400.00    6500.00  1.271099715523681E-05  4.772342095003798E-08 15445557	  65    6400.00    6500.00  1.271099715523681E-05  4.772342095003798E-08 15445557	  65    6400.00    6500.00  9.940333245942774E-06  3.735405241037564E-08 15445557
  66    6500.00    6600.00  8.782347738458295E-06  3.434540745016585E-08 14896213	  66    6500.00    6600.00  8.782347738458295E-06  3.434540745016585E-08 14896213	  66    6500.00    6600.00  7.007499440121677E-06  2.743057258811451E-08 14896213	  66    6500.00    6600.00  7.007499440121677E-06  2.743057258811451E-08 14896213	  66    6500.00    6600.00  1.126749467716431E-05  4.401788571864430E-08 14896213	  66    6500.00    6600.00  1.126749467716431E-05  4.401788571864430E-08 14896213	  66    6500.00    6600.00  8.782347738458295E-06  3.434540745016585E-08 14896213
  67    6600.00    6700.00  7.704731857449722E-06  2.993014334468172E-08 14370533	  67    6600.00    6700.00  7.704731857449722E-06  2.993014334468172E-08 14370533	  67    6600.00    6700.00  6.129126340122670E-06  2.382684743752732E-08 14370533	  67    6600.00    6700.00  6.129126340122670E-06  2.382684743752732E-08 14370533	  67    6600.00    6700.00  9.918537368409147E-06  3.849898126972679E-08 14370533	  67    6600.00    6700.00  9.918537368409147E-06  3.849898126972679E-08 14370533	  67    6600.00    6700.00  7.704731857449722E-06  2.993014334468172E-08 14370533
  68    6700.00    6800.00  6.815654493041052E-06  2.807310881267239E-08 13855905	  68    6700.00    6800.00  6.815654493041052E-06  2.807310881267239E-08 13855905	  68    6700.00    6800.00  5.405704839053040E-06  2.228778780143658E-08 13855905	  68    6700.00    6800.00  5.405704839053040E-06  2.228778780143658E-08 13855905	  68    6700.00    6800.00  8.803460792349796E-06  3.622037492346878E-08 13855905	  68    6700.00    6800.00  8.803460792349796E-06  3.622037492346878E-08 13855905	  68    6700.00    6800.00  6.815654493041052E-06  2.807310881267239E-08 13855905
  69    6800.00    6900.00  6.000945696280382E-06  2.513335600452286E-08 13369944	  69    6800.00    6900.00  6.000945696280382E-06  2.513335600452286E-08 13369944	  69    6800.00    6900.00  4.745360022007656E-06  1.988176821160519E-08 13369944	  69    6800.00    6900.00  4.745360022007656E-06  1.988176821160519E-08 13369944	  69    6800.00    6900.00  7.777139834150092E-06  3.255951158079959E-08 13369944	  69    6800.00    6900.00  7.777139834150092E-06  3.255951158079959E-08 13369944	  69    6800.00    6900.00  6.000945696280382E-06  2.513335600452286E-08 13369944
  70    6900.00    7000.00  5.252184905999538E-06  2.259848320670441E-08 12899395	  70    6900.00    7000.00  5.252184905999538E-06  2.259848320670441E-08 12899395	  70    6900.00    7000.00  4.140964971389636E-06  1.782883644397331E-08 12899395	  70    6900.00    7000.00  4.140964971389636E-06  1.782883644397331E-08 12899395	  70    6900.00    7000.00  6.829462721771276E-06  2.936350491184153E-08 12899395	  70    6900.00    7000.00  6.829462721771276E-06  2.936350491184153E-08 12899395	  70    6900.00    7000.00  5.252184905999538E-06  2.259848320670441E-08 12899395
  71    7000.00    7100.00  4.613345692322378E-06  2.068359081507928E-08 12441282	  71    7000.00    7100.00  4.613345692322378E-06  2.068359081507928E-08 12441282	  71    7000.00    7100.00  3.626383560490977E-06  1.626623362247218E-08 12441282	  71    7000.00    7100.00  3.626383560490977E-06  1.626623362247218E-08 12441282	  71    7000.00    7100.00  6.019011392381306E-06  2.697128373425441E-08 12441282	  71    7000.00    7100.00  6.019011392381306E-06  2.697128373425441E-08 12441282	  71    7000.00    7100.00  4.613345692322378E-06  2.068359081507928E-08 12441282
  72    7100.00    7200.00  3.980069653341601E-06  1.757132474798271E-08 12000117	  72    7100.00    7200.00  3.980069653341601E-06  1.757132474798271E-08 12000117	  72    7100.00    7200.00  3.119127381096842E-06  1.377556305034073E-08 12000117	  72    7100.00    7200.00  3.119127381096842E-06  1.377556305034073E-08 12000117	  72    7100.00    7200.00  5.210490283313190E-06  2.299350617250356E-08 12000117	  72    7100.00    7200.00  5.210490283313190E-06  2.299350617250356E-08 12000117	  72    7100.00    7200.00  3.980069653341601E-06  1.757132474798271E-08 12000117
  73    7200.00    7300.00  3.456753678010265E-06  1.541408964817256E-08 11578649	  73    7200.00    7300.00  3.456753678010265E-06  1.541408964817256E-08 11578649	  73    7200.00    7300.00  2.701051993651311E-06  1.204714466828576E-08 11578649	  73    7200.00    7300.00  2.701051993651311E-06  1.204714466828576E-08 11578649	  73    7200.00    7300.00  4.540353532157467E-06  2.024024522053904E-08 11578649	  73    7200.00    7300.00  4.540353532157467E-06  2.024024522053904E-08 11578649	  73    7200.00    7300.00  3.456753678010265E-06  1.541408964817256E-08 11578649
  74    7300.00    7400.00  3.057039346009829E-06  1.510128069419792E-08 11163024	  74    7300.00    7400.00  3.057039346009829E-06  1.510128069419792E-08 11163024	  74    7300.00    7400.00  2.381526463237579E-06  1.176563225311166E-08 11163024	  74    7300.00    7400.00  2.381526463237579E-06  1.176563225311166E-08 11163024	  74    7300.00    7400.00  4.028951861848667E-06  1.989927992825312E-08 11163024	  74    7300.00    7400.00  4.028951861848667E-06  1.989927992825312E-08 11163024	  74    7300.00    7400.00  3.057039346009829E-06  1.510128069419792E-08 11163024
  75    7400.00    7500.00  2.639812010155567E-06  1.270096593793937E-08 10775148	  75    7400.00    7500.00  2.639812010155567E-06  1.270096593793937E-08 10775148	  75    7400.00    7500.00  2.050249826316228E-06  9.866770062162576E-09 10775148	  75    7400.00    7500.00  2.050249826316228E-06  9.866770062162576E-09 10775148	  75    7400.00    7500.00  3.490966486273304E-06  1.679094931257788E-08 10775148	  75    7400.00    7500.00  3.490966486273304E-06  1.679094931257788E-08 10775148	  75    7400.00    7500.00  2.639812010155567E-06  1.270096593793937E-08 10775148
  76    7500.00    7600.00  2.298596614041628E-06  1.110428028931932E-08 10394047	  76    7500.00    7600.00  2.298596614041628E-06  1.110428028931932E-08 10394047	  76    7500.00    7600.00  1.779924124275394E-06  8.600119559346800E-09 10394047	  76    7500.00    7600.00  1.779924124275394E-06  8.600119559346800E-09 10394047	  76    7500.00    7600.00  3.049910654035044E-06  1.473040316475928E-08 10394047	  76    7500.00    7600.00  3.049910654035044E-06  1.473040316475928E-08 10394047	  76    7500.00    7600.00  2.298596614041628E-06  1.110428028931932E-08 10394047
  77    7600.00    7700.00  1.978053196250927E-06  9.748844543798664E-09 10022409	  77    7600.00    7700.00  1.978053196250927E-06  9.748844543798664E-09 10022409	  77    7600.00    7700.00  1.527042491422845E-06  7.524415794512702E-09 10022409	  77    7600.00    7700.00  1.527042491422845E-06  7.524415794512702E-09 10022409	  77    7600.00    7700.00  2.633598449503638E-06  1.298236703220443E-08 10022409	  77    7600.00    7700.00  2.633598449503638E-06  1.298236703220443E-08 10022409	  77    7600.00    7700.00  1.978053196250927E-06  9.748844543798664E-09 10022409
  78    7700.00    7800.00  1.722730470998985E-06  8.946929836845283E-09 9671089	  78    7700.00    7800.00  1.722730470998985E-06  8.946929836845283E-09 9671089	  78    7700.00    7800.00  1.325960004475588E-06  6.885736966242873E-09 9671089	  78    7700.00    7800.00  1.325960004475588E-06  6.885736966242873E-09 9671089	  78    7700.00    7800.00  2.301360852838942E-06  1.195273444293943E-08 9671089	  78    7700.00    7800.00  2.301360852838942E-06  1.195273444293943E-08 9671089	  78    7700.00    7800.00  1.722730470998985E-06  8.946929836845283E-09 9671089
  79    7800.00    7900.00  1.492566173960747E-06  8.430565468703309E-09 9322651	  79    7800.00    7900.00  1.492566173960747E-06  8.430565468703309E-09 9322651	  79    7800.00    7900.00  1.145250545762922E-06  6.469435443405448E-09 9322651	  79    7800.00    7900.00  1.145250545762922E-06  6.469435443405448E-09 9322651	  79    7800.00    7900.00  2.000816258948407E-06  1.129941147756526E-08 9322651	  79    7800.00    7900.00  2.000816258948407E-06  1.129941147756526E-08 9322651	  79    7800.00    7900.00  1.492566173960747E-06  8.430565468703309E-09 9322651
  80    7900.00    8000.00  1.279861158792603E-06  6.924711903686183E-09 8983377	  80    7900.00    8000.00  1.279861158792603E-06  6.924711903686183E-09 8983377	  80    7900.00    8000.00  9.790486000463488E-07  5.295223826149340E-09 8983377	  80    7900.00    8000.00  9.790486000463488E-07  5.295223826149340E-09 8983377	  80    7900.00    8000.00  1.721552574687784E-06  9.317817173899307E-09 8983377	  80    7900.00    8000.00  1.721552574687784E-06  9.317817173899307E-09 8983377	  80    7900.00    8000.00  1.279861158792603E-06  6.924711903686183E-09 8983377
  81    8000.00    8100.00  1.096383268502622E-06  5.887222560429665E-09 8667937	  81    8000.00    8100.00  1.096383268502622E-06  5.887222560429665E-09 8667937	  81    8000.00    8100.00  8.360945041538216E-07  4.488203884799030E-09 8667937	  81    8000.00    8100.00  8.360945041538216E-07  4.488203884799030E-09 8667937	  81    8000.00    8100.00  1.479893588194366E-06  7.948872510503393E-09 8667937	  81    8000.00    8100.00  1.479893588194366E-06  7.948872510503393E-09 8667937	  81    8000.00    8100.00  1.096383268502622E-06  5.887222560429665E-09 8667937
  82    8100.00    8200.00  9.344210772259940E-07  5.164486742547527E-09 8351669	  82    8100.00    8200.00  9.344210772259940E-07  5.164486742547527E-09 8351669	  82    8100.00    8200.00  7.104290010994657E-07  3.925415049199930E-09 8351669	  82    8100.00    8200.00  7.104290010994657E-07  3.925415049199930E-09 8351669	  82    8100.00    8200.00  1.265558362226486E-06  6.996543688310302E-09 8351669	  82    8100.00    8200.00  1.265558362226486E-06  6.996543688310302E-09 8351669	  82    8100.00    8200.00  9.344210772259940E-07  5.164486742547527E-09 8351669
  83    8200.00    8300.00  7.974078693150624E-07  4.300699835218360E-09 8046501	  83    8200.00    8300.00  7.974078693150624E-07  4.300699835218360E-09 8046501	  83    8200.00    8300.00  6.043148677925560E-07  3.257425310473344E-09 8046501	  83    8200.00    8300.00  6.043148677925560E-07  3.257425310473344E-09 8046501	  83    8200.00    8300.00  1.083877941198531E-06  5.849320822930089E-09 8046501	  83    8200.00    8300.00  1.083877941198531E-06  5.849320822930089E-09 8046501	  83    8200.00    8300.00  7.974078693150624E-07  4.300699835218360E-09 8046501
  84    8300.00    8400.00  6.839391147671995E-07  3.896435911414805E-09 7760632	  84    8300.00    8400.00  6.839391147671995E-07  3.896435911414805E-09 7760632	  84    8300.00    8400.00  5.167024215473678E-07  2.940804594691612E-09 7760632	  84    8300.00    8400.00  5.167024215473678E-07  2.940804594691612E-09 7760632	  84    8300.00    8400.00  9.329033919771424E-07  5.320577090073459E-09 7760632	  84    8300.00    8400.00  9.329033919771424E-07  5.320577090073459E-09 7760632	  84    8300.00    8400.00  6.839391147671995E-07  3.896435911414805E-09 7760632
  85    8400.00    8500.00  5.837056877675465E-07  3.419431874902171E-09 7478231	  85    8400.00    8500.00  5.837056877675465E-07  3.419431874902171E-09 7478231	  85    8400.00    8500.00  4.395667976120344E-07  2.572800847457777E-09 7478231	  85    8400.00    8500.00  4.395667976120344E-07  2.572800847457777E-09 7478231	  85    8400.00    8500.00  7.990428233051772E-07  4.685427315310918E-09 7478231	  85    8400.00    8500.00  7.990428233051772E-07  4.685427315310918E-09 7478231	  85    8400.00    8500.00  5.837056877675465E-07  3.419431874902171E-09 7478231
  86    8500.00    8600.00  5.018052537206075E-07  2.999631244917659E-09 7210539	  86    8500.00    8600.00  5.018052537206075E-07  2.999631244917659E-09 7210539	  86    8500.00    8600.00  3.766554283648954E-07  2.250572186977365E-09 7210539	  86    8500.00    8600.00  3.766554283648954E-07  2.250572186977365E-09 7210539	  86    8500.00    8600.00  6.894442010549392E-07  4.123200444279652E-09 7210539	  86    8500.00    8600.00  6.894442010549392E-07  4.123200444279652E-09 7210539	  86    8500.00    8600.00  5.018052537206075E-07  2.999631244917659E-09 7210539
  87    8600.00    8700.00  4.190596131573199E-07  2.553454101168996E-09 6943703	  87    8600.00    8700.00  4.190596131573199E-07  2.553454101168996E-09 6943703	  87    8600.00    8700.00  3.135302564154786E-07  1.909476357834222E-09 6943703	  87    8600.00    8700.00  3.135302564154786E-07  1.909476357834222E-09 6943703	  87    8600.00    8700.00  5.778435627373823E-07  3.522957869124559E-09 6943703	  87    8600.00    8700.00  5.778435627373823E-07  3.522957869124559E-09 6943703	  87    8600.00    8700.00  4.190596131573199E-07  2.553454101168996E-09 6943703
  88    8700.00    8800.00  3.553879711511406E-07  2.116682099806509E-09 6687191	  88    8700.00    8800.00  3.553879711511406E-07  2.116682099806509E-09 6687191	  88    8700.00    8800.00  2.650223446768615E-07  1.577216134964723E-09 6687191	  88    8700.00    8800.00  2.650223446768615E-07  1.577216134964723E-09 6687191	  88    8700.00    8800.00  4.918426487665267E-07  2.932061371743602E-09 6687191	  88    8700.00    8800.00  4.918426487665267E-07  2.932061371743602E-09 6687191	  88    8700.00    8800.00  3.553879711511406E-07  2.116682099806509E-09 6687191
  89    8800.00    8900.00  3.000899505273195E-07  1.870944518018119E-09 6433522	  89    8800.00    8900.00  3.000899505273195E-07  1.870944518018119E-09 6433522	  89    8800.00    8900.00  2.230162146754781E-07  1.388360113509050E-09 6433522	  89    8800.00    8900.00  2.230162146754781E-07  1.388360113509050E-09 6433522	  89    8800.00    8900.00  4.169127365917250E-07  2.603825197342113E-09 6433522	  89    8800.00    8900.00  4.169127365917250E-07  2.603825197342113E-09 6433522	  89    8800.00    8900.00  3.000899505273195E-07  1.870944518018119E-09 6433522
  90    8900.00    9000.00  2.555290421793340E-07  1.703044235372794E-09 6195074	  90    8900.00    9000.00  2.555290421793340E-07  1.703044235372794E-09 6195074	  90    8900.00    9000.00  1.892639061417708E-07  1.260944945094885E-09 6195074	  90    8900.00    9000.00  1.892639061417708E-07  1.260944945094885E-09 6195074	  90    8900.00    9000.00  3.563361111150301E-07  2.375923531461559E-09 6195074	  90    8900.00    9000.00  3.563361111150301E-07  2.375923531461559E-09 6195074	  90    8900.00    9000.00  2.555290421793340E-07  1.703044235372794E-09 6195074
  91    9000.00    9100.00  2.122164635855558E-07  1.397144053506552E-09 5959745	  91    9000.00    9100.00  2.122164635855558E-07  1.397144053506552E-09 5959745	  91    9000.00    9100.00  1.566498022018969E-07  1.029602981461739E-09 5959745	  91    9000.00    9100.00  1.566498022018969E-07  1.029602981461739E-09 5959745	  91    9000.00    9100.00  2.970603659838628E-07  1.959479047148920E-09 5959745	  91    9000.00    9100.00  2.970603659838628E-07  1.959479047148920E-09 5959745	  91    9000.00    9100.00  2.122164635855558E-07  1.397144053506552E-09 5959745
  92    9100.00    9200.00  1.776157468605355E-07  1.229882838365823E-09 5737218	  92    9100.00    9200.00  1.776157468605355E-07  1.229882838365823E-09 5737218	  92    9100.00    9200.00  1.306639068893093E-07  9.048009232617467E-10 5737218	  92    9100.00    9200.00  1.306639068893093E-07  9.048009232617467E-10 5737218	  92    9100.00    9200.00  2.495720212343828E-07  1.728253372818519E-09 5737218	  92    9100.00    9200.00  2.495720212343828E-07  1.728253372818519E-09 5737218	  92    9100.00    9200.00  1.776157468605355E-07  1.229882838365823E-09 5737218
  93    9200.00    9300.00  1.489634081304875E-07  9.911376570653698E-10 5519451	  93    9200.00    9300.00  1.489634081304875E-07  9.911376570653698E-10 5519451	  93    9200.00    9300.00  1.091909080426902E-07  7.259118433693875E-10 5519451	  93    9200.00    9300.00  1.091909080426902E-07  7.259118433693875E-10 5519451	  93    9200.00    9300.00  2.101559331328958E-07  1.399721529140237E-09 5519451	  93    9200.00    9300.00  2.101559331328958E-07  1.399721529140237E-09 5519451	  93    9200.00    9300.00  1.489634081304875E-07  9.911376570653698E-10 5519451
  94    9300.00    9400.00  1.246099393028363E-07  8.500440611091736E-10 5303980	  94    9300.00    9400.00  1.246099393028363E-07  8.500440611091736E-10 5303980	  94    9300.00    9400.00  9.101074019422184E-08  6.206897507844476E-10 5303980	  94    9300.00    9400.00  9.101074019422184E-08  6.206897507844476E-10 5303980	  94    9300.00    9400.00  1.765069487705108E-07  1.204553550617676E-09 5303980	  94    9300.00    9400.00  1.765069487705108E-07  1.204553550617676E-09 5303980	  94    9300.00    9400.00  1.246099393028363E-07  8.500440611091736E-10 5303980
  95    9400.00    9500.00  1.019080679602670E-07  7.237781691572325E-10 5095761	  95    9400.00    9500.00  1.019080679602670E-07  7.237781691572325E-10 5095761	  95    9400.00    9500.00  7.416269320441030E-08  5.266632927749018E-10 5095761	  95    9400.00    9500.00  7.416269320441030E-08  5.266632927749018E-10 5095761	  95    9400.00    9500.00  1.449294999283582E-07  1.029613958805558E-09 5095761	  95    9400.00    9500.00  1.449294999283582E-07  1.029613958805558E-09 5095761	  95    9400.00    9500.00  1.019080679602670E-07  7.237781691572325E-10 5095761
  96    9500.00    9600.00  8.486406847432260E-08  6.032455002948154E-10 4899081	  96    9500.00    9600.00  8.486406847432260E-08  6.032455002948154E-10 4899081	  96    9500.00    9600.00  6.152493779525343E-08  4.372735173385089E-10 4899081	  96    9500.00    9600.00  6.152493779525343E-08  4.372735173385089E-10 4899081	  96    9500.00    9600.00  1.212019332913161E-07  8.618405214807263E-10 4899081	  96    9500.00    9600.00  1.212019332913161E-07  8.618405214807263E-10 4899081	  96    9500.00    9600.00  8.486406847432260E-08  6.032455002948154E-10 4899081
  97    9600.00    9700.00  6.974411294711668E-08  5.031108072082038E-10 4711201	  97    9600.00    9700.00  6.974411294711668E-08  5.031108072082038E-10 4711201	  97    9600.00    9700.00  5.038118471267114E-08  3.634948306216411E-10 4711201	  97    9600.00    9700.00  5.038118471267114E-08  3.634948306216411E-10 4711201	  97    9600.00    9700.00  1.000085940158913E-07  7.214248803319277E-10 4711201	  97    9600.00    9700.00  1.000085940158913E-07  7.214248803319277E-10 4711201	  97    9600.00    9700.00  6.974411294711668E-08  5.031108072082038E-10 4711201
  98    9700.00    9800.00  5.784864592136563E-08  4.322290907455768E-10 4521348	  98    9700.00    9800.00  5.784864592136563E-08  4.322290907455768E-10 4521348	  98    9700.00    9800.00  4.163062067642952E-08  3.114119214620183E-10 4521348	  98    9700.00    9800.00  4.163062067642952E-08  3.114119214620183E-10 4521348	  98    9700.00    9800.00  8.330159788166558E-08  6.217332259582878E-10 4521348	  98    9700.00    9800.00  8.330159788166558E-08  6.217332259582878E-10 4521348	  98    9700.00    9800.00  5.784864592136563E-08  4.322290907455768E-10 4521348
  99    9800.00    9900.00  4.652680673608155E-08  3.508164256193912E-10 4333051	  99    9800.00    9900.00  4.652680673608155E-08  3.508164256193912E-10 4333051	  99    9800.00    9900.00  3.334737898815885E-08  2.516288625971092E-10 4333051	  99    9800.00    9900.00  3.334737898815885E-08  2.516288625971092E-10 4333051	  99    9800.00    9900.00  6.730079053369981E-08  5.071430143700485E-10 4333051	  99    9800.00    9900.00  6.730079053369981E-08  5.071430143700485E-10 4333051	  99    9800.00    9900.00  4.652680673608155E-08  3.508164256193912E-10 4333051
 100    9900.00   10000.00  3.806134416012393E-08  2.873724966328247E-10 4158741	 100    9900.00   10000.00  3.806134416012393E-08  2.873724966328247E-10 4158741	 100    9900.00   10000.00  2.716543239186142E-08  2.054437718017702E-10 4158741	 100    9900.00   10000.00  2.716543239186142E-08  2.054437718017702E-10 4158741	 100    9900.00   10000.00  5.531417440119066E-08  4.169797495252071E-10 4158741	 100    9900.00   10000.00  5.531417440119066E-08  4.169797495252071E-10 4158741	 100    9900.00   10000.00  3.806134416012393E-08  2.873724966328247E-10 4158741
 101   10000.00   10100.00  3.130338103062835E-08  2.483716522978031E-10 3989662	 101   10000.00   10100.00  3.130338103062835E-08  2.483716522978031E-10 3989662	 101   10000.00   10100.00  2.225281048004049E-08  1.767351074254199E-10 3989662	 101   10000.00   10100.00  2.225281048004049E-08  1.767351074254199E-10 3989662	 101   10000.00   10100.00  4.569599930144888E-08  3.622502608438895E-10 3989662	 101   10000.00   10100.00  4.569599930144888E-08  3.622502608438895E-10 3989662	 101   10000.00   10100.00  3.130338103062835E-08  2.483716522978031E-10 3989662
 102   10100.00   10200.00  2.443521651278763E-08  1.825898355347200E-10 3819739	 102   10100.00   10200.00  2.443521651278763E-08  1.825898355347200E-10 3819739	 102   10100.00   10200.00  1.729280418144864E-08  1.294401980802337E-10 3819739	 102   10100.00   10200.00  1.729280418144864E-08  1.294401980802337E-10 3819739	 102   10100.00   10200.00  3.584815515374998E-08  2.674316125300303E-10 3819739	 102   10100.00   10200.00  3.584815515374998E-08  2.674316125300303E-10 3819739	 102   10100.00   10200.00  2.443521651278763E-08  1.825898355347200E-10 3819739
 103   10200.00   10300.00  2.008949983978221E-08  1.679813506225776E-10 3662015	 103   10200.00   10300.00  2.008949983978221E-08  1.679813506225776E-10 3662015	 103   10200.00   10300.00  1.415647798245506E-08  1.187444047315882E-10 3662015	 103   10200.00   10300.00  1.415647798245506E-08  1.187444047315882E-10 3662015	 103   10200.00   10300.00  2.961403706893543E-08  2.468216697644273E-10 3662015	 103   10200.00   10300.00  2.961403706893543E-08  2.468216697644273E-10 3662015	 103   10200.00   10300.00  2.008949983978221E-08  1.679813506225776E-10 3662015
 104   10300.00   10400.00  1.629351219722116E-08  1.386825323868905E-10 3505873	 104   10300.00   10400.00  1.629351219722116E-08  1.386825323868905E-10 3505873	 104   10300.00   10400.00  1.143211953885285E-08  9.761697881408823E-11 3505873	 104   10300.00   10400.00  1.143211953885285E-08  9.761697881408823E-11 3505873	 104   10300.00   10400.00  2.413417133559879E-08  2.047410222624931E-10 3505873	 104   10300.00   10400.00  2.413417133559879E-08  2.047410222624931E-10 3505873	 104   10300.00   10400.00  1.629351219722116E-08  1.386825323868905E-10 3505873
 105   10400.00   10500.00  1.288659909807329E-08  1.165663262441350E-10 3353116	 105   10400.00   10500.00  1.288659909807329E-08  1.165663262441350E-10 3353116	 105   10400.00   10500.00  8.998854171462289E-09  8.168056356894964E-11 3353116	 105   10400.00   10500.00  8.998854171462289E-09  8.168056356894964E-11 3353116	 105   10400.00   10500.00  1.918921313927424E-08  1.729568763884252E-10 3353116	 105   10400.00   10500.00  1.918921313927424E-08  1.729568763884252E-10 3353116	 105   10400.00   10500.00  1.288659909807329E-08  1.165663262441350E-10 3353116
 106   10500.00   10600.00  1.000244439598390E-08  8.852468487708994E-11 3204306	 106   10500.00   10600.00  1.000244439598390E-08  8.852468487708994E-11 3204306	 106   10500.00   10600.00  6.952641093688578E-09  6.181791531298734E-11 3204306	 106   10500.00   10600.00  6.952641093688578E-09  6.181791531298734E-11 3204306	 106   10500.00   10600.00  1.497131598908714E-08  1.318573854889745E-10 3204306	 106   10500.00   10600.00  1.497131598908714E-08  1.318573854889745E-10 3204306	 106   10500.00   10600.00  1.000244439598390E-08  8.852468487708994E-11 3204306
 107   10600.00   10700.00  7.910722178376367E-09  8.110732963161612E-11 3061662	 107   10600.00   10700.00  7.910722178376367E-09  8.110732963161612E-11 3061662	 107   10600.00   10700.00  5.472560462503727E-09  5.646029325201563E-11 3061662	 107   10600.00   10700.00  5.472560462503727E-09  5.646029325201563E-11 3061662	 107   10600.00   10700.00  1.190341722884804E-08  1.212310527758658E-10 3061662	 107   10600.00   10700.00  1.190341722884804E-08  1.212310527758658E-10 3061662	 107   10600.00   10700.00  7.910722178376367E-09  8.110732963161612E-11 3061662
 108   10700.00   10800.00  6.131587507365375E-09  5.779112599350909E-11 2921430	 108   10700.00   10800.00  6.131587507365375E-09  5.779112599350909E-11 2921430	 108   10700.00   10800.00  4.220017058544648E-09  4.001886290516597E-11 2921430	 108   10700.00   10800.00  4.220017058544648E-09  4.001886290516597E-11 2921430	 108   10700.00   10800.00  9.279423761175093E-09  8.689040741769237E-11 2921430	 108   10700.00   10800.00  9.279423761175093E-09  8.689040741769237E-11 2921430	 108   10700.00   10800.00  6.131587507365375E-09  5.779112599350909E-11 2921430
 109   10800.00   10900.00  4.765216920605292E-09  5.020716163587728E-11 2785364	 109   10800.00   10900.00  4.765216920605292E-09  5.020716163587728E-11 2785364	 109   10800.00   10900.00  3.264035620289034E-09  3.465639426687740E-11 2785364	 109   10800.00   10900.00  3.264035620289034E-09  3.465639426687740E-11 2785364	 109   10800.00   10900.00  7.249981081598613E-09  7.574758384092735E-11 2785364	 109   10800.00   10900.00  7.249981081598613E-09  7.574758384092735E-11 2785364	 109   10800.00   10900.00  4.765216920605292E-09  5.020716163587728E-11 2785364
 110   10900.00   11000.00  3.677404795382890E-09  3.767530953475837E-11 2654913	 110   10900.00   11000.00  3.677404795382890E-09  3.767530953475837E-11 2654913	 110   10900.00   11000.00  2.505185590136398E-09  2.588055576713741E-11 2654913	 110   10900.00   11000.00  2.505185590136398E-09  2.588055576713741E-11 2654913	 110   10900.00   11000.00  5.629166175635083E-09  5.715197821884170E-11 2654913	 110   10900.00   11000.00  5.629166175635083E-09  5.715197821884170E-11 2654913	 110   10900.00   11000.00  3.677404795382890E-09  3.767530953475837E-11 2654913
 111   11000.00   11100.00  2.814602549265662E-09  2.888102925941752E-11 2530265	 111   11000.00   11100.00  2.814602549265662E-09  2.888102925941752E-11 2530265	 111   11000.00   11100.00  1.907289709876890E-09  1.975014775693372E-11 2530265	 111   11000.00   11100.00  1.907289709876890E-09  1.975014775693372E-11 2530265	 111   11000.00   11100.00  4.333938918680531E-09  4.403209831654830E-11 2530265	 111   11000.00   11100.00  4.333938918680531E-09  4.403209831654830E-11 2530265	 111   11000.00   11100.00  2.814602549265662E-09  2.888102925941752E-11 2530265
 112   11100.00   11200.00  2.118138905989021E-09  2.185710241965297E-11 2400195	 112   11100.00   11200.00  2.118138905989021E-09  2.185710241965297E-11 2400195	 112   11100.00   11200.00  1.427541506048401E-09  1.486727441815926E-11 2400195	 112   11100.00   11200.00  1.427541506048401E-09  1.486727441815926E-11 2400195	 112   11100.00   11200.00  3.281386037105988E-09  3.352340604461625E-11 2400195	 112   11100.00   11200.00  3.281386037105988E-09  3.352340604461625E-11 2400195	 112   11100.00   11200.00  2.118138905989021E-09  2.185710241965297E-11 2400195
 113   11200.00   11300.00  1.612900374614698E-09  1.918597206196834E-11 2283256	 113   11200.00   11300.00  1.612900374614698E-09  1.918597206196834E-11 2283256	 113   11200.00   11300.00  1.080868811373565E-09  1.300568386045308E-11 2283256	 113   11200.00   11300.00  1.080868811373565E-09  1.300568386045308E-11 2283256	 113   11200.00   11300.00  2.514533413951813E-09  2.953470999124852E-11 2283256	 113   11200.00   11300.00  2.514533413951813E-09  2.953470999124852E-11 2283256	 113   11200.00   11300.00  1.612900374614698E-09  1.918597206196834E-11 2283256
 114   11300.00   11400.00  1.177961847322071E-09  1.510260268512679E-11 2168932	 114   11300.00   11400.00  1.177961847322071E-09  1.510260268512679E-11 2168932	 114   11300.00   11400.00  7.843407426336896E-10  1.015557148414607E-11 2168932	 114   11300.00   11400.00  7.843407426336896E-10  1.015557148414607E-11 2168932	 114   11300.00   11400.00  1.849653303396811E-09  2.346000757134998E-11 2168932	 114   11300.00   11400.00  1.849653303396811E-09  2.346000757134998E-11 2168932	 114   11300.00   11400.00  1.177961847322071E-09  1.510260268512679E-11 2168932
 115   11400.00   11500.00  8.532040560986898E-10  1.098760180777029E-11 2050310	 115   11400.00   11500.00  8.532040560986898E-10  1.098760180777029E-11 2050310	 115   11400.00   11500.00  5.647348191641148E-10  7.348363195495327E-12 2050310	 115   11400.00   11500.00  5.647348191641148E-10  7.348363195495327E-12 2050310	 115   11400.00   11500.00  1.348615348447028E-09  1.716954826391525E-11 2050310	 115   11400.00   11500.00  1.348615348447028E-09  1.716954826391525E-11 2050310	 115   11400.00   11500.00  8.532040560986898E-10  1.098760180777029E-11 2050310
 116   11500.00   11600.00  6.159247054950987E-10  7.770428531692972E-12 1939598	 116   11500.00   11600.00  6.159247054950987E-10  7.770428531692972E-12 1939598	 116   11500.00   11600.00  4.048821616951552E-10  5.187188808982054E-12 1939598	 116   11500.00   11600.00  4.048821616951552E-10  5.187188808982054E-12 1939598	 116   11500.00   11600.00  9.810520614616475E-10  1.216857681045186E-11 1939598	 116   11500.00   11600.00  9.810520614616475E-10  1.216857681045186E-11 1939598	 116   11500.00   11600.00  6.159247054950987E-10  7.770428531692972E-12 1939598
 117   11600.00   11700.00  4.580847766044378E-10  6.586602968911851E-12 1834503	 117   11600.00   11700.00  4.580847766044378E-10  6.586602968911851E-12 1834503	 117   11600.00   11700.00  2.993267226620870E-10  4.365402061242794E-12 1834503	 117   11600.00   11700.00  2.993267226620870E-10  4.365402061242794E-12 1834503	 117   11600.00   11700.00  7.345211153159630E-10  1.039619179541765E-11 1834503	 117   11600.00   11700.00  7.345211153159630E-10  1.039619179541765E-11 1834503	 117   11600.00   11700.00  4.580847766044378E-10  6.586602968911851E-12 1834503
 118   11700.00   11800.00  3.218061407516565E-10  4.951089835963861E-12 1730162	 118   11700.00   11800.00  3.218061407516565E-10  4.951089835963861E-12 1730162	 118   11700.00   11800.00  2.089441330798002E-10  3.255634387648950E-12 1730162	 118   11700.00   11800.00  2.089441330798002E-10  3.255634387648950E-12 1730162	 118   11700.00   11800.00  5.196836542197189E-10  7.884261454891963E-12 1730162	 118   11700.00   11800.00  5.196836542197189E-10  7.884261454891963E-12 1730162	 118   11700.00   11800.00  3.218061407516565E-10  4.951089835963861E-12 1730162
 119   11800.00   11900.00  2.196932952863227E-10  3.138205301314408E-12 1629662	 119   11800.00   11900.00  2.196932952863227E-10  3.138205301314408E-12 1629662	 119   11800.00   11900.00  1.415350648504069E-10  2.054030605923781E-12 1629662	 119   11800.00   11900.00  1.415350648504069E-10  2.054030605923781E-12 1629662	 119   11800.00   11900.00  3.578738322127425E-10  5.022697477527093E-12 1629662	 119   11800.00   11900.00  3.578738322127425E-10  5.022697477527093E-12 1629662	 119   11800.00   11900.00  2.196932952863227E-10  3.138205301314408E-12 1629662
 120   11900.00   12000.00  1.571212380113601E-10  2.645462967792418E-12 1528831	 120   11900.00   12000.00  1.571212380113601E-10  2.645462967792418E-12 1528831	 120   11900.00   12000.00  1.005398802485003E-10  1.722981060407681E-12 1528831	 120   11900.00   12000.00  1.005398802485003E-10  1.722981060407681E-12 1528831	 120   11900.00   12000.00  2.578826493822657E-10  4.257049113756744E-12 1528831	 120   11900.00   12000.00  2.578826493822657E-10  4.257049113756744E-12 1528831	 120   11900.00   12000.00  1.571212380113601E-10  2.645462967792418E-12 1528831
 121   12000.00   12100.00  1.017735301843668E-10  1.704671430314388E-12 1433956	 121   12000.00   12100.00  1.017735301843668E-10  1.704671430314388E-12 1433956	 121   12000.00   12100.00  6.457242575654606E-11  1.100747861143135E-12 1433956	 121   12000.00   12100.00  6.457242575654606E-11  1.100747861143135E-12 1433956	 121   12000.00   12100.00  1.686287063724323E-10  2.769739533253096E-12 1433956	 121   12000.00   12100.00  1.686287063724323E-10  2.769739533253096E-12 1433956	 121   12000.00   12100.00  1.017735301843668E-10  1.704671430314388E-12 1433956
 122   12100.00   12200.00  6.613635392689217E-11  1.294158782531116E-12 1339771	 122   12100.00   12200.00  6.613635392689217E-11  1.294158782531116E-12 1339771	 122   12100.00   12200.00  4.161360759611883E-11  8.292465920765166E-13 1339771	 122   12100.00   12200.00  4.161360759611883E-11  8.292465920765166E-13 1339771	 122   12100.00   12200.00  1.106045556648500E-10  2.120767543474597E-12 1339771	 122   12100.00   12200.00  1.106045556648500E-10  2.120767543474597E-12 1339771	 122   12100.00   12200.00  6.613635392689217E-11  1.294158782531116E-12 1339771
 123   12200.00   12300.00  4.329872901995642E-11  8.734414397813218E-13 1248950	 123   12200.00   12300.00  4.329872901995642E-11  8.734414397813218E-13 1248950	 123   12200.00   12300.00  2.700527052130531E-11  5.545228261771191E-13 1248950	 123   12200.00   12300.00  2.700527052130531E-11  5.545228261771191E-13 1248950	 123   12200.00   12300.00  7.312443625916949E-11  1.446235172088193E-12 1248950	 123   12200.00   12300.00  7.312443625916949E-11  1.446235172088193E-12 1248950	 123   12200.00   12300.00  4.329872901995642E-11  8.734414397813218E-13 1248950
 124   12300.00   12400.00  2.674716104773922E-11  5.782033382340986E-13 1161105	 124   12300.00   12400.00  2.674716104773922E-11  5.782033382340986E-13 1161105	 124   12300.00   12400.00  1.654346531245301E-11  3.642643473365430E-13 1161105	 124   12300.00   12400.00  1.654346531245301E-11  3.642643473365430E-13 1161105	 124   12300.00   12400.00  4.559404085888428E-11  9.655539034114044E-13 1161105	 124   12300.00   12400.00  4.559404085888428E-11  9.655539034114044E-13 1161105	 124   12300.00   12400.00  2.674716104773922E-11  5.782033382340986E-13 1161105
 125   12400.00   12500.00  1.705713314492575E-11  4.519654853807263E-13 1074440	 125   12400.00   12500.00  1.705713314492575E-11  4.519654853807263E-13 1074440	 125   12400.00   12500.00  1.044811218536116E-11  2.819289737428775E-13 1074440	 125   12400.00   12500.00  1.044811218536116E-11  2.819289737428775E-13 1074440	 125   12400.00   12500.00  2.939210552594148E-11  7.631697233723866E-13 1074440	 125   12400.00   12500.00  2.939210552594148E-11  7.631697233723866E-13 1074440	 125   12400.00   12500.00  1.705713314492575E-11  4.519654853807263E-13 1074440
 126   12500.00   12600.00  1.043824425237872E-11  3.042415636260045E-13 992929	 126   12500.00   12600.00  1.043824425237872E-11  3.042415636260045E-13 992929	 126   12500.00   12600.00  6.331587828142190E-12  1.875706097962382E-13 992929	 126   12500.00   12600.00  6.331587828142190E-12  1.875706097962382E-13 992929	 126   12500.00   12600.00  1.818384402351040E-11  5.204775404228604E-13 992929	 126   12500.00   12600.00  1.818384402351040E-11  5.204775404228604E-13 992929	 126   12500.00   12600.00  1.043824425237872E-11  3.042415636260045E-13 992929
 127   12600.00   12700.00  5.401997489340949E-12  1.989549135431014E-13 907829	 127   12600.00   12700.00  5.401997489340949E-12  1.989549135431014E-13 907829	 127   12600.00   12700.00  3.234899338675077E-12  1.219689232752238E-13 907829	 127   12600.00   12700.00  3.234899338675077E-12  1.219689232752238E-13 907829	 127   12600.00   12700.00  9.546866237187068E-12  3.426302514824725E-13 907829	 127   12600.00   12700.00  9.546866237187068E-12  3.426302514824725E-13 907829	 127   12600.00   12700.00  5.401997489340949E-12  1.989549135431014E-13 907829
 128   12700.00   12800.00  3.188489309121703E-12  1.035103185980481E-13 830319	 128   12700.00   12800.00  3.188489309121703E-12  1.035103185980481E-13 830319	 128   12700.00   12800.00  1.891382837488625E-12  6.249581801071414E-14 830319	 128   12700.00   12800.00  1.891382837488625E-12  6.249581801071414E-14 830319	 128   12700.00   12800.00  5.695252261484688E-12  1.812964439412300E-13 830319	 128   12700.00   12800.00  5.695252261484688E-12  1.812964439412300E-13 830319	 128   12700.00   12800.00  3.188489309121703E-12  1.035103185980481E-13 830319
 129   12800.00   12900.00  1.605637121691850E-12  5.928977117092921E-14 752784	 129   12800.00   12900.00  1.605637121691850E-12  5.928977117092921E-14 752784	 129   12800.00   12900.00  9.421447023560807E-13  3.551123411943462E-14 752784	 129   12800.00   12900.00  9.421447023560807E-13  3.551123411943462E-14 752784	 129   12800.00   12900.00  2.902948666517886E-12  1.047855905077009E-13 752784	 129   12800.00   12900.00  2.902948666517886E-12  1.047855905077009E-13 752784	 129   12800.00   12900.00  1.605637121691850E-12  5.928977117092921E-14 752784
 130   12900.00   13000.00  8.358408939464489E-13  4.226977113686714E-14 677925	 130   12900.00   13000.00  8.358408939464489E-13  4.226977113686714E-14 677925	 130   12900.00   13000.00  4.839381027188689E-13  2.492408931656588E-14 677925	 130   12900.00   13000.00  4.839381027188689E-13  2.492408931656588E-14 677925	 130   12900.00   13000.00  1.533958562308339E-12  7.606656765023976E-14 677925	 130   12900.00   13000.00  1.533958562308339E-12  7.606656765023976E-14 677925	 130   12900.00   13000.00  8.358408939464489E-13  4.226977113686714E-14 677925
# Underflow:                 0.0000000000000000E+00  0.0000000000000000E+00 0
# Overflow:                  7.0877952850953192E-13  1.4011753302710695E-14 296997
#-------------------------------------------------------------------------------------	#-------------------------------------------------------------------------------------	#-------------------------------------------------------------------------------------	#-------------------------------------------------------------------------------------	#-------------------------------------------------------------------------------------	#-------------------------------------------------------------------------------------	#-------------------------------------------------------------------------------------
# Sum:                       1.0079711069152242E+00  1.7785099541274397E-04 373479000
#=====================================================================================	#=====================================================================================	#=====================================================================================	#=====================================================================================	#=====================================================================================	#=====================================================================================	#=====================================================================================
