# title = Rapidity Positron
# xlabel = $y_{\text{e}^+}$
# ylabel = $\frac{\text{d}\sigma}{\text{d}y_{\text{e}^+}}\,[\text{fb}]$
# xmin= -2.500E+00
# xmax=  2.500E+00
# ymin=  1.000E-04
# ymax=  6.000E-01
# kmin= -2.000E+01
# kmax=  1.000E+01
# logscale = false
# Renormalization and factorization scale scaled by: 1.0000000000
# Renormalization scaled by: 1.0000000000
# Number of generated events: 6256085999
#	#	#	#	#	#	#
#=====================================================================================	#=====================================================================================	#=====================================================================================	#=====================================================================================	#=====================================================================================	#=====================================================================================	#=====================================================================================
# No.       Left      Right                   Value                   Error Hits
#-------------------------------------------------------------------------------------	#-------------------------------------------------------------------------------------	#-------------------------------------------------------------------------------------	#-------------------------------------------------------------------------------------	#-------------------------------------------------------------------------------------	#-------------------------------------------------------------------------------------	#-------------------------------------------------------------------------------------
   1      -2.50      -2.25  7.887361612054830E-02  8.202027505373685E-04 118418163	   1      -2.50      -2.25  7.887361612054830E-02  8.202027505373685E-04 118418163	   1      -2.50      -2.25  7.204196360456366E-02  7.143896926849414E-04 118418163	   1      -2.50      -2.25  7.204196360456366E-02  7.143896926849414E-04 118418163	   1      -2.50      -2.25  8.702256438302404E-02  9.565140826321308E-04 118418163	   1      -2.50      -2.25  8.702256438302404E-02  9.565140826321308E-04 118418163	   1      -2.50      -2.25  7.887361612054830E-02  8.202027505373685E-04 118418163
   2      -2.25      -2.00  1.148265568252689E-01  1.246205532865956E-03 154466310	   2      -2.25      -2.00  1.148265568252689E-01  1.246205532865956E-03 154466310	   2      -2.25      -2.00  1.052017416680533E-01  1.102942334880681E-03 154466310	   2      -2.25      -2.00  1.052017416680533E-01  1.102942334880681E-03 154466310	   2      -2.25      -2.00  1.262642788644439E-01  1.426790844058837E-03 154466310	   2      -2.25      -2.00  1.262642788644439E-01  1.426790844058837E-03 154466310	   2      -2.25      -2.00  1.148265568252689E-01  1.246205532865956E-03 154466310
   3      -2.00      -1.75  1.537564791555338E-01  4.377630445155825E-03 193297555	   3      -2.00      -1.75  1.537564791555338E-01  4.377630445155825E-03 193297555	   3      -2.00      -1.75  1.412212688580131E-01  3.984334520058730E-03 193297555	   3      -2.00      -1.75  1.412212688580131E-01  3.984334520058730E-03 193297555	   3      -2.00      -1.75  1.686146163033536E-01  4.845211434266319E-03 193297555	   3      -2.00      -1.75  1.686146163033536E-01  4.845211434266319E-03 193297555	   3      -2.00      -1.75  1.537564791555338E-01  4.377630445155825E-03 193297555
   4      -1.75      -1.50  1.983396149440879E-01  2.039213972197385E-03 233350933	   4      -1.75      -1.50  1.983396149440879E-01  2.039213972197385E-03 233350933	   4      -1.75      -1.50  1.826818439408454E-01  1.820316956822479E-03 233350933	   4      -1.75      -1.50  1.826818439408454E-01  1.820316956822479E-03 233350933	   4      -1.75      -1.50  2.168228337878188E-01  2.310597707146476E-03 233350933	   4      -1.75      -1.50  2.168228337878188E-01  2.310597707146476E-03 233350933	   4      -1.75      -1.50  1.983396149440879E-01  2.039213972197385E-03 233350933
   5      -1.50      -1.25  2.459112724491183E-01  1.798960738387118E-03 272972037	   5      -1.50      -1.25  2.459112724491183E-01  1.798960738387118E-03 272972037	   5      -1.50      -1.25  2.269029674223871E-01  1.606857663630362E-03 272972037	   5      -1.50      -1.25  2.269029674223871E-01  1.606857663630362E-03 272972037	   5      -1.50      -1.25  2.682793239960027E-01  2.039483958734845E-03 272972037	   5      -1.50      -1.25  2.682793239960027E-01  2.039483958734845E-03 272972037	   5      -1.50      -1.25  2.459112724491183E-01  1.798960738387118E-03 272972037
   6      -1.25      -1.00  2.874907087659477E-01  1.806865471937865E-03 310009183	   6      -1.25      -1.00  2.874907087659477E-01  1.806865471937865E-03 310009183	   6      -1.25      -1.00  2.659255040535594E-01  1.612446451375535E-03 310009183	   6      -1.25      -1.00  2.659255040535594E-01  1.612446451375535E-03 310009183	   6      -1.25      -1.00  3.127368173399102E-01  2.052948086193690E-03 310009183	   6      -1.25      -1.00  3.127368173399102E-01  2.052948086193690E-03 310009183	   6      -1.25      -1.00  2.874907087659477E-01  1.806865471937865E-03 310009183
   7      -1.00      -0.75  3.187397101938423E-01  2.374135099445343E-03 342562025	   7      -1.00      -0.75  3.187397101938423E-01  2.374135099445343E-03 342562025	   7      -1.00      -0.75  2.953333209818110E-01  2.134853831525357E-03 342562025	   7      -1.00      -0.75  2.953333209818110E-01  2.134853831525357E-03 342562025	   7      -1.00      -0.75  3.460879331964905E-01  2.669041016719583E-03 342562025	   7      -1.00      -0.75  3.460879331964905E-01  2.669041016719583E-03 342562025	   7      -1.00      -0.75  3.187397101938423E-01  2.374135099445343E-03 342562025
   8      -0.75      -0.50  3.478394073742863E-01  2.165439379149225E-03 368773255	   8      -0.75      -0.50  3.478394073742863E-01  2.165439379149225E-03 368773255	   8      -0.75      -0.50  3.226898597779534E-01  1.930399690710950E-03 368773255	   8      -0.75      -0.50  3.226898597779534E-01  1.930399690710950E-03 368773255	   8      -0.75      -0.50  3.771354263231512E-01  2.463307358039464E-03 368773255	   8      -0.75      -0.50  3.771354263231512E-01  2.463307358039464E-03 368773255	   8      -0.75      -0.50  3.478394073742863E-01  2.165439379149225E-03 368773255
   9      -0.50      -0.25  3.660450430944271E-01  2.208922957004035E-03 387213850	   9      -0.50      -0.25  3.660450430944271E-01  2.208922957004035E-03 387213850	   9      -0.50      -0.25  3.399782827352383E-01  1.970534449833015E-03 387213850	   9      -0.50      -0.25  3.399782827352383E-01  1.970534449833015E-03 387213850	   9      -0.50      -0.25  3.963458216131381E-01  2.509972494401479E-03 387213850	   9      -0.50      -0.25  3.963458216131381E-01  2.509972494401479E-03 387213850	   9      -0.50      -0.25  3.660450430944271E-01  2.208922957004035E-03 387213850
  10      -0.25       0.00  3.767619475588338E-01  2.277864372731105E-03 396862666	  10      -0.25       0.00  3.767619475588338E-01  2.277864372731105E-03 396862666	  10      -0.25       0.00  3.499697137230806E-01  2.037455777527796E-03 396862666	  10      -0.25       0.00  3.499697137230806E-01  2.037455777527796E-03 396862666	  10      -0.25       0.00  4.079175422440017E-01  2.577244362837659E-03 396862666	  10      -0.25       0.00  4.079175422440017E-01  2.577244362837659E-03 396862666	  10      -0.25       0.00  3.767619475588338E-01  2.277864372731105E-03 396862666
  11       0.00       0.25  3.712525655389067E-01  3.120938207615706E-03 397092584	  11       0.00       0.25  3.712525655389067E-01  3.120938207615706E-03 397092584	  11       0.00       0.25  3.448394203520527E-01  2.819207113003454E-03 397092584	  11       0.00       0.25  3.448394203520527E-01  2.819207113003454E-03 397092584	  11       0.00       0.25  4.019819101882253E-01  3.487716554942105E-03 397092584	  11       0.00       0.25  4.019819101882253E-01  3.487716554942105E-03 397092584	  11       0.00       0.25  3.712525655389067E-01  3.120938207615706E-03 397092584
  12       0.25       0.50  3.690468524471969E-01  2.012612009906907E-03 387883172	  12       0.25       0.50  3.690468524471969E-01  2.012612009906907E-03 387883172	  12       0.25       0.50  3.425734693469043E-01  1.795651588907314E-03 387883172	  12       0.25       0.50  3.425734693469043E-01  1.795651588907314E-03 387883172	  12       0.25       0.50  3.998614389898002E-01  2.285995827230422E-03 387883172	  12       0.25       0.50  3.998614389898002E-01  2.285995827230422E-03 387883172	  12       0.25       0.50  3.690468524471969E-01  2.012612009906907E-03 387883172
  13       0.50       0.75  3.454941346896463E-01  2.173823035870169E-03 369597213	  13       0.50       0.75  3.454941346896463E-01  2.173823035870169E-03 369597213	  13       0.50       0.75  3.207018065244974E-01  1.929297496922628E-03 369597213	  13       0.50       0.75  3.207018065244974E-01  1.929297496922628E-03 369597213	  13       0.50       0.75  3.743436196501754E-01  2.482755248363074E-03 369597213	  13       0.50       0.75  3.743436196501754E-01  2.482755248363074E-03 369597213	  13       0.50       0.75  3.454941346896463E-01  2.173823035870169E-03 369597213
  14       0.75       1.00  3.186385169922861E-01  3.463957919566064E-03 343237015	  14       0.75       1.00  3.186385169922861E-01  3.463957919566064E-03 343237015	  14       0.75       1.00  2.953784047496545E-01  3.004134582129653E-03 343237015	  14       0.75       1.00  2.953784047496545E-01  3.004134582129653E-03 343237015	  14       0.75       1.00  3.457675450992506E-01  4.057935407888736E-03 343237015	  14       0.75       1.00  3.457675450992506E-01  4.057935407888736E-03 343237015	  14       0.75       1.00  3.186385169922861E-01  3.463957919566064E-03 343237015
  15       1.00       1.25  2.795364124531350E-01  2.094689441268967E-03 310225253	  15       1.00       1.25  2.795364124531350E-01  2.094689441268967E-03 310225253	  15       1.00       1.25  2.588830828776574E-01  1.856107130513800E-03 310225253	  15       1.00       1.25  2.588830828776574E-01  1.856107130513800E-03 310225253	  15       1.00       1.25  3.036500505607886E-01  2.397015751212327E-03 310225253	  15       1.00       1.25  3.036500505607886E-01  2.397015751212327E-03 310225253	  15       1.00       1.25  2.795364124531350E-01  2.094689441268967E-03 310225253
  16       1.25       1.50  2.414954829651756E-01  2.064471705782696E-03 272329813	  16       1.25       1.50  2.414954829651756E-01  2.064471705782696E-03 272329813	  16       1.25       1.50  2.232019048469648E-01  1.810962558721995E-03 272329813	  16       1.25       1.50  2.232019048469648E-01  1.810962558721995E-03 272329813	  16       1.25       1.50  2.629296058111826E-01  2.388091440922709E-03 272329813	  16       1.25       1.50  2.629296058111826E-01  2.388091440922709E-03 272329813	  16       1.25       1.50  2.414954829651756E-01  2.064471705782696E-03 272329813
  17       1.50       1.75  1.970565749834521E-01  1.965849479320174E-03 231696148	  17       1.50       1.75  1.970565749834521E-01  1.965849479320174E-03 231696148	  17       1.50       1.75  1.816953039183687E-01  1.745347610463738E-03 231696148	  17       1.50       1.75  1.816953039183687E-01  1.745347610463738E-03 231696148	  17       1.50       1.75  2.151255402178619E-01  2.245394310773383E-03 231696148	  17       1.50       1.75  2.151255402178619E-01  2.245394310773383E-03 231696148	  17       1.50       1.75  1.970565749834521E-01  1.965849479320174E-03 231696148
  18       1.75       2.00  1.561640908684612E-01  1.311423985195047E-03 190489249	  18       1.75       2.00  1.561640908684612E-01  1.311423985195047E-03 190489249	  18       1.75       2.00  1.435793438056931E-01  1.152400575567927E-03 190489249	  18       1.75       2.00  1.435793438056931E-01  1.152400575567927E-03 190489249	  18       1.75       2.00  1.710335416285507E-01  1.514534778191838E-03 190489249	  18       1.75       2.00  1.710335416285507E-01  1.514534778191838E-03 190489249	  18       1.75       2.00  1.561640908684612E-01  1.311423985195047E-03 190489249
  19       2.00       2.25  1.137363005593683E-01  1.330064027450874E-03 150729961	  19       2.00       2.25  1.137363005593683E-01  1.330064027450874E-03 150729961	  19       2.00       2.25  1.042988622407560E-01  1.164223400772956E-03 150729961	  19       2.00       2.25  1.042988622407560E-01  1.164223400772956E-03 150729961	  19       2.00       2.25  1.249225101922370E-01  1.543483923449991E-03 150729961	  19       2.00       2.25  1.249225101922370E-01  1.543483923449991E-03 150729961	  19       2.00       2.25  1.137363005593683E-01  1.330064027450874E-03 150729961
  20       2.25       2.50  7.719255453548282E-02  1.804595865487812E-03 114001353	  20       2.25       2.50  7.719255453548282E-02  1.804595865487812E-03 114001353	  20       2.25       2.50  7.054743670863954E-02  1.562012808703002E-03 114001353	  20       2.25       2.50  7.054743670863954E-02  1.562012808703002E-03 114001353	  20       2.25       2.50  8.511008961809093E-02  2.115991611153003E-03 114001353	  20       2.25       2.50  8.511008961809093E-02  2.115991611153003E-03 114001353	  20       2.25       2.50  7.719255453548282E-02  1.804595865487812E-03 114001353
# Underflow:                 7.2096189632965491E-02  9.5816556639388424E-05 16337701
# Overflow:                  7.2146556017795058E-02  9.1101869080519932E-05 14799310
#-------------------------------------------------------------------------------------	#-------------------------------------------------------------------------------------	#-------------------------------------------------------------------------------------	#-------------------------------------------------------------------------------------	#-------------------------------------------------------------------------------------	#-------------------------------------------------------------------------------------	#-------------------------------------------------------------------------------------
# Sum:                       1.0080251081081255E+00  1.6417555447883288E-04 438479000
#=====================================================================================	#=====================================================================================	#=====================================================================================	#=====================================================================================	#=====================================================================================	#=====================================================================================	#=====================================================================================
