# title = Rapidity Softer Jet
# xlabel = $y_{\text{j}_1}$
# ylabel = $\frac{\text{d}\sigma}{\text{d}y_{\text{j}_1}}\,[\text{fb}]$
# xmin= -4.500E+00
# xmax=  4.500E+00
# ymin=  1.000E-04
# ymax=  4.000E-01
# kmin= -2.000E+01
# kmax=  1.000E+01
# logscale = false
# Renormalization and factorization scale scaled by: 1.0000000000
# Renormalization scaled by: 1.0000000000
# Number of generated events: 6256085999
#	#	#	#	#	#	#
#=====================================================================================	#=====================================================================================	#=====================================================================================	#=====================================================================================	#=====================================================================================	#=====================================================================================	#=====================================================================================
# No.       Left      Right                   Value                   Error Hits
#-------------------------------------------------------------------------------------	#-------------------------------------------------------------------------------------	#-------------------------------------------------------------------------------------	#-------------------------------------------------------------------------------------	#-------------------------------------------------------------------------------------	#-------------------------------------------------------------------------------------	#-------------------------------------------------------------------------------------
   1      -4.50      -4.25  0.000000000000000E+00  0.000000000000000E+00 0	   1      -4.50      -4.25  0.000000000000000E+00  0.000000000000000E+00 0	   1      -4.50      -4.25  0.000000000000000E+00  0.000000000000000E+00 0	   1      -4.50      -4.25  0.000000000000000E+00  0.000000000000000E+00 0	   1      -4.50      -4.25  0.000000000000000E+00  0.000000000000000E+00 0	   1      -4.50      -4.25  0.000000000000000E+00  0.000000000000000E+00 0	   1      -4.50      -4.25  0.000000000000000E+00  0.000000000000000E+00 0
   2      -4.25      -4.00  0.000000000000000E+00  0.000000000000000E+00 0	   2      -4.25      -4.00  0.000000000000000E+00  0.000000000000000E+00 0	   2      -4.25      -4.00  0.000000000000000E+00  0.000000000000000E+00 0	   2      -4.25      -4.00  0.000000000000000E+00  0.000000000000000E+00 0	   2      -4.25      -4.00  0.000000000000000E+00  0.000000000000000E+00 0	   2      -4.25      -4.00  0.000000000000000E+00  0.000000000000000E+00 0	   2      -4.25      -4.00  0.000000000000000E+00  0.000000000000000E+00 0
   3      -4.00      -3.75  1.512473672515861E-01  1.333740575505620E-03 226234137	   3      -4.00      -3.75  1.512473672515861E-01  1.333740575505620E-03 226234137	   3      -4.00      -3.75  1.364112728142746E-01  1.157968900752057E-03 226234137	   3      -4.00      -3.75  1.364112728142746E-01  1.157968900752057E-03 226234137	   3      -4.00      -3.75  1.693744986680524E-01  1.559489043444222E-03 226234137	   3      -4.00      -3.75  1.693744986680524E-01  1.559489043444222E-03 226234137	   3      -4.00      -3.75  1.512473672515861E-01  1.333740575505620E-03 226234137
   4      -3.75      -3.50  1.927784941912544E-01  1.718705214285659E-03 248575484	   4      -3.75      -3.50  1.927784941912544E-01  1.718705214285659E-03 248575484	   4      -3.75      -3.50  1.749222535257775E-01  1.502525832460143E-03 248575484	   4      -3.75      -3.50  1.749222535257775E-01  1.502525832460143E-03 248575484	   4      -3.75      -3.50  2.143875515700030E-01  1.999077533470642E-03 248575484	   4      -3.75      -3.50  2.143875515700030E-01  1.999077533470642E-03 248575484	   4      -3.75      -3.50  1.927784941912544E-01  1.718705214285659E-03 248575484
   5      -3.50      -3.25  2.295610324154973E-01  5.556146213697241E-03 261607065	   5      -3.50      -3.25  2.295610324154973E-01  5.556146213697241E-03 261607065	   5      -3.50      -3.25  2.096171250370248E-01  4.708212522640870E-03 261607065	   5      -3.50      -3.25  2.096171250370248E-01  4.708212522640870E-03 261607065	   5      -3.50      -3.25  2.534623931075977E-01  6.667107277393506E-03 261607065	   5      -3.50      -3.25  2.534623931075977E-01  6.667107277393506E-03 261607065	   5      -3.50      -3.25  2.295610324154973E-01  5.556146213697241E-03 261607065
   6      -3.25      -3.00  2.602020294219623E-01  2.115251871988525E-03 265997811	   6      -3.25      -3.00  2.602020294219623E-01  2.115251871988525E-03 265997811	   6      -3.25      -3.00  2.384947971111552E-01  1.861048623199267E-03 265997811	   6      -3.25      -3.00  2.384947971111552E-01  1.861048623199267E-03 265997811	   6      -3.25      -3.00  2.860769698554081E-01  2.439146230672917E-03 265997811	   6      -3.25      -3.00  2.860769698554081E-01  2.439146230672917E-03 265997811	   6      -3.25      -3.00  2.602020294219623E-01  2.115251871988525E-03 265997811
   7      -3.00      -2.75  2.719612206525552E-01  1.943833601117289E-03 262937349	   7      -3.00      -2.75  2.719612206525552E-01  1.943833601117289E-03 262937349	   7      -3.00      -2.75  2.502888383313004E-01  1.725232169359792E-03 262937349	   7      -3.00      -2.75  2.502888383313004E-01  1.725232169359792E-03 262937349	   7      -3.00      -2.75  2.976323459006161E-01  2.219326649446038E-03 262937349	   7      -3.00      -2.75  2.976323459006161E-01  2.219326649446038E-03 262937349	   7      -3.00      -2.75  2.719612206525552E-01  1.943833601117289E-03 262937349
   8      -2.75      -2.50  2.653632692989765E-01  2.211393726095205E-03 253826848	   8      -2.75      -2.50  2.653632692989765E-01  2.211393726095205E-03 253826848	   8      -2.75      -2.50  2.454159794925460E-01  1.974240167420104E-03 253826848	   8      -2.75      -2.50  2.454159794925460E-01  1.974240167420104E-03 253826848	   8      -2.75      -2.50  2.887675318119323E-01  2.506630486156849E-03 253826848	   8      -2.75      -2.50  2.887675318119323E-01  2.506630486156849E-03 253826848	   8      -2.75      -2.50  2.653632692989765E-01  2.211393726095205E-03 253826848
   9      -2.50      -2.25  2.473382519430862E-01  2.185751245652764E-03 239782160	   9      -2.50      -2.25  2.473382519430862E-01  2.185751245652764E-03 239782160	   9      -2.50      -2.25  2.296240000991009E-01  1.955507646290570E-03 239782160	   9      -2.50      -2.25  2.296240000991009E-01  1.955507646290570E-03 239782160	   9      -2.50      -2.25  2.679476344678147E-01  2.473541827266067E-03 239782160	   9      -2.50      -2.25  2.679476344678147E-01  2.473541827266067E-03 239782160	   9      -2.50      -2.25  2.473382519430862E-01  2.185751245652764E-03 239782160
  10      -2.25      -2.00  2.191962157171831E-01  2.127274762556645E-03 222035512	  10      -2.25      -2.00  2.191962157171831E-01  2.127274762556645E-03 222035512	  10      -2.25      -2.00  2.043330671651976E-01  1.909353360438819E-03 222035512	  10      -2.25      -2.00  2.043330671651976E-01  1.909353360438819E-03 222035512	  10      -2.25      -2.00  2.363126807822646E-01  2.399103795741545E-03 222035512	  10      -2.25      -2.00  2.363126807822646E-01  2.399103795741545E-03 222035512	  10      -2.25      -2.00  2.191962157171831E-01  2.127274762556645E-03 222035512
  11      -2.00      -1.75  1.913490387238139E-01  1.363660941228838E-03 201373575	  11      -2.00      -1.75  1.913490387238139E-01  1.363660941228838E-03 201373575	  11      -2.00      -1.75  1.787886676441797E-01  1.231521346336471E-03 201373575	  11      -2.00      -1.75  1.787886676441797E-01  1.231521346336471E-03 201373575	  11      -2.00      -1.75  2.057253736152120E-01  1.526489452999386E-03 201373575	  11      -2.00      -1.75  2.057253736152120E-01  1.526489452999386E-03 201373575	  11      -2.00      -1.75  1.913490387238139E-01  1.363660941228838E-03 201373575
  12      -1.75      -1.50  1.553789931674379E-01  1.331411220571092E-03 178820246	  12      -1.75      -1.50  1.553789931674379E-01  1.331411220571092E-03 178820246	  12      -1.75      -1.50  1.456109900321737E-01  1.214332210445717E-03 178820246	  12      -1.75      -1.50  1.456109900321737E-01  1.214332210445717E-03 178820246	  12      -1.75      -1.50  1.664448809855182E-01  1.472412806379439E-03 178820246	  12      -1.75      -1.50  1.664448809855182E-01  1.472412806379439E-03 178820246	  12      -1.75      -1.50  1.553789931674379E-01  1.331411220571092E-03 178820246
  13      -1.50      -1.25  1.247681368718470E-01  8.968577580580223E-04 155665859	  13      -1.50      -1.25  1.247681368718470E-01  8.968577580580223E-04 155665859	  13      -1.50      -1.25  1.172355187441653E-01  8.190322853612248E-04 155665859	  13      -1.50      -1.25  1.172355187441653E-01  8.190322853612248E-04 155665859	  13      -1.50      -1.25  1.332035331013995E-01  9.902291061685909E-04 155665859	  13      -1.50      -1.25  1.332035331013995E-01  9.902291061685909E-04 155665859	  13      -1.50      -1.25  1.247681368718470E-01  8.968577580580223E-04 155665859
  14      -1.25      -1.00  9.425672760414538E-02  7.403720085789816E-04 134019419	  14      -1.25      -1.00  9.425672760414538E-02  7.403720085789816E-04 134019419	  14      -1.25      -1.00  8.873148306005282E-02  6.794689757642908E-04 134019419	  14      -1.25      -1.00  8.873148306005282E-02  6.794689757642908E-04 134019419	  14      -1.25      -1.00  1.003755546546077E-01  8.136326469279704E-04 134019419	  14      -1.25      -1.00  1.003755546546077E-01  8.136326469279704E-04 134019419	  14      -1.25      -1.00  9.425672760414538E-02  7.403720085789816E-04 134019419
  15      -1.00      -0.75  6.755009399727377E-02  4.538203990278044E-04 115423510	  15      -1.00      -0.75  6.755009399727377E-02  4.538203990278044E-04 115423510	  15      -1.00      -0.75  6.369602020917152E-02  4.188000403308777E-04 115423510	  15      -1.00      -0.75  6.369602020917152E-02  4.188000403308777E-04 115423510	  15      -1.00      -0.75  7.176615698148332E-02  4.954172274800193E-04 115423510	  15      -1.00      -0.75  7.176615698148332E-02  4.954172274800193E-04 115423510	  15      -1.00      -0.75  6.755009399727377E-02  4.538203990278044E-04 115423510
  16      -0.75      -0.50  4.612614229513530E-02  3.575948136213851E-04 100755999	  16      -0.75      -0.50  4.612614229513530E-02  3.575948136213851E-04 100755999	  16      -0.75      -0.50  4.353512145441782E-02  3.330662084278532E-04 100755999	  16      -0.75      -0.50  4.353512145441782E-02  3.330662084278532E-04 100755999	  16      -0.75      -0.50  4.892668732131181E-02  3.860403823931139E-04 100755999	  16      -0.75      -0.50  4.892668732131181E-02  3.860403823931139E-04 100755999	  16      -0.75      -0.50  4.612614229513530E-02  3.575948136213851E-04 100755999
  17      -0.50      -0.25  3.150440697038241E-02  2.061456834124199E-04 90527204	  17      -0.50      -0.25  3.150440697038241E-02  2.061456834124199E-04 90527204	  17      -0.50      -0.25  2.972924759007992E-02  1.903510432471253E-04 90527204	  17      -0.50      -0.25  2.972924759007992E-02  1.903510432471253E-04 90527204	  17      -0.50      -0.25  3.340512947695702E-02  2.245354007615869E-04 90527204	  17      -0.50      -0.25  3.340512947695702E-02  2.245354007615869E-04 90527204	  17      -0.50      -0.25  3.150440697038241E-02  2.061456834124199E-04 90527204
  18      -0.25       0.00  2.447202808624188E-02  1.351229966410724E-04 84999828	  18      -0.25       0.00  2.447202808624188E-02  1.351229966410724E-04 84999828	  18      -0.25       0.00  2.306790821651991E-02  1.226419990455706E-04 84999828	  18      -0.25       0.00  2.306790821651991E-02  1.226419990455706E-04 84999828	  18      -0.25       0.00  2.596842693484536E-02  1.502975216815974E-04 84999828	  18      -0.25       0.00  2.596842693484536E-02  1.502975216815974E-04 84999828	  18      -0.25       0.00  2.447202808624188E-02  1.351229966410724E-04 84999828
  19       0.00       0.25  2.443238120180358E-02  1.185603649388565E-04 84286680	  19       0.00       0.25  2.443238120180358E-02  1.185603649388565E-04 84286680	  19       0.00       0.25  2.303286795219960E-02  1.094455910459666E-04 84286680	  19       0.00       0.25  2.303286795219960E-02  1.094455910459666E-04 84286680	  19       0.00       0.25  2.592325113014638E-02  1.290965446514950E-04 84286680	  19       0.00       0.25  2.592325113014638E-02  1.290965446514950E-04 84286680	  19       0.00       0.25  2.443238120180358E-02  1.185603649388565E-04 84286680
  20       0.25       0.50  3.175873262688979E-02  2.207747059735222E-04 88435271	  20       0.25       0.50  3.175873262688979E-02  2.207747059735222E-04 88435271	  20       0.25       0.50  2.995797642315273E-02  2.044660647000294E-04 88435271	  20       0.25       0.50  2.995797642315273E-02  2.044660647000294E-04 88435271	  20       0.25       0.50  3.368833385581159E-02  2.400048155812287E-04 88435271	  20       0.25       0.50  3.368833385581159E-02  2.400048155812287E-04 88435271	  20       0.25       0.50  3.175873262688979E-02  2.207747059735222E-04 88435271
  21       0.50       0.75  4.663288105308794E-02  3.430872092111924E-04 97397520	  21       0.50       0.75  4.663288105308794E-02  3.430872092111924E-04 97397520	  21       0.50       0.75  4.400730239933170E-02  3.150211902751950E-04 97397520	  21       0.50       0.75  4.400730239933170E-02  3.150211902751950E-04 97397520	  21       0.50       0.75  4.947261903114700E-02  3.764027829126684E-04 97397520	  21       0.50       0.75  4.947261903114700E-02  3.764027829126684E-04 97397520	  21       0.50       0.75  4.663288105308794E-02  3.430872092111924E-04 97397520
  22       0.75       1.00  6.661730818307585E-02  5.040890237874672E-04 110873739	  22       0.75       1.00  6.661730818307585E-02  5.040890237874672E-04 110873739	  22       0.75       1.00  6.283633120186015E-02  4.603949086748126E-04 110873739	  22       0.75       1.00  6.283633120186015E-02  4.603949086748126E-04 110873739	  22       0.75       1.00  7.074634450933343E-02  5.565421763605098E-04 110873739	  22       0.75       1.00  7.074634450933343E-02  5.565421763605098E-04 110873739	  22       0.75       1.00  6.661730818307585E-02  5.040890237874672E-04 110873739
  23       1.00       1.25  9.264195865384575E-02  6.511098373180841E-04 128414998	  23       1.00       1.25  9.264195865384575E-02  6.511098373180841E-04 128414998	  23       1.00       1.25  8.727683832449189E-02  5.918011682555574E-04 128414998	  23       1.00       1.25  8.727683832449189E-02  5.918011682555574E-04 128414998	  23       1.00       1.25  9.856716726236192E-02  7.235508027777896E-04 128414998	  23       1.00       1.25  9.856716726236192E-02  7.235508027777896E-04 128414998	  23       1.00       1.25  9.264195865384575E-02  6.511098373180841E-04 128414998
  24       1.25       1.50  1.244902021327870E-01  8.970988464831916E-04 149124769	  24       1.25       1.50  1.244902021327870E-01  8.970988464831916E-04 149124769	  24       1.25       1.50  1.169290160239396E-01  8.249976994766852E-04 149124769	  24       1.25       1.50  1.169290160239396E-01  8.249976994766852E-04 149124769	  24       1.25       1.50  1.329671367305857E-01  9.834882020515077E-04 149124769	  24       1.25       1.50  1.329671367305857E-01  9.834882020515077E-04 149124769	  24       1.25       1.50  1.244902021327870E-01  8.970988464831916E-04 149124769
  25       1.50       1.75  1.524840205504049E-01  3.017550361645857E-03 171525903	  25       1.50       1.75  1.524840205504049E-01  3.017550361645857E-03 171525903	  25       1.50       1.75  1.432026311675394E-01  2.593367238770637E-03 171525903	  25       1.50       1.75  1.432026311675394E-01  2.593367238770637E-03 171525903	  25       1.50       1.75  1.629092055515970E-01  3.568143942172777E-03 171525903	  25       1.50       1.75  1.629092055515970E-01  3.568143942172777E-03 171525903	  25       1.50       1.75  1.524840205504049E-01  3.017550361645857E-03 171525903
  26       1.75       2.00  1.899057904102884E-01  1.459730673930514E-03 193379829	  26       1.75       2.00  1.899057904102884E-01  1.459730673930514E-03 193379829	  26       1.75       2.00  1.774311526403156E-01  1.324690756912082E-03 193379829	  26       1.75       2.00  1.774311526403156E-01  1.324690756912082E-03 193379829	  26       1.75       2.00  2.041839311932767E-01  1.624420105470209E-03 193379829	  26       1.75       2.00  2.041839311932767E-01  1.624420105470209E-03 193379829	  26       1.75       2.00  1.899057904102884E-01  1.459730673930514E-03 193379829
  27       2.00       2.25  2.228738713429708E-01  1.845309646673865E-03 213309997	  27       2.00       2.25  2.228738713429708E-01  1.845309646673865E-03 213309997	  27       2.00       2.25  2.076454105194354E-01  1.657435089813923E-03 213309997	  27       2.00       2.25  2.076454105194354E-01  1.657435089813923E-03 213309997	  27       2.00       2.25  2.404434367081490E-01  2.078645573797321E-03 213309997	  27       2.00       2.25  2.404434367081490E-01  2.078645573797321E-03 213309997	  27       2.00       2.25  2.228738713429708E-01  1.845309646673865E-03 213309997
  28       2.25       2.50  2.487417225783971E-01  2.040403626106244E-03 230375108	  28       2.25       2.50  2.487417225783971E-01  2.040403626106244E-03 230375108	  28       2.25       2.50  2.309267407362768E-01  1.828780584753098E-03 230375108	  28       2.25       2.50  2.309267407362768E-01  1.828780584753098E-03 230375108	  28       2.25       2.50  2.694808982830006E-01  2.301913912987191E-03 230375108	  28       2.25       2.50  2.694808982830006E-01  2.301913912987191E-03 230375108	  28       2.25       2.50  2.487417225783971E-01  2.040403626106244E-03 230375108
  29       2.50       2.75  2.679017878030601E-01  1.938365025335643E-03 243565807	  29       2.50       2.75  2.679017878030601E-01  1.938365025335643E-03 243565807	  29       2.50       2.75  2.475575602402510E-01  1.737587022027354E-03 243565807	  29       2.50       2.75  2.475575602402510E-01  1.737587022027354E-03 243565807	  29       2.50       2.75  2.918132054738389E-01  2.189409003446960E-03 243565807	  29       2.50       2.75  2.918132054738389E-01  2.189409003446960E-03 243565807	  29       2.50       2.75  2.679017878030601E-01  1.938365025335643E-03 243565807
  30       2.75       3.00  2.657748737923760E-01  4.779667535469019E-03 251824529	  30       2.75       3.00  2.657748737923760E-01  4.779667535469019E-03 251824529	  30       2.75       3.00  2.447072988163062E-01  4.332537071665967E-03 251824529	  30       2.75       3.00  2.447072988163062E-01  4.332537071665967E-03 251824529	  30       2.75       3.00  2.907108544823660E-01  5.318045043564703E-03 251824529	  30       2.75       3.00  2.907108544823660E-01  5.318045043564703E-03 251824529	  30       2.75       3.00  2.657748737923760E-01  4.779667535469019E-03 251824529
  31       3.00       3.25  2.560556635434549E-01  3.154226067062445E-03 253918478	  31       3.00       3.25  2.560556635434549E-01  3.154226067062445E-03 253918478	  31       3.00       3.25  2.346939495947505E-01  2.808095496757639E-03 253918478	  31       3.00       3.25  2.346939495947505E-01  2.808095496757639E-03 253918478	  31       3.00       3.25  2.815251721321759E-01  3.587214979551992E-03 253918478	  31       3.00       3.25  2.815251721321759E-01  3.587214979551992E-03 253918478	  31       3.00       3.25  2.560556635434549E-01  3.154226067062445E-03 253918478
  32       3.25       3.50  2.362516060328258E-01  1.735014291075920E-03 248669213	  32       3.25       3.50  2.362516060328258E-01  1.735014291075920E-03 248669213	  32       3.25       3.50  2.152592384467025E-01  1.536043930650199E-03 248669213	  32       3.25       3.50  2.152592384467025E-01  1.536043930650199E-03 248669213	  32       3.25       3.50  2.615258547706362E-01  1.987557679754825E-03 248669213	  32       3.25       3.50  2.615258547706362E-01  1.987557679754825E-03 248669213	  32       3.25       3.50  2.362516060328258E-01  1.735014291075920E-03 248669213
  33       3.50       3.75  1.966593346308082E-01  1.924803815912847E-03 234934237	  33       3.50       3.75  1.966593346308082E-01  1.924803815912847E-03 234934237	  33       3.50       3.75  1.783714767871884E-01  1.678928860444053E-03 234934237	  33       3.50       3.75  1.783714767871884E-01  1.678928860444053E-03 234934237	  33       3.50       3.75  2.188149710162292E-01  2.242697688030384E-03 234934237	  33       3.50       3.75  2.188149710162292E-01  2.242697688030384E-03 234934237	  33       3.50       3.75  1.966593346308082E-01  1.924803815912847E-03 234934237
  34       3.75       4.00  1.542227971278796E-01  1.387887677678210E-03 212385449	  34       3.75       4.00  1.542227971278796E-01  1.387887677678210E-03 212385449	  34       3.75       4.00  1.389872732170280E-01  1.216732363917853E-03 212385449	  34       3.75       4.00  1.389872732170280E-01  1.216732363917853E-03 212385449	  34       3.75       4.00  1.728544432564151E-01  1.605137009411676E-03 212385449	  34       3.75       4.00  1.728544432564151E-01  1.605137009411676E-03 212385449	  34       3.75       4.00  1.542227971278796E-01  1.387887677678210E-03 212385449
  35       4.00       4.25  0.000000000000000E+00  0.000000000000000E+00 0	  35       4.00       4.25  0.000000000000000E+00  0.000000000000000E+00 0	  35       4.00       4.25  0.000000000000000E+00  0.000000000000000E+00 0	  35       4.00       4.25  0.000000000000000E+00  0.000000000000000E+00 0	  35       4.00       4.25  0.000000000000000E+00  0.000000000000000E+00 0	  35       4.00       4.25  0.000000000000000E+00  0.000000000000000E+00 0	  35       4.00       4.25  0.000000000000000E+00  0.000000000000000E+00 0
  36       4.25       4.50  0.000000000000000E+00  0.000000000000000E+00 0	  36       4.25       4.50  0.000000000000000E+00  0.000000000000000E+00 0	  36       4.25       4.50  0.000000000000000E+00  0.000000000000000E+00 0	  36       4.25       4.50  0.000000000000000E+00  0.000000000000000E+00 0	  36       4.25       4.50  0.000000000000000E+00  0.000000000000000E+00 0	  36       4.25       4.50  0.000000000000000E+00  0.000000000000000E+00 0	  36       4.25       4.50  0.000000000000000E+00  0.000000000000000E+00 0
# Underflow:                 0.0000000000000000E+00  0.0000000000000000E+00 0
# Overflow:                  0.0000000000000000E+00  0.0000000000000000E+00 0
#-------------------------------------------------------------------------------------	#-------------------------------------------------------------------------------------	#-------------------------------------------------------------------------------------	#-------------------------------------------------------------------------------------	#-------------------------------------------------------------------------------------	#-------------------------------------------------------------------------------------	#-------------------------------------------------------------------------------------
# Sum:                       1.0080251081081513E+00  1.6418201899236039E-04 438479000
#=====================================================================================	#=====================================================================================	#=====================================================================================	#=====================================================================================	#=====================================================================================	#=====================================================================================	#=====================================================================================
