# title = Distance Positron--anti-Muon
# xlabel = $\Delta R_{\text{e}^+\mu^+}$
# ylabel = $\frac{\text{d}\sigma}{\text{d}\Delta R_{\text{e}^+\mu^+}}\,[\text{fb}]$
# xmin=  0.000E+00
# xmax=  6.000E+00
# ymin=  1.000E-04
# ymax=  1.000E+00
# kmin= -2.000E+01
# kmax=  1.000E+01
# logscale = true
# Renormalization and factorization scale scaled by: 1.0000000000
# Renormalization scaled by: 1.0000000000
# Number of generated events: 6256085999
#	#	#	#	#	#	#
#=====================================================================================	#=====================================================================================	#=====================================================================================	#=====================================================================================	#=====================================================================================	#=====================================================================================	#=====================================================================================
# No.       Left      Right                   Value                   Error Hits
#-------------------------------------------------------------------------------------	#-------------------------------------------------------------------------------------	#-------------------------------------------------------------------------------------	#-------------------------------------------------------------------------------------	#-------------------------------------------------------------------------------------	#-------------------------------------------------------------------------------------	#-------------------------------------------------------------------------------------
   1       0.00       0.20  0.000000000000000E+00  0.000000000000000E+00 0	   1       0.00       0.20  0.000000000000000E+00  0.000000000000000E+00 0	   1       0.00       0.20  0.000000000000000E+00  0.000000000000000E+00 0	   1       0.00       0.20  0.000000000000000E+00  0.000000000000000E+00 0	   1       0.00       0.20  0.000000000000000E+00  0.000000000000000E+00 0	   1       0.00       0.20  0.000000000000000E+00  0.000000000000000E+00 0	   1       0.00       0.20  0.000000000000000E+00  0.000000000000000E+00 0
   2       0.20       0.40  1.910814871120869E-02  3.675534297640104E-04 26468786	   2       0.20       0.40  1.910814871120869E-02  3.675534297640104E-04 26468786	   2       0.20       0.40  1.758738489805854E-02  3.195533706349816E-04 26468786	   2       0.20       0.40  1.758738489805854E-02  3.195533706349816E-04 26468786	   2       0.20       0.40  2.090427613993013E-02  4.297994543075576E-04 26468786	   2       0.20       0.40  2.090427613993013E-02  4.297994543075576E-04 26468786	   2       0.20       0.40  1.910814871120869E-02  3.675534297640104E-04 26468786
   3       0.40       0.60  9.193668665667222E-02  9.234705254855749E-04 102766562	   3       0.40       0.60  9.193668665667222E-02  9.234705254855749E-04 102766562	   3       0.40       0.60  8.536334877147277E-02  8.267801248276067E-04 102766562	   3       0.40       0.60  8.536334877147277E-02  8.267801248276067E-04 102766562	   3       0.40       0.60  9.956990319149234E-02  1.042948621914471E-03 102766562	   3       0.40       0.60  9.956990319149234E-02  1.042948621914471E-03 102766562	   3       0.40       0.60  9.193668665667222E-02  9.234705254855749E-04 102766562
   4       0.60       0.80  1.643614471058433E-01  1.563399723187388E-03 170001938	   4       0.60       0.80  1.643614471058433E-01  1.563399723187388E-03 170001938	   4       0.60       0.80  1.529657673074598E-01  1.403942021513960E-03 170001938	   4       0.60       0.80  1.529657673074598E-01  1.403942021513960E-03 170001938	   4       0.60       0.80  1.775371747139437E-01  1.759589252367123E-03 170001938	   4       0.60       0.80  1.775371747139437E-01  1.759589252367123E-03 170001938	   4       0.60       0.80  1.643614471058433E-01  1.563399723187388E-03 170001938
   5       0.80       1.00  2.207136511096175E-01  1.408142062538137E-03 220593380	   5       0.80       1.00  2.207136511096175E-01  1.408142062538137E-03 220593380	   5       0.80       1.00  2.053656574623913E-01  1.256009001695902E-03 220593380	   5       0.80       1.00  2.053656574623913E-01  1.256009001695902E-03 220593380	   5       0.80       1.00  2.384611134314838E-01  1.600125609027249E-03 220593380	   5       0.80       1.00  2.384611134314838E-01  1.600125609027249E-03 220593380	   5       0.80       1.00  2.207136511096175E-01  1.408142062538137E-03 220593380
   6       1.00       1.20  2.652432134486262E-01  1.638148712550289E-03 262234749	   6       1.00       1.20  2.652432134486262E-01  1.638148712550289E-03 262234749	   6       1.00       1.20  2.468194780007561E-01  1.459839867193337E-03 262234749	   6       1.00       1.20  2.468194780007561E-01  1.459839867193337E-03 262234749	   6       1.00       1.20  2.865327648878296E-01  1.864085634329751E-03 262234749	   6       1.00       1.20  2.865327648878296E-01  1.864085634329751E-03 262234749	   6       1.00       1.20  2.652432134486262E-01  1.638148712550289E-03 262234749
   7       1.20       1.40  3.065838075160811E-01  1.888967771330343E-03 299673364	   7       1.20       1.40  3.065838075160811E-01  1.888967771330343E-03 299673364	   7       1.20       1.40  2.850758803365509E-01  1.695252355450217E-03 299673364	   7       1.20       1.40  2.850758803365509E-01  1.695252355450217E-03 299673364	   7       1.20       1.40  3.314935269483820E-01  2.131415643010548E-03 299673364	   7       1.20       1.40  3.314935269483820E-01  2.131415643010548E-03 299673364	   7       1.20       1.40  3.065838075160811E-01  1.888967771330343E-03 299673364
   8       1.40       1.60  3.439229374716161E-01  3.946384130233653E-03 333233884	   8       1.40       1.60  3.439229374716161E-01  3.946384130233653E-03 333233884	   8       1.40       1.60  3.197714812443504E-01  3.408483337001506E-03 333233884	   8       1.40       1.60  3.197714812443504E-01  3.408483337001506E-03 333233884	   8       1.40       1.60  3.718753929501062E-01  4.644651220531842E-03 333233884	   8       1.40       1.60  3.718753929501062E-01  4.644651220531842E-03 333233884	   8       1.40       1.60  3.439229374716161E-01  3.946384130233653E-03 333233884
   9       1.60       1.80  3.834796820158332E-01  2.268767629036627E-03 362874733	   9       1.60       1.80  3.834796820158332E-01  2.268767629036627E-03 362874733	   9       1.60       1.80  3.561765683337185E-01  2.036574560527677E-03 362874733	   9       1.60       1.80  3.561765683337185E-01  2.036574560527677E-03 362874733	   9       1.60       1.80  4.151628134781133E-01  2.557668176049961E-03 362874733	   9       1.60       1.80  4.151628134781133E-01  2.557668176049961E-03 362874733	   9       1.60       1.80  3.834796820158332E-01  2.268767629036627E-03 362874733
  10       1.80       2.00  4.205127217333706E-01  3.394657247615370E-03 388562934	  10       1.80       2.00  4.205127217333706E-01  3.394657247615370E-03 388562934	  10       1.80       2.00  3.902634552098005E-01  3.061362996162712E-03 388562934	  10       1.80       2.00  3.902634552098005E-01  3.061362996162712E-03 388562934	  10       1.80       2.00  4.556770007941680E-01  3.801516810822085E-03 388562934	  10       1.80       2.00  4.556770007941680E-01  3.801516810822085E-03 388562934	  10       1.80       2.00  4.205127217333706E-01  3.394657247615370E-03 388562934
  11       2.00       2.20  4.602338818913747E-01  2.512999711267735E-03 410683416	  11       2.00       2.20  4.602338818913747E-01  2.512999711267735E-03 410683416	  11       2.00       2.20  4.267697484197496E-01  2.240263902772912E-03 410683416	  11       2.00       2.20  4.267697484197496E-01  2.240263902772912E-03 410683416	  11       2.00       2.20  4.991934701517507E-01  2.859474170031753E-03 410683416	  11       2.00       2.20  4.991934701517507E-01  2.859474170031753E-03 410683416	  11       2.00       2.20  4.602338818913747E-01  2.512999711267735E-03 410683416
  12       2.20       2.40  4.855925119985268E-01  7.232679413026725E-03 429693985	  12       2.20       2.40  4.855925119985268E-01  7.232679413026725E-03 429693985	  12       2.20       2.40  4.507023081809339E-01  6.180041238950016E-03 429693985	  12       2.20       2.40  4.507023081809339E-01  6.180041238950016E-03 429693985	  12       2.20       2.40  5.260883176227475E-01  8.609171708817961E-03 429693985	  12       2.20       2.40  5.260883176227475E-01  8.609171708817961E-03 429693985	  12       2.20       2.40  4.855925119985268E-01  7.232679413026725E-03 429693985
  13       2.40       2.60  5.243169912215666E-01  3.170682363738440E-03 446447513	  13       2.40       2.60  5.243169912215666E-01  3.170682363738440E-03 446447513	  13       2.40       2.60  4.857591948033567E-01  2.819244710194949E-03 446447513	  13       2.40       2.60  4.857591948033567E-01  2.819244710194949E-03 446447513	  13       2.40       2.60  5.692712921066373E-01  3.613619367641188E-03 446447513	  13       2.40       2.60  5.692712921066373E-01  3.613619367641188E-03 446447513	  13       2.40       2.60  5.243169912215666E-01  3.170682363738440E-03 446447513
  14       2.60       2.80  5.558703217721306E-01  3.357666753964503E-03 461663380	  14       2.60       2.80  5.558703217721306E-01  3.357666753964503E-03 461663380	  14       2.60       2.80  5.145306184456442E-01  2.975022234768342E-03 461663380	  14       2.60       2.80  5.145306184456442E-01  2.975022234768342E-03 461663380	  14       2.60       2.80  6.041466993845234E-01  3.842383041497905E-03 461663380	  14       2.60       2.80  6.041466993845234E-01  3.842383041497905E-03 461663380	  14       2.60       2.80  5.558703217721306E-01  3.357666753964503E-03 461663380
  15       2.80       3.00  5.807208534574664E-01  3.851849907405720E-03 476243915	  15       2.80       3.00  5.807208534574664E-01  3.851849907405720E-03 476243915	  15       2.80       3.00  5.370959343275068E-01  3.417737924252122E-03 476243915	  15       2.80       3.00  5.370959343275068E-01  3.417737924252122E-03 476243915	  15       2.80       3.00  6.317697996686897E-01  4.397944558268497E-03 476243915	  15       2.80       3.00  6.317697996686897E-01  4.397944558268497E-03 476243915	  15       2.80       3.00  5.807208534574664E-01  3.851849907405720E-03 476243915
  16       3.00       3.20  5.693176499191805E-01  3.209617744612457E-03 463928848	  16       3.00       3.20  5.693176499191805E-01  3.209617744612457E-03 463928848	  16       3.00       3.20  5.259148052450494E-01  2.848364672497148E-03 463928848	  16       3.00       3.20  5.259148052450494E-01  2.848364672497148E-03 463928848	  16       3.00       3.20  6.202239016675939E-01  3.666098886078031E-03 463928848	  16       3.00       3.20  6.202239016675939E-01  3.666098886078031E-03 463928848	  16       3.00       3.20  5.693176499191805E-01  3.209617744612457E-03 463928848
  17       3.20       3.40  3.433995811357051E-01  2.561540092044576E-03 294598314	  17       3.20       3.40  3.433995811357051E-01  2.561540092044576E-03 294598314	  17       3.20       3.40  3.156368439901203E-01  2.290710556144300E-03 294598314	  17       3.20       3.40  3.156368439901203E-01  2.290710556144300E-03 294598314	  17       3.20       3.40  3.762921203851404E-01  2.898437648150530E-03 294598314	  17       3.20       3.40  3.762921203851404E-01  2.898437648150530E-03 294598314	  17       3.20       3.40  3.433995811357051E-01  2.561540092044576E-03 294598314
  18       3.40       3.60  2.183466492688108E-01  5.760476953835090E-03 204304729	  18       3.40       3.60  2.183466492688108E-01  5.760476953835090E-03 204304729	  18       3.40       3.60  1.999565133111066E-01  5.229416337645500E-03 204304729	  18       3.40       3.60  1.999565133111066E-01  5.229416337645500E-03 204304729	  18       3.40       3.60  2.402717211261303E-01  6.398144578080363E-03 204304729	  18       3.40       3.60  2.402717211261303E-01  6.398144578080363E-03 204304729	  18       3.40       3.60  2.183466492688108E-01  5.760476953835090E-03 204304729
  19       3.60       3.80  1.547654216920326E-01  1.789677116490938E-03 147635592	  19       3.60       3.80  1.547654216920326E-01  1.789677116490938E-03 147635592	  19       3.60       3.80  1.410004290755437E-01  1.581832850563351E-03 147635592	  19       3.60       3.80  1.410004290755437E-01  1.581832850563351E-03 147635592	  19       3.60       3.80  1.713179639471814E-01  2.054687831852321E-03 147635592	  19       3.60       3.80  1.713179639471814E-01  2.054687831852321E-03 147635592	  19       3.60       3.80  1.547654216920326E-01  1.789677116490938E-03 147635592
  20       3.80       4.00  1.059255688265872E-01  1.982927351039774E-03 107720112	  20       3.80       4.00  1.059255688265872E-01  1.982927351039774E-03 107720112	  20       3.80       4.00  9.610651342064369E-02  1.713550139497527E-03 107720112	  20       3.80       4.00  9.610651342064369E-02  1.713550139497527E-03 107720112	  20       3.80       4.00  1.178085323718793E-01  2.332456305576137E-03 107720112	  20       3.80       4.00  1.178085323718793E-01  2.332456305576137E-03 107720112	  20       3.80       4.00  1.059255688265872E-01  1.982927351039774E-03 107720112
  21       4.00       4.20  7.401797587264132E-02  1.705282318524050E-03 78808545	  21       4.00       4.20  7.401797587264132E-02  1.705282318524050E-03 78808545	  21       4.00       4.20  6.676345847588941E-02  1.518877432150685E-03 78808545	  21       4.00       4.20  6.676345847588941E-02  1.518877432150685E-03 78808545	  21       4.00       4.20  8.287656132017496E-02  1.940030610221104E-03 78808545	  21       4.00       4.20  8.287656132017496E-02  1.940030610221104E-03 78808545	  21       4.00       4.20  7.401797587264132E-02  1.705282318524050E-03 78808545
  22       4.20       4.40  5.243215691440285E-02  1.023755668594988E-03 57657646	  22       4.20       4.40  5.243215691440285E-02  1.023755668594988E-03 57657646	  22       4.20       4.40  4.701258057612837E-02  8.981907720866647E-04 57657646	  22       4.20       4.40  4.701258057612837E-02  8.981907720866647E-04 57657646	  22       4.20       4.40  5.911393830555168E-02  1.183423381637391E-03 57657646	  22       4.20       4.40  5.911393830555168E-02  1.183423381637391E-03 57657646	  22       4.20       4.40  5.243215691440285E-02  1.023755668594988E-03 57657646
  23       4.40       4.60  3.403724830512091E-02  1.384842483610030E-03 42002015	  23       4.40       4.60  3.403724830512091E-02  1.384842483610030E-03 42002015	  23       4.40       4.60  3.044066656496495E-02  1.207373853465270E-03 42002015	  23       4.40       4.60  3.044066656496495E-02  1.207373853465270E-03 42002015	  23       4.40       4.60  3.848630854701268E-02  1.611358732678560E-03 42002015	  23       4.40       4.60  3.848630854701268E-02  1.611358732678560E-03 42002015	  23       4.40       4.60  3.403724830512091E-02  1.384842483610030E-03 42002015
  24       4.60       4.80  2.247828410719865E-02  8.715350221584865E-04 30374393	  24       4.60       4.80  2.247828410719865E-02  8.715350221584865E-04 30374393	  24       4.60       4.80  2.000372351109312E-02  7.674980974992512E-04 30374393	  24       4.60       4.80  2.000372351109312E-02  7.674980974992512E-04 30374393	  24       4.60       4.80  2.555977385826173E-02  1.003380451203259E-03 30374393	  24       4.60       4.80  2.555977385826173E-02  1.003380451203259E-03 30374393	  24       4.60       4.80  2.247828410719865E-02  8.715350221584865E-04 30374393
  25       4.80       5.00  1.544035611609738E-02  4.464856709997105E-04 21753363	  25       4.80       5.00  1.544035611609738E-02  4.464856709997105E-04 21753363	  25       4.80       5.00  1.364407377944049E-02  3.900252238730787E-04 21753363	  25       4.80       5.00  1.364407377944049E-02  3.900252238730787E-04 21753363	  25       4.80       5.00  1.769814631275731E-02  5.192148849807662E-04 21753363	  25       4.80       5.00  1.769814631275731E-02  5.192148849807662E-04 21753363	  25       4.80       5.00  1.544035611609738E-02  4.464856709997105E-04 21753363
  26       5.00       5.20  1.046989730189488E-02  2.077879844216705E-04 15412839	  26       5.00       5.20  1.046989730189488E-02  2.077879844216705E-04 15412839	  26       5.00       5.20  9.214266943108628E-03  1.773566443982743E-04 15412839	  26       5.00       5.20  9.214266943108628E-03  1.773566443982743E-04 15412839	  26       5.00       5.20  1.205473028818866E-02  2.485002348724657E-04 15412839	  26       5.00       5.20  1.205473028818866E-02  2.485002348724657E-04 15412839	  26       5.00       5.20  1.046989730189488E-02  2.077879844216705E-04 15412839
  27       5.20       5.40  6.392263861242966E-03  2.830909780086669E-04 10773615	  27       5.20       5.40  6.392263861242966E-03  2.830909780086669E-04 10773615	  27       5.20       5.40  5.597830671713736E-03  2.438836106153140E-04 10773615	  27       5.20       5.40  5.597830671713736E-03  2.438836106153140E-04 10773615	  27       5.20       5.40  7.402921655129506E-03  3.336735831328861E-04 10773615	  27       5.20       5.40  7.402921655129506E-03  3.336735831328861E-04 10773615	  27       5.20       5.40  6.392263861242966E-03  2.830909780086669E-04 10773615
  28       5.40       5.60  3.586936669334482E-03  2.424628529017129E-04 7416812	  28       5.40       5.60  3.586936669334482E-03  2.424628529017129E-04 7416812	  28       5.40       5.60  3.127182643911011E-03  2.094018102879342E-04 7416812	  28       5.40       5.60  3.127182643911011E-03  2.094018102879342E-04 7416812	  28       5.40       5.60  4.174363776265498E-03  2.852507381123965E-04 7416812	  28       5.40       5.60  4.174363776265498E-03  2.852507381123965E-04 7416812	  28       5.40       5.60  3.586936669334482E-03  2.424628529017129E-04 7416812
  29       5.60       5.80  2.037184184245769E-03  2.107420468479961E-04 5011306	  29       5.60       5.80  2.037184184245769E-03  2.107420468479961E-04 5011306	  29       5.60       5.80  1.769136011897592E-03  1.765797522023822E-04 5011306	  29       5.60       5.80  1.769136011897592E-03  1.765797522023822E-04 5011306	  29       5.60       5.80  2.381361993545812E-03  2.570094081022349E-04 5011306	  29       5.60       5.80  2.381361993545812E-03  2.570094081022349E-04 5011306	  29       5.60       5.80  2.037184184245769E-03  2.107420468479961E-04 5011306
  30       5.80       6.00  1.415864099789125E-03  5.683246529065499E-05 3318197	  30       5.80       6.00  1.415864099789125E-03  5.683246529065499E-05 3318197	  30       5.80       6.00  1.221058996941717E-03  4.794566791981051E-05 3318197	  30       5.80       6.00  1.221058996941717E-03  4.794566791981051E-05 3318197	  30       5.80       6.00  1.668028316364299E-03  6.871625849167370E-05 3318197	  30       5.80       6.00  1.668028316364299E-03  6.871625849167370E-05 3318197	  30       5.80       6.00  1.415864099789125E-03  5.683246529065499E-05 3318197
  31       6.00       6.20  7.093490111816487E-04  7.831526103304644E-05 2144568	  31       6.00       6.20  7.093490111816487E-04  7.831526103304644E-05 2144568	  31       6.00       6.20  6.082978254017138E-04  6.547615567011594E-05 2144568	  31       6.00       6.20  6.082978254017138E-04  6.547615567011594E-05 2144568	  31       6.00       6.20  8.413565278911913E-04  9.556887840417351E-05 2144568	  31       6.00       6.20  8.413565278911913E-04  9.556887840417351E-05 2144568	  31       6.00       6.20  7.093490111816487E-04  7.831526103304644E-05 2144568
  32       6.20       6.40  3.478987298089807E-04  9.682128637069356E-05 1346469	  32       6.20       6.40  3.478987298089807E-04  9.682128637069356E-05 1346469	  32       6.20       6.40  3.004310564977880E-04  7.889889070970582E-05 1346469	  32       6.20       6.40  3.004310564977880E-04  7.889889070970582E-05 1346469	  32       6.20       6.40  4.092218754423991E-04  1.213305966892618E-04 1346469	  32       6.20       6.40  4.092218754423991E-04  1.213305966892618E-04 1346469	  32       6.20       6.40  3.478987298089807E-04  9.682128637069356E-05 1346469
  33       6.40       6.60  2.033856317700879E-04  1.662645639834028E-05 816192	  33       6.40       6.60  2.033856317700879E-04  1.662645639834028E-05 816192	  33       6.40       6.60  1.719287263486176E-04  1.380230342478435E-05 816192	  33       6.40       6.60  1.719287263486176E-04  1.380230342478435E-05 816192	  33       6.40       6.60  2.451706353371094E-04  2.045909450383325E-05 816192	  33       6.40       6.60  2.451706353371094E-04  2.045909450383325E-05 816192	  33       6.40       6.60  2.033856317700879E-04  1.662645639834028E-05 816192
  34       6.60       6.80  1.228703757343956E-04  9.071463152014247E-06 476106	  34       6.60       6.80  1.228703757343956E-04  9.071463152014247E-06 476106	  34       6.60       6.80  1.036076381205204E-04  7.830744911914610E-06 476106	  34       6.60       6.80  1.036076381205204E-04  7.830744911914610E-06 476106	  34       6.60       6.80  1.484453577252598E-04  1.067539906877817E-05 476106	  34       6.60       6.80  1.484453577252598E-04  1.067539906877817E-05 476106	  34       6.60       6.80  1.228703757343956E-04  9.071463152014247E-06 476106
  35       6.80       7.00  5.027962386178113E-05  3.903321947535801E-06 263498	  35       6.80       7.00  5.027962386178113E-05  3.903321947535801E-06 263498	  35       6.80       7.00  4.249255773815891E-05  3.153193328145788E-06 263498	  35       6.80       7.00  4.249255773815891E-05  3.153193328145788E-06 263498	  35       6.80       7.00  6.060495419894445E-05  4.968192780300580E-06 263498	  35       6.80       7.00  6.060495419894445E-05  4.968192780300580E-06 263498	  35       6.80       7.00  5.027962386178113E-05  3.903321947535801E-06 263498
  36       7.00       7.20  1.792706021093764E-05  5.738494521238123E-06 136255	  36       7.00       7.20  1.792706021093764E-05  5.738494521238123E-06 136255	  36       7.00       7.20  1.463196324909049E-05  5.025356771776100E-06 136255	  36       7.00       7.20  1.463196324909049E-05  5.025356771776100E-06 136255	  36       7.00       7.20  2.245103235278236E-05  6.634890594082749E-06 136255	  36       7.00       7.20  2.245103235278236E-05  6.634890594082749E-06 136255	  36       7.00       7.20  1.792706021093764E-05  5.738494521238123E-06 136255
  37       7.20       7.40  8.428822617157360E-06  7.887092892418404E-07 65435	  37       7.20       7.40  8.428822617157360E-06  7.887092892418404E-07 65435	  37       7.20       7.40  6.945891670023461E-06  6.491359047400924E-07 65435	  37       7.20       7.40  6.945891670023461E-06  6.491359047400924E-07 65435	  37       7.20       7.40  1.044703092938324E-05  9.776911554819886E-07 65435	  37       7.20       7.40  1.044703092938324E-05  9.776911554819886E-07 65435	  37       7.20       7.40  8.428822617157360E-06  7.887092892418404E-07 65435
  38       7.40       7.60  2.327064806351332E-06  2.511361293938383E-07 27866	  38       7.40       7.60  2.327064806351332E-06  2.511361293938383E-07 27866	  38       7.40       7.60  1.925398204714124E-06  2.037387098011481E-07 27866	  38       7.40       7.60  1.925398204714124E-06  2.037387098011481E-07 27866	  38       7.40       7.60  2.872298097034338E-06  3.180678995996964E-07 27866	  38       7.40       7.60  2.872298097034338E-06  3.180678995996964E-07 27866	  38       7.40       7.60  2.327064806351332E-06  2.511361293938383E-07 27866
  39       7.60       7.80  9.168868786863074E-07  1.692326284153094E-07 10315	  39       7.60       7.80  9.168868786863074E-07  1.692326284153094E-07 10315	  39       7.60       7.80  7.435917993705950E-07  1.371270464265551E-07 10315	  39       7.60       7.80  7.435917993705950E-07  1.371270464265551E-07 10315	  39       7.60       7.80  1.156676161254870E-06  2.135564537464418E-07 10315	  39       7.60       7.80  1.156676161254870E-06  2.135564537464418E-07 10315	  39       7.60       7.80  9.168868786863074E-07  1.692326284153094E-07 10315
  40       7.80       8.00 -3.301629665412096E-07  5.602056337825577E-07 2939	  40       7.80       8.00 -3.301629665412096E-07  5.602056337825577E-07 2939	  40       7.80       8.00 -2.417264514720733E-07  4.272949686938356E-07 2939	  40       7.80       8.00 -2.417264514720733E-07  4.272949686938356E-07 2939	  40       7.80       8.00 -4.640179908204730E-07  7.560352311899582E-07 2939	  40       7.80       8.00 -4.640179908204730E-07  7.560352311899582E-07 2939	  40       7.80       8.00 -3.301629665412096E-07  5.602056337825577E-07 2939
  41       8.00       8.20  2.489643055473715E-08  9.746185314124999E-09 631	  41       8.00       8.20  2.489643055473715E-08  9.746185314124999E-09 631	  41       8.00       8.20  1.958268062575859E-08  7.606286662579993E-09 631	  41       8.00       8.20  1.958268062575859E-08  7.606286662579993E-09 631	  41       8.00       8.20  3.251150552869233E-08  1.283865333569183E-08 631	  41       8.00       8.20  3.251150552869233E-08  1.283865333569183E-08 631	  41       8.00       8.20  2.489643055473715E-08  9.746185314124999E-09 631
  42       8.20       8.40  3.022083896656985E-09  2.908182418392795E-09 71	  42       8.20       8.40  3.022083896656985E-09  2.908182418392795E-09 71	  42       8.20       8.40  2.312302106090197E-09  2.238139012762267E-09 71	  42       8.20       8.40  2.312302106090197E-09  2.238139012762267E-09 71	  42       8.20       8.40  4.062403811412257E-09  3.885332701892901E-09 71	  42       8.20       8.40  4.062403811412257E-09  3.885332701892901E-09 71	  42       8.20       8.40  3.022083896656985E-09  2.908182418392795E-09 71
  43       8.40       8.60 -5.967816085899517E-12  5.967816085363455E-12 1	  43       8.40       8.60 -5.967816085899517E-12  5.967816085363455E-12 1	  43       8.40       8.60 -4.727305502761955E-12  4.727305502337324E-12 1	  43       8.40       8.60 -4.727305502761955E-12  4.727305502337324E-12 1	  43       8.40       8.60 -7.729258766107202E-12  7.729258765412920E-12 1	  43       8.40       8.60 -7.729258766107202E-12  7.729258765412920E-12 1	  43       8.40       8.60 -5.967816085899517E-12  5.967816085363455E-12 1
  44       8.60       8.80  0.000000000000000E+00  0.000000000000000E+00 0	  44       8.60       8.80  0.000000000000000E+00  0.000000000000000E+00 0	  44       8.60       8.80  0.000000000000000E+00  0.000000000000000E+00 0	  44       8.60       8.80  0.000000000000000E+00  0.000000000000000E+00 0	  44       8.60       8.80  0.000000000000000E+00  0.000000000000000E+00 0	  44       8.60       8.80  0.000000000000000E+00  0.000000000000000E+00 0	  44       8.60       8.80  0.000000000000000E+00  0.000000000000000E+00 0
  45       8.80       9.00  0.000000000000000E+00  0.000000000000000E+00 0	  45       8.80       9.00  0.000000000000000E+00  0.000000000000000E+00 0	  45       8.80       9.00  0.000000000000000E+00  0.000000000000000E+00 0	  45       8.80       9.00  0.000000000000000E+00  0.000000000000000E+00 0	  45       8.80       9.00  0.000000000000000E+00  0.000000000000000E+00 0	  45       8.80       9.00  0.000000000000000E+00  0.000000000000000E+00 0	  45       8.80       9.00  0.000000000000000E+00  0.000000000000000E+00 0
  46       9.00       9.20  0.000000000000000E+00  0.000000000000000E+00 0	  46       9.00       9.20  0.000000000000000E+00  0.000000000000000E+00 0	  46       9.00       9.20  0.000000000000000E+00  0.000000000000000E+00 0	  46       9.00       9.20  0.000000000000000E+00  0.000000000000000E+00 0	  46       9.00       9.20  0.000000000000000E+00  0.000000000000000E+00 0	  46       9.00       9.20  0.000000000000000E+00  0.000000000000000E+00 0	  46       9.00       9.20  0.000000000000000E+00  0.000000000000000E+00 0
  47       9.20       9.40  0.000000000000000E+00  0.000000000000000E+00 0	  47       9.20       9.40  0.000000000000000E+00  0.000000000000000E+00 0	  47       9.20       9.40  0.000000000000000E+00  0.000000000000000E+00 0	  47       9.20       9.40  0.000000000000000E+00  0.000000000000000E+00 0	  47       9.20       9.40  0.000000000000000E+00  0.000000000000000E+00 0	  47       9.20       9.40  0.000000000000000E+00  0.000000000000000E+00 0	  47       9.20       9.40  0.000000000000000E+00  0.000000000000000E+00 0
  48       9.40       9.60  0.000000000000000E+00  0.000000000000000E+00 0	  48       9.40       9.60  0.000000000000000E+00  0.000000000000000E+00 0	  48       9.40       9.60  0.000000000000000E+00  0.000000000000000E+00 0	  48       9.40       9.60  0.000000000000000E+00  0.000000000000000E+00 0	  48       9.40       9.60  0.000000000000000E+00  0.000000000000000E+00 0	  48       9.40       9.60  0.000000000000000E+00  0.000000000000000E+00 0	  48       9.40       9.60  0.000000000000000E+00  0.000000000000000E+00 0
  49       9.60       9.80  0.000000000000000E+00  0.000000000000000E+00 0	  49       9.60       9.80  0.000000000000000E+00  0.000000000000000E+00 0	  49       9.60       9.80  0.000000000000000E+00  0.000000000000000E+00 0	  49       9.60       9.80  0.000000000000000E+00  0.000000000000000E+00 0	  49       9.60       9.80  0.000000000000000E+00  0.000000000000000E+00 0	  49       9.60       9.80  0.000000000000000E+00  0.000000000000000E+00 0	  49       9.60       9.80  0.000000000000000E+00  0.000000000000000E+00 0
  50       9.80      10.00  0.000000000000000E+00  0.000000000000000E+00 0	  50       9.80      10.00  0.000000000000000E+00  0.000000000000000E+00 0	  50       9.80      10.00  0.000000000000000E+00  0.000000000000000E+00 0	  50       9.80      10.00  0.000000000000000E+00  0.000000000000000E+00 0	  50       9.80      10.00  0.000000000000000E+00  0.000000000000000E+00 0	  50       9.80      10.00  0.000000000000000E+00  0.000000000000000E+00 0	  50       9.80      10.00  0.000000000000000E+00  0.000000000000000E+00 0
  51      10.00      10.20  0.000000000000000E+00  0.000000000000000E+00 0	  51      10.00      10.20  0.000000000000000E+00  0.000000000000000E+00 0	  51      10.00      10.20  0.000000000000000E+00  0.000000000000000E+00 0	  51      10.00      10.20  0.000000000000000E+00  0.000000000000000E+00 0	  51      10.00      10.20  0.000000000000000E+00  0.000000000000000E+00 0	  51      10.00      10.20  0.000000000000000E+00  0.000000000000000E+00 0	  51      10.00      10.20  0.000000000000000E+00  0.000000000000000E+00 0
  52      10.20      10.40  0.000000000000000E+00  0.000000000000000E+00 0	  52      10.20      10.40  0.000000000000000E+00  0.000000000000000E+00 0	  52      10.20      10.40  0.000000000000000E+00  0.000000000000000E+00 0	  52      10.20      10.40  0.000000000000000E+00  0.000000000000000E+00 0	  52      10.20      10.40  0.000000000000000E+00  0.000000000000000E+00 0	  52      10.20      10.40  0.000000000000000E+00  0.000000000000000E+00 0	  52      10.20      10.40  0.000000000000000E+00  0.000000000000000E+00 0
  53      10.40      10.60  0.000000000000000E+00  0.000000000000000E+00 0	  53      10.40      10.60  0.000000000000000E+00  0.000000000000000E+00 0	  53      10.40      10.60  0.000000000000000E+00  0.000000000000000E+00 0	  53      10.40      10.60  0.000000000000000E+00  0.000000000000000E+00 0	  53      10.40      10.60  0.000000000000000E+00  0.000000000000000E+00 0	  53      10.40      10.60  0.000000000000000E+00  0.000000000000000E+00 0	  53      10.40      10.60  0.000000000000000E+00  0.000000000000000E+00 0
  54      10.60      10.80  0.000000000000000E+00  0.000000000000000E+00 0	  54      10.60      10.80  0.000000000000000E+00  0.000000000000000E+00 0	  54      10.60      10.80  0.000000000000000E+00  0.000000000000000E+00 0	  54      10.60      10.80  0.000000000000000E+00  0.000000000000000E+00 0	  54      10.60      10.80  0.000000000000000E+00  0.000000000000000E+00 0	  54      10.60      10.80  0.000000000000000E+00  0.000000000000000E+00 0	  54      10.60      10.80  0.000000000000000E+00  0.000000000000000E+00 0
  55      10.80      11.00  0.000000000000000E+00  0.000000000000000E+00 0	  55      10.80      11.00  0.000000000000000E+00  0.000000000000000E+00 0	  55      10.80      11.00  0.000000000000000E+00  0.000000000000000E+00 0	  55      10.80      11.00  0.000000000000000E+00  0.000000000000000E+00 0	  55      10.80      11.00  0.000000000000000E+00  0.000000000000000E+00 0	  55      10.80      11.00  0.000000000000000E+00  0.000000000000000E+00 0	  55      10.80      11.00  0.000000000000000E+00  0.000000000000000E+00 0
  56      11.00      11.20  0.000000000000000E+00  0.000000000000000E+00 0	  56      11.00      11.20  0.000000000000000E+00  0.000000000000000E+00 0	  56      11.00      11.20  0.000000000000000E+00  0.000000000000000E+00 0	  56      11.00      11.20  0.000000000000000E+00  0.000000000000000E+00 0	  56      11.00      11.20  0.000000000000000E+00  0.000000000000000E+00 0	  56      11.00      11.20  0.000000000000000E+00  0.000000000000000E+00 0	  56      11.00      11.20  0.000000000000000E+00  0.000000000000000E+00 0
  57      11.20      11.40  0.000000000000000E+00  0.000000000000000E+00 0	  57      11.20      11.40  0.000000000000000E+00  0.000000000000000E+00 0	  57      11.20      11.40  0.000000000000000E+00  0.000000000000000E+00 0	  57      11.20      11.40  0.000000000000000E+00  0.000000000000000E+00 0	  57      11.20      11.40  0.000000000000000E+00  0.000000000000000E+00 0	  57      11.20      11.40  0.000000000000000E+00  0.000000000000000E+00 0	  57      11.20      11.40  0.000000000000000E+00  0.000000000000000E+00 0
  58      11.40      11.60  0.000000000000000E+00  0.000000000000000E+00 0	  58      11.40      11.60  0.000000000000000E+00  0.000000000000000E+00 0	  58      11.40      11.60  0.000000000000000E+00  0.000000000000000E+00 0	  58      11.40      11.60  0.000000000000000E+00  0.000000000000000E+00 0	  58      11.40      11.60  0.000000000000000E+00  0.000000000000000E+00 0	  58      11.40      11.60  0.000000000000000E+00  0.000000000000000E+00 0	  58      11.40      11.60  0.000000000000000E+00  0.000000000000000E+00 0
  59      11.60      11.80  0.000000000000000E+00  0.000000000000000E+00 0	  59      11.60      11.80  0.000000000000000E+00  0.000000000000000E+00 0	  59      11.60      11.80  0.000000000000000E+00  0.000000000000000E+00 0	  59      11.60      11.80  0.000000000000000E+00  0.000000000000000E+00 0	  59      11.60      11.80  0.000000000000000E+00  0.000000000000000E+00 0	  59      11.60      11.80  0.000000000000000E+00  0.000000000000000E+00 0	  59      11.60      11.80  0.000000000000000E+00  0.000000000000000E+00 0
  60      11.80      12.00  0.000000000000000E+00  0.000000000000000E+00 0	  60      11.80      12.00  0.000000000000000E+00  0.000000000000000E+00 0	  60      11.80      12.00  0.000000000000000E+00  0.000000000000000E+00 0	  60      11.80      12.00  0.000000000000000E+00  0.000000000000000E+00 0	  60      11.80      12.00  0.000000000000000E+00  0.000000000000000E+00 0	  60      11.80      12.00  0.000000000000000E+00  0.000000000000000E+00 0	  60      11.80      12.00  0.000000000000000E+00  0.000000000000000E+00 0
  61      12.00      12.20  0.000000000000000E+00  0.000000000000000E+00 0	  61      12.00      12.20  0.000000000000000E+00  0.000000000000000E+00 0	  61      12.00      12.20  0.000000000000000E+00  0.000000000000000E+00 0	  61      12.00      12.20  0.000000000000000E+00  0.000000000000000E+00 0	  61      12.00      12.20  0.000000000000000E+00  0.000000000000000E+00 0	  61      12.00      12.20  0.000000000000000E+00  0.000000000000000E+00 0	  61      12.00      12.20  0.000000000000000E+00  0.000000000000000E+00 0
  62      12.20      12.40  0.000000000000000E+00  0.000000000000000E+00 0	  62      12.20      12.40  0.000000000000000E+00  0.000000000000000E+00 0	  62      12.20      12.40  0.000000000000000E+00  0.000000000000000E+00 0	  62      12.20      12.40  0.000000000000000E+00  0.000000000000000E+00 0	  62      12.20      12.40  0.000000000000000E+00  0.000000000000000E+00 0	  62      12.20      12.40  0.000000000000000E+00  0.000000000000000E+00 0	  62      12.20      12.40  0.000000000000000E+00  0.000000000000000E+00 0
  63      12.40      12.60  0.000000000000000E+00  0.000000000000000E+00 0	  63      12.40      12.60  0.000000000000000E+00  0.000000000000000E+00 0	  63      12.40      12.60  0.000000000000000E+00  0.000000000000000E+00 0	  63      12.40      12.60  0.000000000000000E+00  0.000000000000000E+00 0	  63      12.40      12.60  0.000000000000000E+00  0.000000000000000E+00 0	  63      12.40      12.60  0.000000000000000E+00  0.000000000000000E+00 0	  63      12.40      12.60  0.000000000000000E+00  0.000000000000000E+00 0
  64      12.60      12.80  0.000000000000000E+00  0.000000000000000E+00 0	  64      12.60      12.80  0.000000000000000E+00  0.000000000000000E+00 0	  64      12.60      12.80  0.000000000000000E+00  0.000000000000000E+00 0	  64      12.60      12.80  0.000000000000000E+00  0.000000000000000E+00 0	  64      12.60      12.80  0.000000000000000E+00  0.000000000000000E+00 0	  64      12.60      12.80  0.000000000000000E+00  0.000000000000000E+00 0	  64      12.60      12.80  0.000000000000000E+00  0.000000000000000E+00 0
  65      12.80      13.00  0.000000000000000E+00  0.000000000000000E+00 0	  65      12.80      13.00  0.000000000000000E+00  0.000000000000000E+00 0	  65      12.80      13.00  0.000000000000000E+00  0.000000000000000E+00 0	  65      12.80      13.00  0.000000000000000E+00  0.000000000000000E+00 0	  65      12.80      13.00  0.000000000000000E+00  0.000000000000000E+00 0	  65      12.80      13.00  0.000000000000000E+00  0.000000000000000E+00 0	  65      12.80      13.00  0.000000000000000E+00  0.000000000000000E+00 0
  66      13.00      13.20  0.000000000000000E+00  0.000000000000000E+00 0	  66      13.00      13.20  0.000000000000000E+00  0.000000000000000E+00 0	  66      13.00      13.20  0.000000000000000E+00  0.000000000000000E+00 0	  66      13.00      13.20  0.000000000000000E+00  0.000000000000000E+00 0	  66      13.00      13.20  0.000000000000000E+00  0.000000000000000E+00 0	  66      13.00      13.20  0.000000000000000E+00  0.000000000000000E+00 0	  66      13.00      13.20  0.000000000000000E+00  0.000000000000000E+00 0
  67      13.20      13.40  0.000000000000000E+00  0.000000000000000E+00 0	  67      13.20      13.40  0.000000000000000E+00  0.000000000000000E+00 0	  67      13.20      13.40  0.000000000000000E+00  0.000000000000000E+00 0	  67      13.20      13.40  0.000000000000000E+00  0.000000000000000E+00 0	  67      13.20      13.40  0.000000000000000E+00  0.000000000000000E+00 0	  67      13.20      13.40  0.000000000000000E+00  0.000000000000000E+00 0	  67      13.20      13.40  0.000000000000000E+00  0.000000000000000E+00 0
  68      13.40      13.60  0.000000000000000E+00  0.000000000000000E+00 0	  68      13.40      13.60  0.000000000000000E+00  0.000000000000000E+00 0	  68      13.40      13.60  0.000000000000000E+00  0.000000000000000E+00 0	  68      13.40      13.60  0.000000000000000E+00  0.000000000000000E+00 0	  68      13.40      13.60  0.000000000000000E+00  0.000000000000000E+00 0	  68      13.40      13.60  0.000000000000000E+00  0.000000000000000E+00 0	  68      13.40      13.60  0.000000000000000E+00  0.000000000000000E+00 0
  69      13.60      13.80  0.000000000000000E+00  0.000000000000000E+00 0	  69      13.60      13.80  0.000000000000000E+00  0.000000000000000E+00 0	  69      13.60      13.80  0.000000000000000E+00  0.000000000000000E+00 0	  69      13.60      13.80  0.000000000000000E+00  0.000000000000000E+00 0	  69      13.60      13.80  0.000000000000000E+00  0.000000000000000E+00 0	  69      13.60      13.80  0.000000000000000E+00  0.000000000000000E+00 0	  69      13.60      13.80  0.000000000000000E+00  0.000000000000000E+00 0
  70      13.80      14.00  0.000000000000000E+00  0.000000000000000E+00 0	  70      13.80      14.00  0.000000000000000E+00  0.000000000000000E+00 0	  70      13.80      14.00  0.000000000000000E+00  0.000000000000000E+00 0	  70      13.80      14.00  0.000000000000000E+00  0.000000000000000E+00 0	  70      13.80      14.00  0.000000000000000E+00  0.000000000000000E+00 0	  70      13.80      14.00  0.000000000000000E+00  0.000000000000000E+00 0	  70      13.80      14.00  0.000000000000000E+00  0.000000000000000E+00 0
  71      14.00      14.20  0.000000000000000E+00  0.000000000000000E+00 0	  71      14.00      14.20  0.000000000000000E+00  0.000000000000000E+00 0	  71      14.00      14.20  0.000000000000000E+00  0.000000000000000E+00 0	  71      14.00      14.20  0.000000000000000E+00  0.000000000000000E+00 0	  71      14.00      14.20  0.000000000000000E+00  0.000000000000000E+00 0	  71      14.00      14.20  0.000000000000000E+00  0.000000000000000E+00 0	  71      14.00      14.20  0.000000000000000E+00  0.000000000000000E+00 0
  72      14.20      14.40  0.000000000000000E+00  0.000000000000000E+00 0	  72      14.20      14.40  0.000000000000000E+00  0.000000000000000E+00 0	  72      14.20      14.40  0.000000000000000E+00  0.000000000000000E+00 0	  72      14.20      14.40  0.000000000000000E+00  0.000000000000000E+00 0	  72      14.20      14.40  0.000000000000000E+00  0.000000000000000E+00 0	  72      14.20      14.40  0.000000000000000E+00  0.000000000000000E+00 0	  72      14.20      14.40  0.000000000000000E+00  0.000000000000000E+00 0
  73      14.40      14.60  0.000000000000000E+00  0.000000000000000E+00 0	  73      14.40      14.60  0.000000000000000E+00  0.000000000000000E+00 0	  73      14.40      14.60  0.000000000000000E+00  0.000000000000000E+00 0	  73      14.40      14.60  0.000000000000000E+00  0.000000000000000E+00 0	  73      14.40      14.60  0.000000000000000E+00  0.000000000000000E+00 0	  73      14.40      14.60  0.000000000000000E+00  0.000000000000000E+00 0	  73      14.40      14.60  0.000000000000000E+00  0.000000000000000E+00 0
  74      14.60      14.80  0.000000000000000E+00  0.000000000000000E+00 0	  74      14.60      14.80  0.000000000000000E+00  0.000000000000000E+00 0	  74      14.60      14.80  0.000000000000000E+00  0.000000000000000E+00 0	  74      14.60      14.80  0.000000000000000E+00  0.000000000000000E+00 0	  74      14.60      14.80  0.000000000000000E+00  0.000000000000000E+00 0	  74      14.60      14.80  0.000000000000000E+00  0.000000000000000E+00 0	  74      14.60      14.80  0.000000000000000E+00  0.000000000000000E+00 0
  75      14.80      15.00  0.000000000000000E+00  0.000000000000000E+00 0	  75      14.80      15.00  0.000000000000000E+00  0.000000000000000E+00 0	  75      14.80      15.00  0.000000000000000E+00  0.000000000000000E+00 0	  75      14.80      15.00  0.000000000000000E+00  0.000000000000000E+00 0	  75      14.80      15.00  0.000000000000000E+00  0.000000000000000E+00 0	  75      14.80      15.00  0.000000000000000E+00  0.000000000000000E+00 0	  75      14.80      15.00  0.000000000000000E+00  0.000000000000000E+00 0
  76      15.00      15.20  0.000000000000000E+00  0.000000000000000E+00 0	  76      15.00      15.20  0.000000000000000E+00  0.000000000000000E+00 0	  76      15.00      15.20  0.000000000000000E+00  0.000000000000000E+00 0	  76      15.00      15.20  0.000000000000000E+00  0.000000000000000E+00 0	  76      15.00      15.20  0.000000000000000E+00  0.000000000000000E+00 0	  76      15.00      15.20  0.000000000000000E+00  0.000000000000000E+00 0	  76      15.00      15.20  0.000000000000000E+00  0.000000000000000E+00 0
  77      15.20      15.40  0.000000000000000E+00  0.000000000000000E+00 0	  77      15.20      15.40  0.000000000000000E+00  0.000000000000000E+00 0	  77      15.20      15.40  0.000000000000000E+00  0.000000000000000E+00 0	  77      15.20      15.40  0.000000000000000E+00  0.000000000000000E+00 0	  77      15.20      15.40  0.000000000000000E+00  0.000000000000000E+00 0	  77      15.20      15.40  0.000000000000000E+00  0.000000000000000E+00 0	  77      15.20      15.40  0.000000000000000E+00  0.000000000000000E+00 0
  78      15.40      15.60  0.000000000000000E+00  0.000000000000000E+00 0	  78      15.40      15.60  0.000000000000000E+00  0.000000000000000E+00 0	  78      15.40      15.60  0.000000000000000E+00  0.000000000000000E+00 0	  78      15.40      15.60  0.000000000000000E+00  0.000000000000000E+00 0	  78      15.40      15.60  0.000000000000000E+00  0.000000000000000E+00 0	  78      15.40      15.60  0.000000000000000E+00  0.000000000000000E+00 0	  78      15.40      15.60  0.000000000000000E+00  0.000000000000000E+00 0
  79      15.60      15.80  0.000000000000000E+00  0.000000000000000E+00 0	  79      15.60      15.80  0.000000000000000E+00  0.000000000000000E+00 0	  79      15.60      15.80  0.000000000000000E+00  0.000000000000000E+00 0	  79      15.60      15.80  0.000000000000000E+00  0.000000000000000E+00 0	  79      15.60      15.80  0.000000000000000E+00  0.000000000000000E+00 0	  79      15.60      15.80  0.000000000000000E+00  0.000000000000000E+00 0	  79      15.60      15.80  0.000000000000000E+00  0.000000000000000E+00 0
  80      15.80      16.00  0.000000000000000E+00  0.000000000000000E+00 0	  80      15.80      16.00  0.000000000000000E+00  0.000000000000000E+00 0	  80      15.80      16.00  0.000000000000000E+00  0.000000000000000E+00 0	  80      15.80      16.00  0.000000000000000E+00  0.000000000000000E+00 0	  80      15.80      16.00  0.000000000000000E+00  0.000000000000000E+00 0	  80      15.80      16.00  0.000000000000000E+00  0.000000000000000E+00 0	  80      15.80      16.00  0.000000000000000E+00  0.000000000000000E+00 0
  81      16.00      16.20  0.000000000000000E+00  0.000000000000000E+00 0	  81      16.00      16.20  0.000000000000000E+00  0.000000000000000E+00 0	  81      16.00      16.20  0.000000000000000E+00  0.000000000000000E+00 0	  81      16.00      16.20  0.000000000000000E+00  0.000000000000000E+00 0	  81      16.00      16.20  0.000000000000000E+00  0.000000000000000E+00 0	  81      16.00      16.20  0.000000000000000E+00  0.000000000000000E+00 0	  81      16.00      16.20  0.000000000000000E+00  0.000000000000000E+00 0
  82      16.20      16.40  0.000000000000000E+00  0.000000000000000E+00 0	  82      16.20      16.40  0.000000000000000E+00  0.000000000000000E+00 0	  82      16.20      16.40  0.000000000000000E+00  0.000000000000000E+00 0	  82      16.20      16.40  0.000000000000000E+00  0.000000000000000E+00 0	  82      16.20      16.40  0.000000000000000E+00  0.000000000000000E+00 0	  82      16.20      16.40  0.000000000000000E+00  0.000000000000000E+00 0	  82      16.20      16.40  0.000000000000000E+00  0.000000000000000E+00 0
  83      16.40      16.60  0.000000000000000E+00  0.000000000000000E+00 0	  83      16.40      16.60  0.000000000000000E+00  0.000000000000000E+00 0	  83      16.40      16.60  0.000000000000000E+00  0.000000000000000E+00 0	  83      16.40      16.60  0.000000000000000E+00  0.000000000000000E+00 0	  83      16.40      16.60  0.000000000000000E+00  0.000000000000000E+00 0	  83      16.40      16.60  0.000000000000000E+00  0.000000000000000E+00 0	  83      16.40      16.60  0.000000000000000E+00  0.000000000000000E+00 0
  84      16.60      16.80  0.000000000000000E+00  0.000000000000000E+00 0	  84      16.60      16.80  0.000000000000000E+00  0.000000000000000E+00 0	  84      16.60      16.80  0.000000000000000E+00  0.000000000000000E+00 0	  84      16.60      16.80  0.000000000000000E+00  0.000000000000000E+00 0	  84      16.60      16.80  0.000000000000000E+00  0.000000000000000E+00 0	  84      16.60      16.80  0.000000000000000E+00  0.000000000000000E+00 0	  84      16.60      16.80  0.000000000000000E+00  0.000000000000000E+00 0
  85      16.80      17.00  0.000000000000000E+00  0.000000000000000E+00 0	  85      16.80      17.00  0.000000000000000E+00  0.000000000000000E+00 0	  85      16.80      17.00  0.000000000000000E+00  0.000000000000000E+00 0	  85      16.80      17.00  0.000000000000000E+00  0.000000000000000E+00 0	  85      16.80      17.00  0.000000000000000E+00  0.000000000000000E+00 0	  85      16.80      17.00  0.000000000000000E+00  0.000000000000000E+00 0	  85      16.80      17.00  0.000000000000000E+00  0.000000000000000E+00 0
  86      17.00      17.20  0.000000000000000E+00  0.000000000000000E+00 0	  86      17.00      17.20  0.000000000000000E+00  0.000000000000000E+00 0	  86      17.00      17.20  0.000000000000000E+00  0.000000000000000E+00 0	  86      17.00      17.20  0.000000000000000E+00  0.000000000000000E+00 0	  86      17.00      17.20  0.000000000000000E+00  0.000000000000000E+00 0	  86      17.00      17.20  0.000000000000000E+00  0.000000000000000E+00 0	  86      17.00      17.20  0.000000000000000E+00  0.000000000000000E+00 0
  87      17.20      17.40  0.000000000000000E+00  0.000000000000000E+00 0	  87      17.20      17.40  0.000000000000000E+00  0.000000000000000E+00 0	  87      17.20      17.40  0.000000000000000E+00  0.000000000000000E+00 0	  87      17.20      17.40  0.000000000000000E+00  0.000000000000000E+00 0	  87      17.20      17.40  0.000000000000000E+00  0.000000000000000E+00 0	  87      17.20      17.40  0.000000000000000E+00  0.000000000000000E+00 0	  87      17.20      17.40  0.000000000000000E+00  0.000000000000000E+00 0
  88      17.40      17.60  0.000000000000000E+00  0.000000000000000E+00 0	  88      17.40      17.60  0.000000000000000E+00  0.000000000000000E+00 0	  88      17.40      17.60  0.000000000000000E+00  0.000000000000000E+00 0	  88      17.40      17.60  0.000000000000000E+00  0.000000000000000E+00 0	  88      17.40      17.60  0.000000000000000E+00  0.000000000000000E+00 0	  88      17.40      17.60  0.000000000000000E+00  0.000000000000000E+00 0	  88      17.40      17.60  0.000000000000000E+00  0.000000000000000E+00 0
  89      17.60      17.80  0.000000000000000E+00  0.000000000000000E+00 0	  89      17.60      17.80  0.000000000000000E+00  0.000000000000000E+00 0	  89      17.60      17.80  0.000000000000000E+00  0.000000000000000E+00 0	  89      17.60      17.80  0.000000000000000E+00  0.000000000000000E+00 0	  89      17.60      17.80  0.000000000000000E+00  0.000000000000000E+00 0	  89      17.60      17.80  0.000000000000000E+00  0.000000000000000E+00 0	  89      17.60      17.80  0.000000000000000E+00  0.000000000000000E+00 0
  90      17.80      18.00  0.000000000000000E+00  0.000000000000000E+00 0	  90      17.80      18.00  0.000000000000000E+00  0.000000000000000E+00 0	  90      17.80      18.00  0.000000000000000E+00  0.000000000000000E+00 0	  90      17.80      18.00  0.000000000000000E+00  0.000000000000000E+00 0	  90      17.80      18.00  0.000000000000000E+00  0.000000000000000E+00 0	  90      17.80      18.00  0.000000000000000E+00  0.000000000000000E+00 0	  90      17.80      18.00  0.000000000000000E+00  0.000000000000000E+00 0
  91      18.00      18.20  0.000000000000000E+00  0.000000000000000E+00 0	  91      18.00      18.20  0.000000000000000E+00  0.000000000000000E+00 0	  91      18.00      18.20  0.000000000000000E+00  0.000000000000000E+00 0	  91      18.00      18.20  0.000000000000000E+00  0.000000000000000E+00 0	  91      18.00      18.20  0.000000000000000E+00  0.000000000000000E+00 0	  91      18.00      18.20  0.000000000000000E+00  0.000000000000000E+00 0	  91      18.00      18.20  0.000000000000000E+00  0.000000000000000E+00 0
  92      18.20      18.40  0.000000000000000E+00  0.000000000000000E+00 0	  92      18.20      18.40  0.000000000000000E+00  0.000000000000000E+00 0	  92      18.20      18.40  0.000000000000000E+00  0.000000000000000E+00 0	  92      18.20      18.40  0.000000000000000E+00  0.000000000000000E+00 0	  92      18.20      18.40  0.000000000000000E+00  0.000000000000000E+00 0	  92      18.20      18.40  0.000000000000000E+00  0.000000000000000E+00 0	  92      18.20      18.40  0.000000000000000E+00  0.000000000000000E+00 0
  93      18.40      18.60  0.000000000000000E+00  0.000000000000000E+00 0	  93      18.40      18.60  0.000000000000000E+00  0.000000000000000E+00 0	  93      18.40      18.60  0.000000000000000E+00  0.000000000000000E+00 0	  93      18.40      18.60  0.000000000000000E+00  0.000000000000000E+00 0	  93      18.40      18.60  0.000000000000000E+00  0.000000000000000E+00 0	  93      18.40      18.60  0.000000000000000E+00  0.000000000000000E+00 0	  93      18.40      18.60  0.000000000000000E+00  0.000000000000000E+00 0
  94      18.60      18.80  0.000000000000000E+00  0.000000000000000E+00 0	  94      18.60      18.80  0.000000000000000E+00  0.000000000000000E+00 0	  94      18.60      18.80  0.000000000000000E+00  0.000000000000000E+00 0	  94      18.60      18.80  0.000000000000000E+00  0.000000000000000E+00 0	  94      18.60      18.80  0.000000000000000E+00  0.000000000000000E+00 0	  94      18.60      18.80  0.000000000000000E+00  0.000000000000000E+00 0	  94      18.60      18.80  0.000000000000000E+00  0.000000000000000E+00 0
  95      18.80      19.00  0.000000000000000E+00  0.000000000000000E+00 0	  95      18.80      19.00  0.000000000000000E+00  0.000000000000000E+00 0	  95      18.80      19.00  0.000000000000000E+00  0.000000000000000E+00 0	  95      18.80      19.00  0.000000000000000E+00  0.000000000000000E+00 0	  95      18.80      19.00  0.000000000000000E+00  0.000000000000000E+00 0	  95      18.80      19.00  0.000000000000000E+00  0.000000000000000E+00 0	  95      18.80      19.00  0.000000000000000E+00  0.000000000000000E+00 0
  96      19.00      19.20  0.000000000000000E+00  0.000000000000000E+00 0	  96      19.00      19.20  0.000000000000000E+00  0.000000000000000E+00 0	  96      19.00      19.20  0.000000000000000E+00  0.000000000000000E+00 0	  96      19.00      19.20  0.000000000000000E+00  0.000000000000000E+00 0	  96      19.00      19.20  0.000000000000000E+00  0.000000000000000E+00 0	  96      19.00      19.20  0.000000000000000E+00  0.000000000000000E+00 0	  96      19.00      19.20  0.000000000000000E+00  0.000000000000000E+00 0
  97      19.20      19.40  0.000000000000000E+00  0.000000000000000E+00 0	  97      19.20      19.40  0.000000000000000E+00  0.000000000000000E+00 0	  97      19.20      19.40  0.000000000000000E+00  0.000000000000000E+00 0	  97      19.20      19.40  0.000000000000000E+00  0.000000000000000E+00 0	  97      19.20      19.40  0.000000000000000E+00  0.000000000000000E+00 0	  97      19.20      19.40  0.000000000000000E+00  0.000000000000000E+00 0	  97      19.20      19.40  0.000000000000000E+00  0.000000000000000E+00 0
  98      19.40      19.60  0.000000000000000E+00  0.000000000000000E+00 0	  98      19.40      19.60  0.000000000000000E+00  0.000000000000000E+00 0	  98      19.40      19.60  0.000000000000000E+00  0.000000000000000E+00 0	  98      19.40      19.60  0.000000000000000E+00  0.000000000000000E+00 0	  98      19.40      19.60  0.000000000000000E+00  0.000000000000000E+00 0	  98      19.40      19.60  0.000000000000000E+00  0.000000000000000E+00 0	  98      19.40      19.60  0.000000000000000E+00  0.000000000000000E+00 0
  99      19.60      19.80  0.000000000000000E+00  0.000000000000000E+00 0	  99      19.60      19.80  0.000000000000000E+00  0.000000000000000E+00 0	  99      19.60      19.80  0.000000000000000E+00  0.000000000000000E+00 0	  99      19.60      19.80  0.000000000000000E+00  0.000000000000000E+00 0	  99      19.60      19.80  0.000000000000000E+00  0.000000000000000E+00 0	  99      19.60      19.80  0.000000000000000E+00  0.000000000000000E+00 0	  99      19.60      19.80  0.000000000000000E+00  0.000000000000000E+00 0
 100      19.80      20.00  0.000000000000000E+00  0.000000000000000E+00 0	 100      19.80      20.00  0.000000000000000E+00  0.000000000000000E+00 0	 100      19.80      20.00  0.000000000000000E+00  0.000000000000000E+00 0	 100      19.80      20.00  0.000000000000000E+00  0.000000000000000E+00 0	 100      19.80      20.00  0.000000000000000E+00  0.000000000000000E+00 0	 100      19.80      20.00  0.000000000000000E+00  0.000000000000000E+00 0	 100      19.80      20.00  0.000000000000000E+00  0.000000000000000E+00 0
 101      20.00      20.20  0.000000000000000E+00  0.000000000000000E+00 0	 101      20.00      20.20  0.000000000000000E+00  0.000000000000000E+00 0	 101      20.00      20.20  0.000000000000000E+00  0.000000000000000E+00 0	 101      20.00      20.20  0.000000000000000E+00  0.000000000000000E+00 0	 101      20.00      20.20  0.000000000000000E+00  0.000000000000000E+00 0	 101      20.00      20.20  0.000000000000000E+00  0.000000000000000E+00 0	 101      20.00      20.20  0.000000000000000E+00  0.000000000000000E+00 0
 102      20.20      20.40  0.000000000000000E+00  0.000000000000000E+00 0	 102      20.20      20.40  0.000000000000000E+00  0.000000000000000E+00 0	 102      20.20      20.40  0.000000000000000E+00  0.000000000000000E+00 0	 102      20.20      20.40  0.000000000000000E+00  0.000000000000000E+00 0	 102      20.20      20.40  0.000000000000000E+00  0.000000000000000E+00 0	 102      20.20      20.40  0.000000000000000E+00  0.000000000000000E+00 0	 102      20.20      20.40  0.000000000000000E+00  0.000000000000000E+00 0
 103      20.40      20.60  0.000000000000000E+00  0.000000000000000E+00 0	 103      20.40      20.60  0.000000000000000E+00  0.000000000000000E+00 0	 103      20.40      20.60  0.000000000000000E+00  0.000000000000000E+00 0	 103      20.40      20.60  0.000000000000000E+00  0.000000000000000E+00 0	 103      20.40      20.60  0.000000000000000E+00  0.000000000000000E+00 0	 103      20.40      20.60  0.000000000000000E+00  0.000000000000000E+00 0	 103      20.40      20.60  0.000000000000000E+00  0.000000000000000E+00 0
 104      20.60      20.80  0.000000000000000E+00  0.000000000000000E+00 0	 104      20.60      20.80  0.000000000000000E+00  0.000000000000000E+00 0	 104      20.60      20.80  0.000000000000000E+00  0.000000000000000E+00 0	 104      20.60      20.80  0.000000000000000E+00  0.000000000000000E+00 0	 104      20.60      20.80  0.000000000000000E+00  0.000000000000000E+00 0	 104      20.60      20.80  0.000000000000000E+00  0.000000000000000E+00 0	 104      20.60      20.80  0.000000000000000E+00  0.000000000000000E+00 0
 105      20.80      21.00  0.000000000000000E+00  0.000000000000000E+00 0	 105      20.80      21.00  0.000000000000000E+00  0.000000000000000E+00 0	 105      20.80      21.00  0.000000000000000E+00  0.000000000000000E+00 0	 105      20.80      21.00  0.000000000000000E+00  0.000000000000000E+00 0	 105      20.80      21.00  0.000000000000000E+00  0.000000000000000E+00 0	 105      20.80      21.00  0.000000000000000E+00  0.000000000000000E+00 0	 105      20.80      21.00  0.000000000000000E+00  0.000000000000000E+00 0
# Underflow:                 0.0000000000000000E+00  0.0000000000000000E+00 0
# Overflow:                  0.0000000000000000E+00  0.0000000000000000E+00 0
#-------------------------------------------------------------------------------------	#-------------------------------------------------------------------------------------	#-------------------------------------------------------------------------------------	#-------------------------------------------------------------------------------------	#-------------------------------------------------------------------------------------	#-------------------------------------------------------------------------------------	#-------------------------------------------------------------------------------------
# Sum:                       1.0080251081081861E+00  1.6417224391523098E-04 438479000
#=====================================================================================	#=====================================================================================	#=====================================================================================	#=====================================================================================	#=====================================================================================	#=====================================================================================	#=====================================================================================
