# title = Rapidity Harder Jet
# xlabel = $y_{\text{j}_1}$
# ylabel = $\frac{\text{d}\sigma}{\text{d}y_{\text{j}_1}}\,[\text{fb}]$
# xmin= -4.500E+00
# xmax=  4.500E+00
# ymin=  1.000E-04
# ymax=  4.000E-01
# kmin= -2.000E+01
# kmax=  1.000E+01
# logscale = false
# Renormalization and factorization scale scaled by: 1.0000000000
# Renormalization scaled by: 1.0000000000
# Number of generated events: 5329313117
#	#	#	#	#	#	#
#=====================================================================================	#=====================================================================================	#=====================================================================================	#=====================================================================================	#=====================================================================================	#=====================================================================================	#=====================================================================================
# No.       Left      Right                   Value                   Error Hits
#-------------------------------------------------------------------------------------	#-------------------------------------------------------------------------------------	#-------------------------------------------------------------------------------------	#-------------------------------------------------------------------------------------	#-------------------------------------------------------------------------------------	#-------------------------------------------------------------------------------------	#-------------------------------------------------------------------------------------
   1      -4.50      -4.25  0.000000000000000E+00  0.000000000000000E+00 0	   1      -4.50      -4.25  0.000000000000000E+00  0.000000000000000E+00 0	   1      -4.50      -4.25  0.000000000000000E+00  0.000000000000000E+00 0	   1      -4.50      -4.25  0.000000000000000E+00  0.000000000000000E+00 0	   1      -4.50      -4.25  0.000000000000000E+00  0.000000000000000E+00 0	   1      -4.50      -4.25  0.000000000000000E+00  0.000000000000000E+00 0	   1      -4.50      -4.25  0.000000000000000E+00  0.000000000000000E+00 0
   2      -4.25      -4.00  0.000000000000000E+00  0.000000000000000E+00 0	   2      -4.25      -4.00  0.000000000000000E+00  0.000000000000000E+00 0	   2      -4.25      -4.00  0.000000000000000E+00  0.000000000000000E+00 0	   2      -4.25      -4.00  0.000000000000000E+00  0.000000000000000E+00 0	   2      -4.25      -4.00  0.000000000000000E+00  0.000000000000000E+00 0	   2      -4.25      -4.00  0.000000000000000E+00  0.000000000000000E+00 0	   2      -4.25      -4.00  0.000000000000000E+00  0.000000000000000E+00 0
   3      -4.00      -3.75  6.262658738483309E-02  8.025238955318178E-05 66299098	   3      -4.00      -3.75  6.262658738483309E-02  8.025238955318178E-05 66299098	   3      -4.00      -3.75  5.586253708301341E-02  7.062469700310820E-05 66299098	   3      -4.00      -3.75  5.586253708301341E-02  7.062469700310820E-05 66299098	   3      -4.00      -3.75  7.095394153948266E-02  9.249751844984549E-05 66299098	   3      -4.00      -3.75  7.095394153948266E-02  9.249751844984549E-05 66299098	   3      -4.00      -3.75  6.262658738483309E-02  8.025238955318178E-05 66299098
   4      -3.75      -3.50  1.065786619529109E-01  1.111941805130523E-04 86741947	   4      -3.75      -3.50  1.065786619529109E-01  1.111941805130523E-04 86741947	   4      -3.75      -3.50  9.553076553610519E-02  9.829340277181787E-05 86741947	   4      -3.75      -3.50  9.553076553610519E-02  9.829340277181787E-05 86741947	   4      -3.75      -3.50  1.201045650233996E-01  1.275241688829495E-04 86741947	   4      -3.75      -3.50  1.201045650233996E-01  1.275241688829495E-04 86741947	   4      -3.75      -3.50  1.065786619529109E-01  1.111941805130523E-04 86741947
   5      -3.50      -3.25  1.614201731858804E-01  1.432877488725264E-04 105944168	   5      -3.50      -3.25  1.614201731858804E-01  1.432877488725264E-04 105944168	   5      -3.50      -3.25  1.453965997314407E-01  1.272741606281408E-04 105944168	   5      -3.50      -3.25  1.453965997314407E-01  1.272741606281408E-04 105944168	   5      -3.50      -3.25  1.809238683831903E-01  1.634462846541555E-04 105944168	   5      -3.50      -3.25  1.809238683831903E-01  1.634462846541555E-04 105944168	   5      -3.50      -3.25  1.614201731858804E-01  1.432877488725264E-04 105944168
   6      -3.25      -3.00  2.194322772184959E-01  1.711245728450654E-04 122423210	   6      -3.25      -3.00  2.194322772184959E-01  1.711245728450654E-04 122423210	   6      -3.25      -3.00  1.986106476883706E-01  1.526972899848791E-04 122423210	   6      -3.25      -3.00  1.986106476883706E-01  1.526972899848791E-04 122423210	   6      -3.25      -3.00  2.446231898823991E-01  1.942008858795564E-04 122423210	   6      -3.25      -3.00  2.446231898823991E-01  1.942008858795564E-04 122423210	   6      -3.25      -3.00  2.194322772184959E-01  1.711245728450654E-04 122423210
   7      -3.00      -2.75  2.713930764990766E-01  1.889959911887048E-04 135240156	   7      -3.00      -2.75  2.713930764990766E-01  1.889959911887048E-04 135240156	   7      -3.00      -2.75  2.467839823064086E-01  1.696392101623477E-04 135240156	   7      -3.00      -2.75  2.467839823064086E-01  1.696392101623477E-04 135240156	   7      -3.00      -2.75  3.009871010962268E-01  2.130455179622113E-04 135240156	   7      -3.00      -2.75  3.009871010962268E-01  2.130455179622113E-04 135240156	   7      -3.00      -2.75  2.713930764990766E-01  1.889959911887048E-04 135240156
   8      -2.75      -2.50  3.078085317856565E-01  1.957331452706435E-04 144005413	   8      -2.75      -2.50  3.078085317856565E-01  1.957331452706435E-04 144005413	   8      -2.75      -2.50  2.811456386046302E-01  1.765947330233465E-04 144005413	   8      -2.75      -2.50  2.811456386046302E-01  1.765947330233465E-04 144005413	   8      -2.75      -2.50  3.396732019134536E-01  2.193635822978509E-04 144005413	   8      -2.75      -2.50  3.396732019134536E-01  2.193635822978509E-04 144005413	   8      -2.75      -2.50  3.078085317856565E-01  1.957331452706435E-04 144005413
   9      -2.50      -2.25  3.237911197048578E-01  1.913446788081120E-04 148430805	   9      -2.50      -2.25  3.237911197048578E-01  1.913446788081120E-04 148430805	   9      -2.50      -2.25  2.970195739348606E-01  1.735712524582207E-04 148430805	   9      -2.50      -2.25  2.970195739348606E-01  1.735712524582207E-04 148430805	   9      -2.50      -2.25  3.555751953802851E-01  2.131239561350925E-04 148430805	   9      -2.50      -2.25  3.555751953802851E-01  2.131239561350925E-04 148430805	   9      -2.50      -2.25  3.237911197048578E-01  1.913446788081120E-04 148430805
  10      -2.25      -2.00  3.184466426481481E-01  1.767569441523104E-04 148606618	  10      -2.25      -2.00  3.184466426481481E-01  1.767569441523104E-04 148606618	  10      -2.25      -2.00  2.933066680151580E-01  1.611679136727416E-04 148606618	  10      -2.25      -2.00  2.933066680151580E-01  1.611679136727416E-04 148606618	  10      -2.25      -2.00  3.480874451922743E-01  1.957173367905575E-04 148606618	  10      -2.25      -2.00  3.480874451922743E-01  1.957173367905575E-04 148606618	  10      -2.25      -2.00  3.184466426481481E-01  1.767569441523104E-04 148606618
  11      -2.00      -1.75  2.953697039421705E-01  1.565112316292884E-04 144671798	  11      -2.00      -1.75  2.953697039421705E-01  1.565112316292884E-04 144671798	  11      -2.00      -1.75  2.731294148050434E-01  1.434730827014484E-04 144671798	  11      -2.00      -1.75  2.731294148050434E-01  1.434730827014484E-04 144671798	  11      -2.00      -1.75  3.213874917837585E-01  1.722333487661611E-04 144671798	  11      -2.00      -1.75  3.213874917837585E-01  1.722333487661611E-04 144671798	  11      -2.00      -1.75  2.953697039421705E-01  1.565112316292884E-04 144671798
  12      -1.75      -1.50  2.597315571811689E-01  1.336609524801649E-04 136927453	  12      -1.75      -1.50  2.597315571811689E-01  1.336609524801649E-04 136927453	  12      -1.75      -1.50  2.410645319425052E-01  1.231157919637614E-04 136927453	  12      -1.75      -1.50  2.410645319425052E-01  1.231157919637614E-04 136927453	  12      -1.75      -1.50  2.813819802997748E-01  1.462688184786428E-04 136927453	  12      -1.75      -1.50  2.813819802997748E-01  1.462688184786428E-04 136927453	  12      -1.75      -1.50  2.597315571811689E-01  1.336609524801649E-04 136927453
  13      -1.50      -1.25  2.171350703520200E-01  1.095405651026655E-04 126686826	  13      -1.50      -1.25  2.171350703520200E-01  1.095405651026655E-04 126686826	  13      -1.50      -1.25  2.022245762836099E-01  1.013520183608886E-04 126686826	  13      -1.50      -1.25  2.022245762836099E-01  1.013520183608886E-04 126686826	  13      -1.50      -1.25  2.342616167821646E-01  1.192390636201812E-04 126686826	  13      -1.50      -1.25  2.342616167821646E-01  1.192390636201812E-04 126686826	  13      -1.50      -1.25  2.171350703520200E-01  1.095405651026655E-04 126686826
  14      -1.25      -1.00  1.733751832559038E-01  8.669613052180471E-05 115872847	  14      -1.25      -1.00  1.733751832559038E-01  8.669613052180471E-05 115872847	  14      -1.25      -1.00  1.619906934816528E-01  8.056708566524447E-05 115872847	  14      -1.25      -1.00  1.619906934816528E-01  8.056708566524447E-05 115872847	  14      -1.25      -1.00  1.863057226971752E-01  9.387800173823576E-05 115872847	  14      -1.25      -1.00  1.863057226971752E-01  9.387800173823576E-05 115872847	  14      -1.25      -1.00  1.733751832559038E-01  8.669613052180471E-05 115872847
  15      -1.00      -0.75  1.330787697669590E-01  6.647119673348171E-05 105486055	  15      -1.00      -0.75  1.330787697669590E-01  6.647119673348171E-05 105486055	  15      -1.00      -0.75  1.246820680287131E-01  6.201462629196154E-05 105486055	  15      -1.00      -0.75  1.246820680287131E-01  6.201462629196154E-05 105486055	  15      -1.00      -0.75  1.424981060076267E-01  7.163342065389255E-05 105486055	  15      -1.00      -0.75  1.424981060076267E-01  7.163342065389255E-05 105486055	  15      -1.00      -0.75  1.330787697669590E-01  6.647119673348171E-05 105486055
  16      -0.75      -0.50  9.981757138879842E-02  4.994853448530628E-05 96764954	  16      -0.75      -0.50  9.981757138879842E-02  4.994853448530628E-05 96764954	  16      -0.75      -0.50  9.372450239947758E-02  4.673635706314779E-05 96764954	  16      -0.75      -0.50  9.372450239947758E-02  4.673635706314779E-05 96764954	  16      -0.75      -0.50  1.065598407348031E-01  5.362799692336835E-05 96764954	  16      -0.75      -0.50  1.065598407348031E-01  5.362799692336835E-05 96764954	  16      -0.75      -0.50  9.981757138879842E-02  4.994853448530628E-05 96764954
  17      -0.50      -0.25  7.614296733130584E-02  3.670448400519571E-05 90593005	  17      -0.50      -0.25  7.614296733130584E-02  3.670448400519571E-05 90593005	  17      -0.50      -0.25  7.161034607739288E-02  3.445325159331266E-05 90593005	  17      -0.50      -0.25  7.161034607739288E-02  3.445325159331266E-05 90593005	  17      -0.50      -0.25  8.108747404193264E-02  3.924236827206528E-05 90593005	  17      -0.50      -0.25  8.108747404193264E-02  3.924236827206528E-05 90593005	  17      -0.50      -0.25  7.614296733130584E-02  3.670448400519571E-05 90593005
  18      -0.25       0.00  6.388157149167434E-02  2.866407220038148E-05 87543395	  18      -0.25       0.00  6.388157149167434E-02  2.866407220038148E-05 87543395	  18      -0.25       0.00  6.012989428237041E-02  2.696921573608906E-05 87543395	  18      -0.25       0.00  6.012989428237041E-02  2.696921573608906E-05 87543395	  18      -0.25       0.00  6.793195747121088E-02  3.054487957035356E-05 87543395	  18      -0.25       0.00  6.793195747121088E-02  3.054487957035356E-05 87543395	  18      -0.25       0.00  6.388157149167434E-02  2.866407220038148E-05 87543395
  19       0.00       0.25  6.381667276872657E-02  2.799379438395598E-05 87829231	  19       0.00       0.25  6.381667276872657E-02  2.799379438395598E-05 87829231	  19       0.00       0.25  6.006796019333952E-02  2.633431572010188E-05 87829231	  19       0.00       0.25  6.006796019333952E-02  2.633431572010188E-05 87829231	  19       0.00       0.25  6.786407905983108E-02  2.983627735757450E-05 87829231	  19       0.00       0.25  6.786407905983108E-02  2.983627735757450E-05 87829231	  19       0.00       0.25  6.381667276872657E-02  2.799379438395598E-05 87829231
  20       0.25       0.50  7.608761204929937E-02  3.477033353690922E-05 91478280	  20       0.25       0.50  7.608761204929937E-02  3.477033353690922E-05 91478280	  20       0.25       0.50  7.155904403099500E-02  3.264031593687565E-05 91478280	  20       0.25       0.50  7.155904403099500E-02  3.264031593687565E-05 91478280	  20       0.25       0.50  8.102747493060881E-02  3.717015698469698E-05 91478280	  20       0.25       0.50  8.102747493060881E-02  3.717015698469698E-05 91478280	  20       0.25       0.50  7.608761204929937E-02  3.477033353690922E-05 91478280
  21       0.50       0.75  9.988826173645245E-02  4.683988360709733E-05 98291812	  21       0.50       0.75  9.988826173645245E-02  4.683988360709733E-05 98291812	  21       0.50       0.75  9.379302693877756E-02  4.382894159513630E-05 98291812	  21       0.50       0.75  9.379302693877756E-02  4.382894159513630E-05 98291812	  21       0.50       0.75  1.066323252510381E-01  5.028738056814293E-05 98291812	  21       0.50       0.75  1.066323252510381E-01  5.028738056814293E-05 98291812	  21       0.50       0.75  9.988826173645245E-02  4.683988360709733E-05 98291812
  22       0.75       1.00  1.331974983734322E-01  6.254133269279596E-05 107748119	  22       0.75       1.00  1.331974983734322E-01  6.254133269279596E-05 107748119	  22       0.75       1.00  1.247885951520484E-01  5.831260520560539E-05 107748119	  22       0.75       1.00  1.247885951520484E-01  5.831260520560539E-05 107748119	  22       0.75       1.00  1.426317374193119E-01  6.744822114400677E-05 107748119	  22       0.75       1.00  1.426317374193119E-01  6.744822114400677E-05 107748119	  22       0.75       1.00  1.331974983734322E-01  6.254133269279596E-05 107748119
  23       1.00       1.25  1.735604935893634E-01  8.091294081588203E-05 118991516	  23       1.00       1.25  1.735604935893634E-01  8.091294081588203E-05 118991516	  23       1.00       1.25  1.621562184299823E-01  7.517655989236632E-05 118991516	  23       1.00       1.25  1.621562184299823E-01  7.517655989236632E-05 118991516	  23       1.00       1.25  1.865156584748480E-01  8.763911992470277E-05 118991516	  23       1.00       1.25  1.865156584748480E-01  8.763911992470277E-05 118991516	  23       1.00       1.25  1.735604935893634E-01  8.091294081588203E-05 118991516
  24       1.25       1.50  2.172327103922681E-01  1.019331036586213E-04 130860378	  24       1.25       1.50  2.172327103922681E-01  1.019331036586213E-04 130860378	  24       1.25       1.50  2.023191185452573E-01  9.430941401692270E-05 130860378	  24       1.25       1.50  2.023191185452573E-01  9.430941401692270E-05 130860378	  24       1.25       1.50  2.343619268237515E-01  1.109635190375767E-04 130860378	  24       1.25       1.50  2.343619268237515E-01  1.109635190375767E-04 130860378	  24       1.25       1.50  2.172327103922681E-01  1.019331036586213E-04 130860378
  25       1.50       1.75  2.594979073585263E-01  1.239996157350188E-04 142249281	  25       1.50       1.75  2.594979073585263E-01  1.239996157350188E-04 142249281	  25       1.50       1.75  2.408485509348105E-01  1.142107665201984E-04 142249281	  25       1.50       1.75  2.408485509348105E-01  1.142107665201984E-04 142249281	  25       1.50       1.75  2.811274494561851E-01  1.357038350261578E-04 142249281	  25       1.50       1.75  2.811274494561851E-01  1.357038350261578E-04 142249281	  25       1.50       1.75  2.594979073585263E-01  1.239996157350188E-04 142249281
  26       1.75       2.00  2.952405210941826E-01  1.457017414573941E-04 151157445	  26       1.75       2.00  2.952405210941826E-01  1.457017414573941E-04 151157445	  26       1.75       2.00  2.730082218704038E-01  1.335535259831034E-04 151157445	  26       1.75       2.00  2.730082218704038E-01  1.335535259831034E-04 151157445	  26       1.75       2.00  3.212487603888887E-01  1.603569792048934E-04 151157445	  26       1.75       2.00  3.212487603888887E-01  1.603569792048934E-04 151157445	  26       1.75       2.00  2.952405210941826E-01  1.457017414573941E-04 151157445
  27       2.00       2.25  3.185634554206123E-01  1.650089060831506E-04 156156089	  27       2.00       2.25  3.185634554206123E-01  1.650089060831506E-04 156156089	  27       2.00       2.25  2.934369116686203E-01  1.505080589923622E-04 156156089	  27       2.00       2.25  2.934369116686203E-01  1.505080589923622E-04 156156089	  27       2.00       2.25  3.481831570824264E-01  1.826359164061666E-04 156156089	  27       2.00       2.25  3.481831570824264E-01  1.826359164061666E-04 156156089	  27       2.00       2.25  3.185634554206123E-01  1.650089060831506E-04 156156089
  28       2.25       2.50  3.237578737107573E-01  1.779952928210655E-04 156814348	  28       2.25       2.50  3.237578737107573E-01  1.779952928210655E-04 156814348	  28       2.25       2.50  2.969914110730365E-01  1.615030823323649E-04 156814348	  28       2.25       2.50  2.969914110730365E-01  1.615030823323649E-04 156814348	  28       2.25       2.50  3.555356694158300E-01  1.982027931146370E-04 156814348	  28       2.25       2.50  3.555356694158300E-01  1.982027931146370E-04 156814348	  28       2.25       2.50  3.237578737107573E-01  1.779952928210655E-04 156814348
  29       2.50       2.75  3.080327378319470E-01  1.846216202847687E-04 152853047	  29       2.50       2.75  3.080327378319470E-01  1.846216202847687E-04 152853047	  29       2.50       2.75  2.813568082356190E-01  1.665742715672370E-04 152853047	  29       2.50       2.75  2.813568082356190E-01  1.665742715672370E-04 152853047	  29       2.50       2.75  3.399113899848820E-01  2.069072216065926E-04 152853047	  29       2.50       2.75  3.399113899848820E-01  2.069072216065926E-04 152853047	  29       2.50       2.75  3.080327378319470E-01  1.846216202847687E-04 152853047
  30       2.75       3.00  2.712818450362985E-01  1.799409066313604E-04 144180001	  30       2.75       3.00  2.712818450362985E-01  1.799409066313604E-04 144180001	  30       2.75       3.00  2.466667781412182E-01  1.614815849169651E-04 144180001	  30       2.75       3.00  2.466667781412182E-01  1.614815849169651E-04 144180001	  30       2.75       3.00  3.008864822392377E-01  2.028930914930071E-04 144180001	  30       2.75       3.00  3.008864822392377E-01  2.028930914930071E-04 144180001	  30       2.75       3.00  2.712818450362985E-01  1.799409066313604E-04 144180001
  31       3.00       3.25  2.197147102337268E-01  1.662769875186479E-04 130952919	  31       3.00       3.25  2.197147102337268E-01  1.662769875186479E-04 130952919	  31       3.00       3.25  1.988555854265245E-01  1.484565768939369E-04 130952919	  31       3.00       3.25  1.988555854265245E-01  1.484565768939369E-04 130952919	  31       3.00       3.25  2.449526964251308E-01  1.885612059216625E-04 130952919	  31       3.00       3.25  2.449526964251308E-01  1.885612059216625E-04 130952919	  31       3.00       3.25  2.197147102337268E-01  1.662769875186479E-04 130952919
  32       3.25       3.50  1.610739448137983E-01  1.426114328405759E-04 113620712	  32       3.25       3.50  1.610739448137983E-01  1.426114328405759E-04 113620712	  32       3.25       3.50  1.450853243293566E-01  1.265661626664608E-04 113620712	  32       3.25       3.50  1.450853243293566E-01  1.265661626664608E-04 113620712	  32       3.25       3.50  1.805349294389569E-01  1.628319136265095E-04 113620712	  32       3.25       3.50  1.805349294389569E-01  1.628319136265095E-04 113620712	  32       3.25       3.50  1.610739448137983E-01  1.426114328405759E-04 113620712
  33       3.50       3.75  1.064362271219787E-01  1.134120357044226E-04 93146542	  33       3.50       3.75  1.064362271219787E-01  1.134120357044226E-04 93146542	  33       3.50       3.75  9.541383257266546E-02  1.002344687421921E-04 93146542	  33       3.50       3.75  9.541383257266546E-02  1.002344687421921E-04 93146542	  33       3.50       3.75  1.199283534053013E-01  1.300997574100304E-04 93146542	  33       3.50       3.75  1.199283534053013E-01  1.300997574100304E-04 93146542	  33       3.50       3.75  1.064362271219787E-01  1.134120357044226E-04 93146542
  34       3.75       4.00  6.252726210988345E-02  8.628132361213471E-05 71180532	  34       3.75       4.00  6.252726210988345E-02  8.628132361213471E-05 71180532	  34       3.75       4.00  5.577027500690959E-02  7.578403683987974E-05 71180532	  34       3.75       4.00  5.577027500690959E-02  7.578403683987974E-05 71180532	  34       3.75       4.00  7.084671952951690E-02  9.966085379169870E-05 71180532	  34       3.75       4.00  7.084671952951690E-02  9.966085379169870E-05 71180532	  34       3.75       4.00  6.252726210988345E-02  8.628132361213471E-05 71180532
  35       4.00       4.25  0.000000000000000E+00  0.000000000000000E+00 0	  35       4.00       4.25  0.000000000000000E+00  0.000000000000000E+00 0	  35       4.00       4.25  0.000000000000000E+00  0.000000000000000E+00 0	  35       4.00       4.25  0.000000000000000E+00  0.000000000000000E+00 0	  35       4.00       4.25  0.000000000000000E+00  0.000000000000000E+00 0	  35       4.00       4.25  0.000000000000000E+00  0.000000000000000E+00 0	  35       4.00       4.25  0.000000000000000E+00  0.000000000000000E+00 0
  36       4.25       4.50  0.000000000000000E+00  0.000000000000000E+00 0	  36       4.25       4.50  0.000000000000000E+00  0.000000000000000E+00 0	  36       4.25       4.50  0.000000000000000E+00  0.000000000000000E+00 0	  36       4.25       4.50  0.000000000000000E+00  0.000000000000000E+00 0	  36       4.25       4.50  0.000000000000000E+00  0.000000000000000E+00 0	  36       4.25       4.50  0.000000000000000E+00  0.000000000000000E+00 0	  36       4.25       4.50  0.000000000000000E+00  0.000000000000000E+00 0
# Underflow:                 0.0000000000000000E+00  0.0000000000000000E+00 0
# Overflow:                  0.0000000000000000E+00  0.0000000000000000E+00 0
#-------------------------------------------------------------------------------------	#-------------------------------------------------------------------------------------	#-------------------------------------------------------------------------------------	#-------------------------------------------------------------------------------------	#-------------------------------------------------------------------------------------	#-------------------------------------------------------------------------------------	#-------------------------------------------------------------------------------------
# Sum:                       1.0079711069151671E+00  1.7784419225184845E-04 373479000
#=====================================================================================	#=====================================================================================	#=====================================================================================	#=====================================================================================	#=====================================================================================	#=====================================================================================	#=====================================================================================
