 #          61 : dS/dy(j1)  (fb/GeV)
-5.20000 -5.00000 0.0 0.0
-5.00000 -4.80000 0.0 0.0
-4.80000 -4.60000 0.0 0.0
-4.60000 -4.40000 0.0 0.0
-4.40000 -4.20000 0.0 0.0
-4.20000 -4.00000 0.010040277499999998 0.0
-4.00000 -3.80000 0.448267125 0.0
-3.80000 -3.60000 0.5769107500000001 0.0
-3.60000 -3.40000 0.6879282500000001 0.0
-3.40000 -3.20000 0.7813804375 0.0
-3.20000 -3.00000 0.8487613125 0.0
-3.00000 -2.80000 0.8883636874999999 0.0
-2.80000 -2.60000 0.8976327500000001 0.0
-2.60000 -2.40000 0.8802530000000002 0.0
-2.40000 -2.20000 0.8419081875000001 0.0
-2.20000 -2.00000 0.7869545625 0.0
-2.00000 -1.80000 0.7211018749999999 0.0
-1.80000 -1.60000 0.6489325625 0.0
-1.60000 -1.40000 0.5744354375000001 0.0
-1.40000 -1.20000 0.5025282499999999 0.0
-1.20000 -1.00000 0.4353174375 0.0
-1.00000 -0.800000 0.3750965 0.0
-0.800000 -0.600000 0.324961125 0.0
-0.600000 -0.400000 0.28592775000000004 0.0
-0.400000 -0.200000 0.2588538125 0.0
-0.200000 0.00000 0.24574237499999999 0.0
0.00000 0.200000 0.24553293749999996 0.0
0.200000 0.400000 0.259222625 0.0
0.400000 0.600000 0.2861258749999999 0.0
0.600000 0.800000 0.325086 0.0
0.800000 1.00000 0.375147125 0.0
1.00000 1.20000 0.435322875 0.0
1.20000 1.40000 0.5022815 0.0
1.40000 1.60000 0.5748616249999999 0.0
1.60000 1.80000 0.6490284999999999 0.0
1.80000 2.00000 0.7208957500000001 0.0
2.00000 2.20000 0.786585875 0.0
2.20000 2.40000 0.8414551875 0.0
2.40000 2.60000 0.880305875 0.0
2.60000 2.80000 0.8971465000000001 0.0
2.80000 3.00000 0.887639875 0.0
3.00000 3.20000 0.8495910000000001 0.0
3.20000 3.40000 0.7813800624999999 0.0
3.40000 3.60000 0.6882775000000002 0.0
3.60000 3.80000 0.577823375 0.0
3.80000 4.00000 0.44825600000000004 0.0
4.00000 4.20000 0.010031992500000001 0.0
4.20000 4.40000 0.0 0.0
4.40000 4.60000 0.0 0.0
4.60000 4.80000 0.0 0.0
4.80000 5.00000 0.0 0.0
5.00000 5.20000 0.0 0.0
