 #          32 : dS/deta(ve)  (fb/GeV)
-5.10000 -5.00000 0.01494375625 0.0
-5.00000 -4.90000 0.0036785299999999997 0.0
-4.90000 -4.80000 0.00460007875 0.0
-4.80000 -4.70000 0.005815093749999999 0.0
-4.70000 -4.60000 0.007149896250000001 0.0
-4.60000 -4.50000 0.008957728125 0.0
-4.50000 -4.40000 0.011211143749999998 0.0
-4.40000 -4.30000 0.0141354875 0.0
-4.30000 -4.20000 0.0175939375 0.0
-4.20000 -4.10000 0.022011056249999997 0.0
-4.10000 -4.00000 0.027318456249999994 0.0
-4.00000 -3.90000 0.03387940625000001 0.0
-3.90000 -3.80000 0.041450275 0.0
-3.80000 -3.70000 0.05105486875 0.0
-3.70000 -3.60000 0.062089193749999994 0.0
-3.60000 -3.50000 0.075023625 0.0
-3.50000 -3.40000 0.09014516250000001 0.0
-3.40000 -3.30000 0.1079236875 0.0
-3.30000 -3.20000 0.12767337499999998 0.0
-3.20000 -3.10000 0.15064875 0.0
-3.10000 -3.00000 0.175900375 0.0
-3.00000 -2.90000 0.20420675000000002 0.0
-2.90000 -2.80000 0.23440125 0.0
-2.80000 -2.70000 0.2680965 0.0
-2.70000 -2.60000 0.3040040625 0.0
-2.60000 -2.50000 0.341471 0.0
-2.50000 -2.40000 0.3820255000000001 0.0
-2.40000 -2.30000 0.4241361875 0.0
-2.30000 -2.20000 0.46794843750000004 0.0
-2.20000 -2.10000 0.5121760625 0.0
-2.10000 -2.00000 0.5579755624999999 0.0
-2.00000 -1.90000 0.604151125 0.0
-1.90000 -1.80000 0.6495785 0.0
-1.80000 -1.70000 0.6970693124999999 0.0
-1.70000 -1.60000 0.7425816875 0.0
-1.60000 -1.50000 0.7876338124999999 0.0
-1.50000 -1.40000 0.8313515000000001 0.0
-1.40000 -1.30000 0.8738070000000001 0.0
-1.30000 -1.20000 0.9149654375 0.0
-1.20000 -1.10000 0.9527133125000002 0.0
-1.10000 -1.00000 0.9892428750000003 0.0
-1.00000 -0.900000 1.02325 0.0
-0.900000 -0.800000 1.054585625 0.0
-0.800000 -0.700000 1.0832675 0.0
-0.700000 -0.600000 1.1083112499999999 0.0
-0.600000 -0.500000 1.1296924999999998 0.0
-0.500000 -0.400000 1.1475825000000002 0.0
-0.400000 -0.300000 1.162943125 0.0
-0.300000 -0.200000 1.1732400000000003 0.0
-0.200000 -0.100000 1.1816518750000002 0.0
-0.100000 0.00000 1.186525 0.0
0.00000 0.100000 1.18577625 0.0
0.100000 0.200000 1.1808575000000001 0.0
0.200000 0.300000 1.1743787499999998 0.0
0.300000 0.400000 1.1624325 0.0
0.400000 0.500000 1.147941875 0.0
0.500000 0.600000 1.1294225 0.0
0.600000 0.700000 1.1069168750000002 0.0
0.700000 0.800000 1.0819725 0.0
0.800000 0.900000 1.0540399999999999 0.0
0.900000 1.00000 1.023695 0.0
1.00000 1.10000 0.9892225000000001 0.0
1.10000 1.20000 0.9526734375 0.0
1.20000 1.30000 0.9143348749999999 0.0
1.30000 1.40000 0.8733460625 0.0
1.40000 1.50000 0.831399 0.0
1.50000 1.60000 0.7874803125000001 0.0
1.60000 1.70000 0.7425349375000001 0.0
1.70000 1.80000 0.6974413125 0.0
1.80000 1.90000 0.6502977499999999 0.0
1.90000 2.00000 0.6045693125 0.0
2.00000 2.10000 0.5588328124999999 0.0
2.10000 2.20000 0.5125428125 0.0
2.20000 2.30000 0.467781375 0.0
2.30000 2.40000 0.42408662500000005 0.0
2.40000 2.50000 0.38152862499999995 0.0
2.50000 2.60000 0.3418006875 0.0
2.60000 2.70000 0.30385743750000005 0.0
2.70000 2.80000 0.26786918750000005 0.0
2.80000 2.90000 0.23468581249999998 0.0
2.90000 3.00000 0.204429125 0.0
3.00000 3.10000 0.17614612500000001 0.0
3.10000 3.20000 0.15089231250000001 0.0
3.20000 3.30000 0.1278125625 0.0
3.30000 3.40000 0.1080510625 0.0
3.40000 3.50000 0.090487475 0.0
3.50000 3.60000 0.07503371249999999 0.0
3.60000 3.70000 0.062107818749999995 0.0
3.70000 3.80000 0.0510755375 0.0
3.80000 3.90000 0.041353125 0.0
3.90000 4.00000 0.03374558750000001 0.0
4.00000 4.10000 0.027281731250000003 0.0
4.10000 4.20000 0.0222514 0.0
4.20000 4.30000 0.0178128625 0.0
4.30000 4.40000 0.014220962499999998 0.0
4.40000 4.50000 0.011324962499999999 0.0
4.50000 4.60000 0.008985168124999998 0.0
4.60000 4.70000 0.007248893750000001 0.0
4.70000 4.80000 0.005740688124999999 0.0
4.80000 4.90000 0.004562759374999999 0.0
4.90000 5.00000 0.0035795699999999994 0.0
5.00000 5.10000 0.014947256249999999 0.0
