 #          35 : dS/deta(l1)  (fb/GeV)
-5.10000 -5.00000 0.0 0.0
-5.00000 -4.90000 0.0 0.0
-4.90000 -4.80000 0.0 0.0
-4.80000 -4.70000 0.0 0.0
-4.70000 -4.60000 0.0 0.0
-4.60000 -4.50000 0.0 0.0
-4.50000 -4.40000 0.0 0.0
-4.40000 -4.30000 0.0 0.0
-4.30000 -4.20000 0.0 0.0
-4.20000 -4.10000 0.0 0.0
-4.10000 -4.00000 1.284671e-06 0.0
-4.00000 -3.90000 0.0010907899375 0.0
-3.90000 -3.80000 0.0041599293749999995 0.0
-3.80000 -3.70000 0.008613154374999998 0.0
-3.70000 -3.60000 0.015026031249999999 0.0
-3.60000 -3.50000 0.023658387500000003 0.0
-3.50000 -3.40000 0.03492797500000001 0.0
-3.40000 -3.30000 0.0490906625 0.0
-3.30000 -3.20000 0.0664088375 0.0
-3.20000 -3.10000 0.08640276875000001 0.0
-3.10000 -3.00000 0.1108595 0.0
-3.00000 -2.90000 0.1388081875 0.0
-2.90000 -2.80000 0.1702035 0.0
-2.80000 -2.70000 0.20493468750000002 0.0
-2.70000 -2.60000 0.24292387500000004 0.0
-2.60000 -2.50000 0.2845355625 0.0
-2.50000 -2.40000 0.329169375 0.0
-2.40000 -2.30000 0.3767896250000001 0.0
-2.30000 -2.20000 0.4261678125 0.0
-2.20000 -2.10000 0.477537375 0.0
-2.10000 -2.00000 0.530373125 0.0
-2.00000 -1.90000 0.5845680624999999 0.0
-1.90000 -1.80000 0.6395034374999999 0.0
-1.80000 -1.70000 0.6940478125 0.0
-1.70000 -1.60000 0.7483172499999998 0.0
-1.60000 -1.50000 0.8032213749999999 0.0
-1.50000 -1.40000 0.8574151249999998 0.0
-1.40000 -1.30000 0.9082617500000002 0.0
-1.30000 -1.20000 0.9584770625 0.0
-1.20000 -1.10000 1.005980625 0.0
-1.10000 -1.00000 1.051465625 0.0
-1.00000 -0.900000 1.094478125 0.0
-0.900000 -0.800000 1.13158125 0.0
-0.800000 -0.700000 1.1675487500000001 0.0
-0.700000 -0.600000 1.1988825 0.0
-0.600000 -0.500000 1.226198125 0.0
-0.500000 -0.400000 1.249424375 0.0
-0.400000 -0.300000 1.2683474999999997 0.0
-0.300000 -0.200000 1.2824706250000002 0.0
-0.200000 -0.100000 1.29186875 0.0
-0.100000 0.00000 1.2974199999999998 0.0
0.00000 0.100000 1.29737 0.0
0.100000 0.200000 1.292393125 0.0
0.200000 0.300000 1.282681875 0.0
0.300000 0.400000 1.26862375 0.0
0.400000 0.500000 1.2491706250000003 0.0
0.500000 0.600000 1.2253143750000002 0.0
0.600000 0.700000 1.1999600000000001 0.0
0.700000 0.800000 1.1677618749999998 0.0
0.800000 0.900000 1.1324200000000002 0.0
0.900000 1.00000 1.0933424999999999 0.0
1.00000 1.10000 1.051659375 0.0
1.10000 1.20000 1.00562375 0.0
1.20000 1.30000 0.9588809375000001 0.0
1.30000 1.40000 0.9078843125 0.0
1.40000 1.50000 0.8571525624999999 0.0
1.50000 1.60000 0.803450625 0.0
1.60000 1.70000 0.7501349374999999 0.0
1.70000 1.80000 0.6942695625 0.0
1.80000 1.90000 0.6394437500000001 0.0
1.90000 2.00000 0.5843265625 0.0
2.00000 2.10000 0.531162 0.0
2.10000 2.20000 0.4773276249999999 0.0
2.20000 2.30000 0.4266928750000001 0.0
2.30000 2.40000 0.3766873125 0.0
2.40000 2.50000 0.32908893749999996 0.0
2.50000 2.60000 0.285001125 0.0
2.60000 2.70000 0.24364999999999998 0.0
2.70000 2.80000 0.2050440625 0.0
2.80000 2.90000 0.16983087500000002 0.0
2.90000 3.00000 0.1386135 0.0
3.00000 3.10000 0.1108743125 0.0
3.10000 3.20000 0.08689055 0.0
3.20000 3.30000 0.06629186249999999 0.0
3.30000 3.40000 0.0490829375 0.0
3.40000 3.50000 0.0349217875 0.0
3.50000 3.60000 0.0236532 0.0
3.60000 3.70000 0.014907112500000002 0.0
3.70000 3.80000 0.00863399375 0.0
3.80000 3.90000 0.004115138125 0.0
3.90000 4.00000 0.001097478125 0.0
4.00000 4.10000 1.0130765625000001e-06 0.0
4.10000 4.20000 0.0 0.0
4.20000 4.30000 0.0 0.0
4.30000 4.40000 0.0 0.0
4.40000 4.50000 0.0 0.0
4.50000 4.60000 0.0 0.0
4.60000 4.70000 0.0 0.0
4.70000 4.80000 0.0 0.0
4.80000 4.90000 0.0 0.0
4.90000 5.00000 0.0 0.0
5.00000 5.10000 0.0 0.0
