 #          47 : dS/dm(e+mu+) (fb/GeV)
-100.000 0.00000 0.0 0.0
0.00000 100.000 0.01571925625 0.0
100.000 200.000 0.0172253125 0.0
200.000 300.000 0.007419623124999998 0.0
300.000 400.000 0.003418466875 0.0
400.000 500.000 0.0017427993750000002 0.0
500.000 600.000 0.0009606004375 0.0
600.000 700.000 0.0005611965625000001 0.0
700.000 800.000 0.0003441058125 0.0
800.000 900.000 0.000218223375 0.0
900.000 1000.00 0.000143014625 0.0
1000.00 1100.00 9.593585e-05 0.0
1100.00 1200.00 6.567741249999999e-05 0.0
1200.00 1300.00 4.590586874999999e-05 0.0
1300.00 1400.00 3.255086875000001e-05 0.0
1400.00 1500.00 2.3530793750000003e-05 0.0
1500.00 1600.00 1.71690875e-05 0.0
1600.00 1700.00 1.2624812499999999e-05 0.0
1700.00 1800.00 9.435254999999996e-06 0.0
1800.00 1900.00 7.017337500000001e-06 0.0
1900.00 2000.00 5.3099706250000005e-06 0.0
2000.00 2100.00 4.10733125e-06 0.0
2100.00 2200.00 3.1523625e-06 0.0
2200.00 2300.00 2.419403125e-06 0.0
2300.00 2400.00 1.869378125e-06 0.0
2400.00 2500.00 1.4409162500000001e-06 0.0
2500.00 2600.00 1.164573125e-06 0.0
2600.00 2700.00 9.175149375e-07 0.0
2700.00 2800.00 7.495144374999999e-07 0.0
2800.00 2900.00 5.732852500000002e-07 0.0
2900.00 3000.00 4.656100625e-07 0.0
3000.00 3100.00 3.638525625e-07 0.0
3100.00 3200.00 2.904758125e-07 0.0
3200.00 3300.00 2.3323837500000002e-07 0.0
3300.00 3400.00 1.925738125e-07 0.0
3400.00 3500.00 1.5971131250000002e-07 0.0
3500.00 3600.00 1.2819225000000002e-07 0.0
3600.00 3700.00 1.0433086874999998e-07 0.0
3700.00 3800.00 8.415721249999998e-08 0.0
3800.00 3900.00 6.824309375000001e-08 0.0
3900.00 4000.00 5.8798524999999993e-08 0.0
4000.00 4100.00 4.655843125e-08 0.0
4100.00 4200.00 4.0658718750000006e-08 0.0
4200.00 4300.00 3.28036625e-08 0.0
4300.00 4400.00 2.8004406250000002e-08 0.0
4400.00 4500.00 2.4102074999999997e-08 0.0
4500.00 4600.00 2.0755543749999997e-08 0.0
4600.00 4700.00 1.573624375e-08 0.0
4700.00 4800.00 1.5263249374999997e-08 0.0
4800.00 4900.00 1.0261501874999997e-08 0.0
4900.00 5000.00 9.029018125e-09 0.0
5000.00 5100.00 8.861741250000001e-09 0.0
5100.00 5200.00 6.0742024999999995e-09 0.0
5200.00 5300.00 6.042700625e-09 0.0
5300.00 5400.00 4.41042e-09 0.0
5400.00 5500.00 3.555364375e-09 0.0
5500.00 5600.00 3.2028931249999996e-09 0.0
5600.00 5700.00 2.9732387499999996e-09 0.0
5700.00 5800.00 1.9236975000000003e-09 0.0
5800.00 5900.00 1.7437958124999996e-09 0.0
5900.00 6000.00 1.3332174374999999e-09 0.0
6000.00 6100.00 1.4096275625e-09 0.0
6100.00 6200.00 9.8465625e-10 0.0
6200.00 6300.00 1.0086090624999998e-09 0.0
6300.00 6400.00 6.252620625e-10 0.0
6400.00 6500.00 6.44930875e-10 0.0
6500.00 6600.00 6.218967499999999e-10 0.0
6600.00 6700.00 5.520998749999999e-10 0.0
6700.00 6800.00 4.14849625e-10 0.0
6800.00 6900.00 3.626263125e-10 0.0
6900.00 7000.00 3.838261875e-10 0.0
7000.00 7100.00 3.4588031249999994e-10 0.0
7100.00 7200.00 2.923558125e-10 0.0
7200.00 7300.00 1.9525420000000002e-10 0.0
7300.00 7400.00 2.3655634375000003e-10 0.0
7400.00 7500.00 1.6895037500000004e-10 0.0
7500.00 7600.00 1.1892851875e-10 0.0
7600.00 7700.00 1.6143543125e-10 0.0
7700.00 7800.00 1.2690896874999999e-10 0.0
7800.00 7900.00 8.504111875e-11 0.0
7900.00 8000.00 8.113920625000002e-11 0.0
8000.00 8100.00 7.44645625e-11 0.0
8100.00 8200.00 6.281710625e-11 0.0
8200.00 8300.00 6.649892500000001e-11 0.0
8300.00 8400.00 3.9534468749999994e-11 0.0
8400.00 8500.00 3.73016625e-11 0.0
8500.00 8600.00 3.0071112500000005e-11 0.0
8600.00 8700.00 2.1676826875e-11 0.0
8700.00 8800.00 2.525661125e-11 0.0
8800.00 8900.00 2.222749375e-11 0.0
8900.00 9000.00 1.5580390624999998e-11 0.0
9000.00 9100.00 3.998637812500001e-11 0.0
9100.00 9200.00 1.3165335e-11 0.0
9200.00 9300.00 1.1777693749999999e-11 0.0
9300.00 9400.00 1.5589445624999997e-11 0.0
9400.00 9500.00 6.95953875e-12 0.0
9500.00 9600.00 5.973145625000001e-12 0.0
9600.00 9700.00 6.912840000000001e-12 0.0
9700.00 9800.00 1.2610035e-11 0.0
9800.00 9900.00 3.840235e-12 0.0
9900.00 10000.0 6.8715525e-12 0.0
10000.0 10100.0 4.766833125e-12 0.0
10100.0 10200.0 2.528083125e-12 0.0
10200.0 10300.0 2.1172187500000002e-12 0.0
10300.0 10400.0 2.4933505625000004e-12 0.0
10400.0 10500.0 2.9383720000000005e-12 0.0
10500.0 10600.0 1.2463521250000003e-12 0.0
10600.0 10700.0 1.7073288750000003e-12 0.0
10700.0 10800.0 1.4588078750000001e-12 0.0
10800.0 10900.0 1.3365253125e-12 0.0
10900.0 11000.0 7.068817499999999e-13 0.0
11000.0 11100.0 7.00045e-13 0.0
11100.0 11200.0 1.4904892500000002e-12 0.0
11200.0 11300.0 1.0480741250000002e-12 0.0
11300.0 11400.0 6.910453749999999e-13 0.0
11400.0 11500.0 2.1233396875000003e-12 0.0
11500.0 11600.0 1.067853125e-12 0.0
11600.0 11700.0 3.954892125000001e-13 0.0
11700.0 11800.0 2.9538116249999996e-13 0.0
11800.0 11900.0 1.6570951875e-13 0.0
11900.0 12000.0 2.59927375e-13 0.0
12000.0 12100.0 2.1569584999999998e-13 0.0
12100.0 12200.0 1.5453693124999999e-13 0.0
12200.0 12300.0 3.5744008125e-13 0.0
12300.0 12400.0 1.49795e-13 0.0
12400.0 12500.0 1.2445636874999998e-13 0.0
12500.0 12600.0 1.1746993125000001e-13 0.0
12600.0 12700.0 6.456185812499998e-14 0.0
12700.0 12800.0 4.7760031249999996e-14 0.0
12800.0 12900.0 6.89905225e-13 0.0
12900.0 13000.0 4.9812153749999997e-14 0.0
13000.0 13100.0 6.125412750000001e-14 0.0
13100.0 13200.0 6.458592312500001e-14 0.0
13200.0 13300.0 2.6758129999999997e-14 0.0
13300.0 13400.0 7.7519366875e-14 0.0
13400.0 13500.0 3.9729243125000004e-14 0.0
13500.0 13600.0 4.2234768125e-14 0.0
13600.0 13700.0 4.0046179375e-14 0.0
13700.0 13800.0 7.276336750000001e-14 0.0
13800.0 13900.0 1.09379481875e-13 0.0
13900.0 14000.0 2.340335e-14 0.0
14000.0 14100.0 1.4635178125000004e-14 0.0
14100.0 14200.0 1.5842746125000003e-13 0.0
14200.0 14300.0 2.2752141875e-14 0.0
14300.0 14400.0 1.55221075e-14 0.0
14400.0 14500.0 1.6089779375e-14 0.0
14500.0 14600.0 2.2387018562499998e-14 0.0
14600.0 14700.0 6.99373525e-15 0.0
14700.0 14800.0 1.28545155e-14 0.0
14800.0 14900.0 9.181252874999998e-15 0.0
14900.0 15000.0 8.69824775e-15 0.0
15000.0 15100.0 7.8399299375e-15 0.0
15100.0 15200.0 1.1218902999999999e-14 0.0
15200.0 15300.0 3.0097255e-15 0.0
15300.0 15400.0 3.867800062499999e-15 0.0
15400.0 15500.0 1.05669015e-15 0.0
15500.0 15600.0 4.5600693999999985e-15 0.0
15600.0 15700.0 1.3365000687500003e-15 0.0
15700.0 15800.0 1.4561345431249997e-15 0.0
15800.0 15900.0 8.290463124999999e-16 0.0
15900.0 16000.0 5.552923875e-16 0.0
16000.0 16100.0 1.9787943815625004e-14 0.0
16100.0 16200.0 5.634836625e-16 0.0
16200.0 16300.0 4.94850695625e-16 0.0
16300.0 16400.0 1.2918436210625e-15 0.0
16400.0 16500.0 6.312196241875001e-16 0.0
16500.0 16600.0 7.394630233124999e-16 0.0
16600.0 16700.0 4.720595466387501e-16 0.0
16700.0 16800.0 4.535734635625e-15 0.0
16800.0 16900.0 5.101193799999999e-16 0.0
16900.0 17000.0 3.8017582749999996e-16 0.0
17000.0 17100.0 1.1505652969375001e-15 0.0
17100.0 17200.0 -2.1283644031250004e-17 0.0
17200.0 17300.0 1.7998848896250002e-16 0.0
17300.0 17400.0 1.373364624375e-16 0.0
17400.0 17500.0 3.7969253124999996e-17 0.0
17500.0 17600.0 1.01819328075e-17 0.0
17600.0 17700.0 7.4005099625e-17 0.0
17700.0 17800.0 8.540244776874999e-18 0.0
17800.0 17900.0 3.78310173375e-17 0.0
17900.0 18000.0 1.2403191925e-18 0.0
18000.0 18100.0 1.3631726296874999e-17 0.0
18100.0 18200.0 9.651814433749999e-18 0.0
18200.0 18300.0 1.1542679875e-18 0.0
18300.0 18400.0 3.03465316075e-17 0.0
18400.0 18500.0 1.51955714375e-17 0.0
18500.0 18600.0 1.22560625e-19 0.0
18600.0 18700.0 0.0 0.0
18700.0 18800.0 5.987075e-19 0.0
18800.0 18900.0 0.0 0.0
18900.0 19000.0 0.0 0.0
19000.0 19100.0 0.0 0.0
19100.0 19200.0 0.0 0.0
19200.0 19300.0 0.0 0.0
19300.0 19400.0 0.0 0.0
19400.0 19500.0 0.0 0.0
19500.0 19600.0 0.0 0.0
19600.0 19700.0 0.0 0.0
19700.0 19800.0 0.0 0.0
19800.0 19900.0 0.0 0.0
19900.0 20000.0 0.0 0.0
20000.0 20100.0 0.0 0.0
