 #          34 : dS/deta(vmu) (fb/GeV)
-5.10000 -5.00000 0.015052300000000001 0.0
-5.00000 -4.90000 0.0037558337499999997 0.0
-4.90000 -4.80000 0.0045804818749999995 0.0
-4.80000 -4.70000 0.005721030625 0.0
-4.70000 -4.60000 0.00722643 0.0
-4.60000 -4.50000 0.008988626250000001 0.0
-4.50000 -4.40000 0.011257025 0.0
-4.40000 -4.30000 0.0142145 0.0
-4.30000 -4.20000 0.01760736875 0.0
-4.20000 -4.10000 0.021859256250000004 0.0
-4.10000 -4.00000 0.027191375 0.0
-4.00000 -3.90000 0.0336219375 0.0
-3.90000 -3.80000 0.04174743125 0.0
-3.80000 -3.70000 0.05087285625000001 0.0
-3.70000 -3.60000 0.06205050625 0.0
-3.60000 -3.50000 0.0747721875 0.0
-3.50000 -3.40000 0.09015173749999998 0.0
-3.40000 -3.30000 0.10819718750000001 0.0
-3.30000 -3.20000 0.1274305625 0.0
-3.20000 -3.10000 0.1503905625 0.0
-3.10000 -3.00000 0.17584412500000002 0.0
-3.00000 -2.90000 0.2037649375 0.0
-2.90000 -2.80000 0.2346849375 0.0
-2.80000 -2.70000 0.26832849999999997 0.0
-2.70000 -2.60000 0.30383193750000004 0.0
-2.60000 -2.50000 0.34213356249999993 0.0
-2.50000 -2.40000 0.38294956250000006 0.0
-2.40000 -2.30000 0.4248189375 0.0
-2.30000 -2.20000 0.4674778125000001 0.0
-2.20000 -2.10000 0.5126025624999999 0.0
-2.10000 -2.00000 0.557824375 0.0
-2.00000 -1.90000 0.6040776875 0.0
-1.90000 -1.80000 0.6497815625 0.0
-1.80000 -1.70000 0.6964271875 0.0
-1.70000 -1.60000 0.7420503125 0.0
-1.60000 -1.50000 0.7874561875 0.0
-1.50000 -1.40000 0.8310631875000001 0.0
-1.40000 -1.30000 0.8742314375000002 0.0
-1.30000 -1.20000 0.9136306875000001 0.0
-1.20000 -1.10000 0.953393375 0.0
-1.10000 -1.00000 0.9897106250000001 0.0
-1.00000 -0.900000 1.0235237499999998 0.0
-0.900000 -0.800000 1.05411 0.0
-0.800000 -0.700000 1.0828481250000002 0.0
-0.700000 -0.600000 1.10756125 0.0
-0.600000 -0.500000 1.12911125 0.0
-0.500000 -0.400000 1.1485624999999997 0.0
-0.400000 -0.300000 1.16289375 0.0
-0.300000 -0.200000 1.17398125 0.0
-0.200000 -0.100000 1.181818125 0.0
-0.100000 0.00000 1.18527625 0.0
0.00000 0.100000 1.185685 0.0
0.100000 0.200000 1.1812418750000002 0.0
0.200000 0.300000 1.1736531250000002 0.0
0.300000 0.400000 1.161973125 0.0
0.400000 0.500000 1.148439375 0.0
0.500000 0.600000 1.129151875 0.0
0.600000 0.700000 1.1081156250000002 0.0
0.700000 0.800000 1.0824106249999998 0.0
0.800000 0.900000 1.0547187500000001 0.0
0.900000 1.00000 1.0229774999999999 0.0
1.00000 1.10000 0.9891539374999999 0.0
1.10000 1.20000 0.9527178125 0.0
1.20000 1.30000 0.914657 0.0
1.30000 1.40000 0.87350225 0.0
1.40000 1.50000 0.8311236875 0.0
1.50000 1.60000 0.78777575 0.0
1.60000 1.70000 0.7429661249999999 0.0
1.70000 1.80000 0.6967427500000001 0.0
1.80000 1.90000 0.6510962499999999 0.0
1.90000 2.00000 0.6042199375 0.0
2.00000 2.10000 0.55828625 0.0
2.10000 2.20000 0.51289425 0.0
2.20000 2.30000 0.46820831250000006 0.0
2.30000 2.40000 0.424062 0.0
2.40000 2.50000 0.38202893750000005 0.0
2.50000 2.60000 0.34192 0.0
2.60000 2.70000 0.3039251875 0.0
2.70000 2.80000 0.2684524375 0.0
2.80000 2.90000 0.23467300000000005 0.0
2.90000 3.00000 0.2038826875 0.0
3.00000 3.10000 0.17583543749999997 0.0
3.10000 3.20000 0.1505130625 0.0
3.20000 3.30000 0.12779456250000001 0.0
3.30000 3.40000 0.10765749999999999 0.0
3.40000 3.50000 0.0901284625 0.0
3.50000 3.60000 0.07513433749999998 0.0
3.60000 3.70000 0.06205795 0.0
3.70000 3.80000 0.05117099375 0.0
3.80000 3.90000 0.04167085000000001 0.0
3.90000 4.00000 0.033877081249999996 0.0
4.00000 4.10000 0.027228149999999996 0.0
4.10000 4.20000 0.021971787500000003 0.0
4.20000 4.30000 0.01775134375 0.0
4.30000 4.40000 0.014208906249999997 0.0
4.40000 4.50000 0.01124853125 0.0
4.50000 4.60000 0.009002206875 0.0
4.60000 4.70000 0.00721427375 0.0
4.70000 4.80000 0.0057459825 0.0
4.80000 4.90000 0.004617472499999999 0.0
4.90000 5.00000 0.0036254425000000006 0.0
5.00000 5.10000 0.0150210125 0.0
