 #          33 : dS/deta(mu+) (fb/GeV)
-5.10000 -5.00000 0.0 0.0
-5.00000 -4.90000 0.0 0.0
-4.90000 -4.80000 0.0 0.0
-4.80000 -4.70000 0.0 0.0
-4.70000 -4.60000 0.0 0.0
-4.60000 -4.50000 0.0 0.0
-4.50000 -4.40000 0.0 0.0
-4.40000 -4.30000 0.0 0.0
-4.30000 -4.20000 0.0 0.0
-4.20000 -4.10000 0.0 0.0
-4.10000 -4.00000 2.7008781875e-06 0.0
-4.00000 -3.90000 0.00153872875 0.0
-3.90000 -3.80000 0.005753269375 0.0
-3.80000 -3.70000 0.011756512500000003 0.0
-3.70000 -3.60000 0.0199521875 0.0
-3.60000 -3.50000 0.030887450000000004 0.0
-3.50000 -3.40000 0.044184475 0.0
-3.40000 -3.30000 0.06057851875000001 0.0
-3.30000 -3.20000 0.08081407500000001 0.0
-3.20000 -3.10000 0.10345575 0.0
-3.10000 -3.00000 0.130005125 0.0
-3.00000 -2.90000 0.16012375 0.0
-2.90000 -2.80000 0.193728125 0.0
-2.80000 -2.70000 0.2302816875 0.0
-2.70000 -2.60000 0.2694878125 0.0
-2.60000 -2.50000 0.3118516249999999 0.0
-2.50000 -2.40000 0.3568356875 0.0
-2.40000 -2.30000 0.4038383125000001 0.0
-2.30000 -2.20000 0.45285549999999997 0.0
-2.20000 -2.10000 0.502508 0.0
-2.10000 -2.00000 0.5537301875 0.0
-2.00000 -1.90000 0.6056264375 0.0
-1.90000 -1.80000 0.6569443125 0.0
-1.80000 -1.70000 0.7084520624999999 0.0
-1.70000 -1.60000 0.7592320625 0.0
-1.60000 -1.50000 0.80979475 0.0
-1.50000 -1.40000 0.8586489374999998 0.0
-1.40000 -1.30000 0.904965125 0.0
-1.30000 -1.20000 0.9506705000000001 0.0
-1.20000 -1.10000 0.9935756874999999 0.0
-1.10000 -1.00000 1.03331125 0.0
-1.00000 -0.900000 1.07176875 0.0
-0.900000 -0.800000 1.10588125 0.0
-0.800000 -0.700000 1.136530625 0.0
-0.700000 -0.600000 1.1642325 0.0
-0.600000 -0.500000 1.1882662499999999 0.0
-0.500000 -0.400000 1.208444375 0.0
-0.400000 -0.300000 1.225130625 0.0
-0.300000 -0.200000 1.2378893750000002 0.0
-0.200000 -0.100000 1.2459043750000003 0.0
-0.100000 0.00000 1.2500974999999999 0.0
0.00000 0.100000 1.2507862500000002 0.0
0.100000 0.200000 1.246479375 0.0
0.200000 0.300000 1.2375506250000001 0.0
0.300000 0.400000 1.22489875 0.0
0.400000 0.500000 1.2090706249999998 0.0
0.500000 0.600000 1.188700625 0.0
0.600000 0.700000 1.1657175000000002 0.0
0.700000 0.800000 1.1362999999999999 0.0
0.800000 0.900000 1.10553125 0.0
0.900000 1.00000 1.07167125 0.0
1.00000 1.10000 1.0341699999999998 0.0
1.10000 1.20000 0.993486375 0.0
1.20000 1.30000 0.9512258125000002 0.0
1.30000 1.40000 0.9047990625 0.0
1.40000 1.50000 0.8581559374999999 0.0
1.50000 1.60000 0.8102305624999999 0.0
1.60000 1.70000 0.7606758749999999 0.0
1.70000 1.80000 0.7093458125 0.0
1.80000 1.90000 0.6569335625 0.0
1.90000 2.00000 0.6052405000000001 0.0
2.00000 2.10000 0.5544848125 0.0
2.10000 2.20000 0.5025394375000001 0.0
2.20000 2.30000 0.452692625 0.0
2.30000 2.40000 0.40379818750000007 0.0
2.40000 2.50000 0.3569571875 0.0
2.50000 2.60000 0.3123796875 0.0
2.60000 2.70000 0.2697953125 0.0
2.70000 2.80000 0.23053600000000002 0.0
2.80000 2.90000 0.19376249999999998 0.0
2.90000 3.00000 0.16030862499999998 0.0
3.00000 3.10000 0.1300989375 0.0
3.10000 3.20000 0.10384756250000002 0.0
3.20000 3.30000 0.0804469375 0.0
3.30000 3.40000 0.06067193749999999 0.0
3.40000 3.50000 0.04422249999999999 0.0
3.50000 3.60000 0.03059515625 0.0
3.60000 3.70000 0.019828306250000004 0.0
3.70000 3.80000 0.011752031249999998 0.0
3.80000 3.90000 0.005790673750000001 0.0
3.90000 4.00000 0.001570114375 0.0
4.00000 4.10000 2.061928875e-06 0.0
4.10000 4.20000 0.0 0.0
4.20000 4.30000 0.0 0.0
4.30000 4.40000 0.0 0.0
4.40000 4.50000 0.0 0.0
4.50000 4.60000 0.0 0.0
4.60000 4.70000 0.0 0.0
4.70000 4.80000 0.0 0.0
4.80000 4.90000 0.0 0.0
4.90000 5.00000 0.0 0.0
5.00000 5.10000 0.0 0.0
