 #          71 : dS/dm(j1j2) (fb/GeV)
-100.000 0.00000 0.0 0.0
0.00000 100.000 0.0 0.0
100.000 200.000 0.0 0.0
200.000 300.000 0.0 0.0
300.000 400.000 0.0 0.0
400.000 500.000 3.9175924999999994e-05 0.0
500.000 600.000 0.0016690125 0.0
600.000 700.000 0.0019373768750000002 0.0
700.000 800.000 0.002065743125 0.0
800.000 900.000 0.00211829625 0.0
900.000 1000.00 0.002117279375 0.0
1000.00 1100.00 0.002081809375 0.0
1100.00 1200.00 0.0020219943750000003 0.0
1200.00 1300.00 0.0019491850000000004 0.0
1300.00 1400.00 0.0018668162500000002 0.0
1400.00 1500.00 0.00177954875 0.0
1500.00 1600.00 0.0016912068750000002 0.0
1600.00 1700.00 0.001603173125 0.0
1700.00 1800.00 0.0015171293749999997 0.0
1800.00 1900.00 0.0014327056250000002 0.0
1900.00 2000.00 0.0013526137499999997 0.0
2000.00 2100.00 0.00127516875 0.0
2100.00 2200.00 0.0012017087500000002 0.0
2200.00 2300.00 0.0011309937499999999 0.0
2300.00 2400.00 0.001064768125 0.0
2400.00 2500.00 0.0010023883124999997 0.0
2500.00 2600.00 0.0009429369375000002 0.0
2600.00 2700.00 0.0008855665624999998 0.0
2700.00 2800.00 0.0008332495625 0.0
2800.00 2900.00 0.0007827893125 0.0
2900.00 3000.00 0.0007349567499999999 0.0
3000.00 3100.00 0.0006909688750000001 0.0
3100.00 3200.00 0.0006490922499999999 0.0
3200.00 3300.00 0.00060949825 0.0
3300.00 3400.00 0.000572784 0.0
3400.00 3500.00 0.0005369910625 0.0
3500.00 3600.00 0.000504475375 0.0
3600.00 3700.00 0.00047336700000000004 0.0
3700.00 3800.00 0.00044422112499999995 0.0
3800.00 3900.00 0.00041678387499999997 0.0
3900.00 4000.00 0.00039120743750000006 0.0
4000.00 4100.00 0.0003668670625 0.0
4100.00 4200.00 0.000343718875 0.0
4200.00 4300.00 0.000322272375 0.0
4300.00 4400.00 0.0003025345625 0.0
4400.00 4500.00 0.000283814625 0.0
4500.00 4600.00 0.0002655545 0.0
4600.00 4700.00 0.00024895662500000004 0.0
4700.00 4800.00 0.00023354818750000002 0.0
4800.00 4900.00 0.000218961875 0.0
4900.00 5000.00 0.00020504718749999999 0.0
5000.00 5100.00 0.00019224868749999997 0.0
5100.00 5200.00 0.000179847 0.0
5200.00 5300.00 0.0001683765 0.0
5300.00 5400.00 0.00015778418749999996 0.0
5400.00 5500.00 0.00014747993750000002 0.0
5500.00 5600.00 0.000138037875 0.0
5600.00 5700.00 0.0001293791875 0.0
5700.00 5800.00 0.000120752875 0.0
5800.00 5900.00 0.00011289387499999999 0.0
5900.00 6000.00 0.00010550412499999999 0.0
6000.00 6100.00 9.89726e-05 0.0
6100.00 6200.00 9.237800624999999e-05 0.0
6200.00 6300.00 8.6203825e-05 0.0
6300.00 6400.00 8.051368125e-05 0.0
6400.00 6500.00 7.527475625e-05 0.0
6500.00 6600.00 7.033734375000001e-05 0.0
6600.00 6700.00 6.579844375e-05 0.0
6700.00 6800.00 6.137136875e-05 0.0
6800.00 6900.00 5.731773749999999e-05 0.0
6900.00 7000.00 5.3470368750000005e-05 0.0
7000.00 7100.00 4.973646250000001e-05 0.0
7100.00 7200.00 4.654858125e-05 0.0
7200.00 7300.00 4.330430625e-05 0.0
7300.00 7400.00 4.0606049999999994e-05 0.0
7400.00 7500.00 3.772309374999999e-05 0.0
7500.00 7600.00 3.5239662499999995e-05 0.0
7600.00 7700.00 3.26322125e-05 0.0
7700.00 7800.00 3.053118125e-05 0.0
7800.00 7900.00 2.8641e-05 0.0
7900.00 8000.00 2.641163125e-05 0.0
8000.00 8100.00 2.47016375e-05 0.0
8100.00 8200.00 2.3050137499999994e-05 0.0
8200.00 8300.00 2.1767287499999997e-05 0.0
8300.00 8400.00 1.987338125e-05 0.0
8400.00 8500.00 1.841848125e-05 0.0
8500.00 8600.00 1.730304375e-05 0.0
8600.00 8700.00 1.6000287500000002e-05 0.0
8700.00 8800.00 1.5043818750000003e-05 0.0
8800.00 8900.00 1.3836524999999999e-05 0.0
8900.00 9000.00 1.2803875e-05 0.0
9000.00 9100.00 1.19180625e-05 0.0
9100.00 9200.00 1.106715e-05 0.0
9200.00 9300.00 1.0625731250000001e-05 0.0
9300.00 9400.00 9.607199375e-06 0.0
9400.00 9500.00 8.820090624999999e-06 0.0
9500.00 9600.00 8.1840325e-06 0.0
9600.00 9700.00 7.602786874999999e-06 0.0
9700.00 9800.00 7.0526649999999995e-06 0.0
9800.00 9900.00 6.539758124999999e-06 0.0
9900.00 10000.0 6.0669775e-06 0.0
10000.0 10100.0 5.5676331250000005e-06 0.0
10100.0 10200.0 5.222554999999998e-06 0.0
10200.0 10300.0 4.8032918750000005e-06 0.0
10300.0 10400.0 4.4822906250000005e-06 0.0
10400.0 10500.0 4.08278125e-06 0.0
10500.0 10600.0 3.8097175e-06 0.0
10600.0 10700.0 3.53251625e-06 0.0
10700.0 10800.0 3.286890625e-06 0.0
10800.0 10900.0 3.0157437500000003e-06 0.0
10900.0 11000.0 2.817535e-06 0.0
11000.0 11100.0 2.5525525e-06 0.0
11100.0 11200.0 2.37939125e-06 0.0
11200.0 11300.0 2.220433125e-06 0.0
11300.0 11400.0 2.077594375e-06 0.0
11400.0 11500.0 1.8440887500000003e-06 0.0
11500.0 11600.0 1.865845e-06 0.0
11600.0 11700.0 1.5627750000000003e-06 0.0
11700.0 11800.0 1.4557625e-06 0.0
11800.0 11900.0 1.3220031249999998e-06 0.0
11900.0 12000.0 1.2554268749999998e-06 0.0
12000.0 12100.0 1.1438912499999998e-06 0.0
12100.0 12200.0 1.0646375625000002e-06 0.0
12200.0 12300.0 9.745098749999999e-07 0.0
12300.0 12400.0 8.770086875e-07 0.0
12400.0 12500.0 7.887200625e-07 0.0
12500.0 12600.0 7.343833125e-07 0.0
12600.0 12700.0 6.723963749999999e-07 0.0
12700.0 12800.0 6.414010625e-07 0.0
12800.0 12900.0 5.713758750000001e-07 0.0
12900.0 13000.0 5.28093e-07 0.0
13000.0 13100.0 4.83529375e-07 0.0
13100.0 13200.0 4.2707156250000003e-07 0.0
13200.0 13300.0 4.3596656250000003e-07 0.0
13300.0 13400.0 4.1472687499999995e-07 0.0
13400.0 13500.0 3.448608125e-07 0.0
13500.0 13600.0 3.138924375e-07 0.0
13600.0 13700.0 2.8995262499999997e-07 0.0
13700.0 13800.0 2.543914375e-07 0.0
13800.0 13900.0 2.471456875e-07 0.0
13900.0 14000.0 2.111493125e-07 0.0
14000.0 14100.0 2.05293875e-07 0.0
14100.0 14200.0 1.938501875e-07 0.0
14200.0 14300.0 1.6491462500000003e-07 0.0
14300.0 14400.0 1.477655e-07 0.0
14400.0 14500.0 1.425395625e-07 0.0
14500.0 14600.0 1.2584330000000003e-07 0.0
14600.0 14700.0 1.1210234375e-07 0.0
14700.0 14800.0 9.61508e-08 0.0
14800.0 14900.0 8.841069375000001e-08 0.0
14900.0 15000.0 8.475671875e-08 0.0
15000.0 15100.0 7.658328125e-08 0.0
15100.0 15200.0 7.28304375e-08 0.0
15200.0 15300.0 6.3047075e-08 0.0
15300.0 15400.0 5.613644375e-08 0.0
15400.0 15500.0 5.111275e-08 0.0
15500.0 15600.0 4.624809375e-08 0.0
15600.0 15700.0 4.578118125000001e-08 0.0
15700.0 15800.0 4.0040600000000006e-08 0.0
15800.0 15900.0 3.6814062499999996e-08 0.0
15900.0 16000.0 3.28141875e-08 0.0
16000.0 16100.0 2.79547375e-08 0.0
16100.0 16200.0 2.64543625e-08 0.0
16200.0 16300.0 2.5552325e-08 0.0
16300.0 16400.0 1.9999275e-08 0.0
16400.0 16500.0 1.8197337500000004e-08 0.0
16500.0 16600.0 1.854154375e-08 0.0
16600.0 16700.0 1.555038e-08 0.0
16700.0 16800.0 1.2758543125000002e-08 0.0
16800.0 16900.0 1.3399503749999999e-08 0.0
16900.0 17000.0 1.159168125e-08 0.0
17000.0 17100.0 9.606038125e-09 0.0
17100.0 17200.0 8.087420625e-09 0.0
17200.0 17300.0 7.225764999999999e-09 0.0
17300.0 17400.0 8.85849e-09 0.0
17400.0 17500.0 6.543625624999999e-09 0.0
17500.0 17600.0 5.3723e-09 0.0
17600.0 17700.0 4.749374375000001e-09 0.0
17700.0 17800.0 4.722216875e-09 0.0
17800.0 17900.0 3.37740875e-09 0.0
17900.0 18000.0 4.21718e-09 0.0
18000.0 18100.0 5.053030312500001e-09 0.0
18100.0 18200.0 2.6474208750000002e-09 0.0
18200.0 18300.0 2.6756556249999993e-09 0.0
18300.0 18400.0 2.0378658749999996e-09 0.0
18400.0 18500.0 1.6886290625e-09 0.0
18500.0 18600.0 1.2584236875e-09 0.0
18600.0 18700.0 1.4454591874999998e-09 0.0
18700.0 18800.0 1.276826125e-09 0.0
18800.0 18900.0 1.2536086874999998e-09 0.0
18900.0 19000.0 8.076318125e-10 0.0
19000.0 19100.0 9.45092375e-10 0.0
19100.0 19200.0 6.22061175e-10 0.0
19200.0 19300.0 6.757295625000001e-10 0.0
19300.0 19400.0 5.531636875e-10 0.0
19400.0 19500.0 7.773389999999999e-10 0.0
19500.0 19600.0 5.74231625e-10 0.0
19600.0 19700.0 3.4654674374999995e-10 0.0
19700.0 19800.0 3.05210475e-10 0.0
19800.0 19900.0 2.7280936875e-10 0.0
19900.0 20000.0 2.4944458125000003e-10 0.0
20000.0 20100.0 1.2739859375e-09 0.0
