 #          45 : dS/dmT(e+mu+) (fb/GeV)
-100.000 0.00000 0.0 0.0
0.00000 100.000 0.00053432375 0.0
100.000 200.000 0.0103225 0.0
200.000 300.000 0.014631456250000003 0.0
300.000 400.000 0.009368838749999999 0.0
400.000 500.000 0.0053401281249999995 0.0
500.000 600.000 0.003039228125 0.0
600.000 700.000 0.0017757787499999998 0.0
700.000 800.000 0.001069523125 0.0
800.000 900.000 0.000664623125 0.0
900.000 1000.00 0.00042462481249999997 0.0
1000.00 1100.00 0.00027754799999999997 0.0
1100.00 1200.00 0.00018546349999999998 0.0
1200.00 1300.00 0.000126467125 0.0
1300.00 1400.00 8.790781875e-05 0.0
1400.00 1500.00 6.19754e-05 0.0
1500.00 1600.00 4.456135e-05 0.0
1600.00 1700.00 3.2102025e-05 0.0
1700.00 1800.00 2.374396875e-05 0.0
1800.00 1900.00 1.7594368749999998e-05 0.0
1900.00 2000.00 1.3309549999999999e-05 0.0
2000.00 2100.00 9.977551249999999e-06 0.0
2100.00 2200.00 7.6284687499999986e-06 0.0
2200.00 2300.00 5.8023425e-06 0.0
2300.00 2400.00 4.51426375e-06 0.0
2400.00 2500.00 3.4331943750000005e-06 0.0
2500.00 2600.00 2.709420625e-06 0.0
2600.00 2700.00 2.1532937499999998e-06 0.0
2700.00 2800.00 1.645253125e-06 0.0
2800.00 2900.00 1.37112e-06 0.0
2900.00 3000.00 1.0683664374999999e-06 0.0
3000.00 3100.00 8.567333125e-07 0.0
3100.00 3200.00 6.794023125e-07 0.0
3200.00 3300.00 5.436893125e-07 0.0
3300.00 3400.00 4.4155825000000005e-07 0.0
3400.00 3500.00 3.561980625e-07 0.0
3500.00 3600.00 2.954169375e-07 0.0
3600.00 3700.00 2.35073125e-07 0.0
3700.00 3800.00 1.9960381249999997e-07 0.0
3800.00 3900.00 1.5871837500000002e-07 0.0
3900.00 4000.00 1.33526875e-07 0.0
4000.00 4100.00 1.0951595625000001e-07 0.0
4100.00 4200.00 9.150274375000002e-08 0.0
4200.00 4300.00 7.469550000000001e-08 0.0
4300.00 4400.00 6.162848750000001e-08 0.0
4400.00 4500.00 5.1881612500000005e-08 0.0
4500.00 4600.00 4.213154375e-08 0.0
4600.00 4700.00 3.651291875e-08 0.0
4700.00 4800.00 3.1658556250000004e-08 0.0
4800.00 4900.00 2.7279775e-08 0.0
4900.00 5000.00 2.2194650000000002e-08 0.0
5000.00 5100.00 1.7073543749999997e-08 0.0
5100.00 5200.00 1.5781225e-08 0.0
5200.00 5300.00 1.5227996250000002e-08 0.0
5300.00 5400.00 1.0585880625e-08 0.0
5400.00 5500.00 8.488218124999998e-09 0.0
5500.00 5600.00 7.2979525e-09 0.0
5600.00 5700.00 6.14048e-09 0.0
5700.00 5800.00 5.732709375000001e-09 0.0
5800.00 5900.00 4.706133125e-09 0.0
5900.00 6000.00 3.825286250000001e-09 0.0
6000.00 6100.00 3.432935e-09 0.0
6100.00 6200.00 2.60560375e-09 0.0
6200.00 6300.00 2.27869125e-09 0.0
6300.00 6400.00 1.9752062500000003e-09 0.0
6400.00 6500.00 1.5704256249999998e-09 0.0
6500.00 6600.00 1.4548062500000001e-09 0.0
6600.00 6700.00 1.191462e-09 0.0
6700.00 6800.00 1.0077405e-09 0.0
6800.00 6900.00 9.022619374999999e-10 0.0
6900.00 7000.00 7.938152499999999e-10 0.0
7000.00 7100.00 7.705808750000001e-10 0.0
7100.00 7200.00 5.7482875e-10 0.0
7200.00 7300.00 6.234338750000001e-10 0.0
7300.00 7400.00 4.396005625e-10 0.0
7400.00 7500.00 3.6631450000000004e-10 0.0
7500.00 7600.00 3.9491125000000007e-10 0.0
7600.00 7700.00 2.85578375e-10 0.0
7700.00 7800.00 2.960910625e-10 0.0
7800.00 7900.00 2.3261543750000006e-10 0.0
7900.00 8000.00 2.0651159374999998e-10 0.0
8000.00 8100.00 1.519499375e-10 0.0
8100.00 8200.00 1.5690265625000004e-10 0.0
8200.00 8300.00 1.5129624375e-10 0.0
8300.00 8400.00 1.306113e-10 0.0
8400.00 8500.00 8.586965e-11 0.0
8500.00 8600.00 7.366569999999998e-11 0.0
8600.00 8700.00 8.191600624999999e-11 0.0
8700.00 8800.00 5.417463124999999e-11 0.0
8800.00 8900.00 5.04565125e-11 0.0
8900.00 9000.00 4.38965125e-11 0.0
9000.00 9100.00 3.9623793749999996e-11 0.0
9100.00 9200.00 5.82184625e-11 0.0
9200.00 9300.00 2.774373125e-11 0.0
9300.00 9400.00 2.338145625e-11 0.0
9400.00 9500.00 2.8621212499999996e-11 0.0
9500.00 9600.00 2.1309499999999998e-11 0.0
9600.00 9700.00 1.4386235000000001e-11 0.0
9700.00 9800.00 1.5716535625e-11 0.0
9800.00 9900.00 1.7731212500000002e-11 0.0
9900.00 10000.0 9.309616875e-12 0.0
10000.0 10100.0 8.812558124999999e-12 0.0
10100.0 10200.0 1.516076625e-11 0.0
10200.0 10300.0 5.9884974999999995e-12 0.0
10300.0 10400.0 6.330288125e-12 0.0
10400.0 10500.0 5.50126e-12 0.0
10500.0 10600.0 4.401774375000001e-12 0.0
10600.0 10700.0 4.688853125e-12 0.0
10700.0 10800.0 3.8065243749999995e-12 0.0
10800.0 10900.0 3.911464375e-12 0.0
10900.0 11000.0 2.9330393750000002e-12 0.0
11000.0 11100.0 2.716811875e-12 0.0
11100.0 11200.0 2.169266875e-12 0.0
11200.0 11300.0 2.1316985000000002e-12 0.0
11300.0 11400.0 1.8705882500000002e-12 0.0
11400.0 11500.0 2.0358178750000005e-12 0.0
11500.0 11600.0 1.327338875e-12 0.0
11600.0 11700.0 2.6336991875000003e-12 0.0
11700.0 11800.0 1.7186741250000001e-12 0.0
11800.0 11900.0 1.2855799375e-12 0.0
11900.0 12000.0 7.442456875e-13 0.0
12000.0 12100.0 5.4145325e-13 0.0
12100.0 12200.0 7.354991875000001e-13 0.0
12200.0 12300.0 4.2348675e-13 0.0
12300.0 12400.0 5.25786125e-13 0.0
12400.0 12500.0 3.024843125e-13 0.0
12500.0 12600.0 3.3842081249999995e-13 0.0
12600.0 12700.0 3.93932e-13 0.0
12700.0 12800.0 2.179580625e-13 0.0
12800.0 12900.0 1.766638625e-13 0.0
12900.0 13000.0 8.337185125000001e-13 0.0
13000.0 13100.0 1.7428772499999998e-13 0.0
13100.0 13200.0 1.2716109374999999e-13 0.0
13200.0 13300.0 1.6794646875e-13 0.0
13300.0 13400.0 1.7789251250000002e-13 0.0
13400.0 13500.0 1.3529198125e-13 0.0
13500.0 13600.0 1.303878375e-13 0.0
13600.0 13700.0 1.00211975e-13 0.0
13700.0 13800.0 9.137939374999999e-14 0.0
13800.0 13900.0 1.973378e-13 0.0
13900.0 14000.0 9.278380625000001e-14 0.0
14000.0 14100.0 3.46538875e-14 0.0
14100.0 14200.0 1.1531430625e-13 0.0
14200.0 14300.0 1.8498458749999998e-13 0.0
14300.0 14400.0 2.7162674999999993e-14 0.0
14400.0 14500.0 4.544893874999999e-14 0.0
14500.0 14600.0 2.4438191874999993e-14 0.0
14600.0 14700.0 3.685545375e-14 0.0
14700.0 14800.0 1.56629075e-14 0.0
14800.0 14900.0 2.8346363749999997e-14 0.0
14900.0 15000.0 1.8358646875000002e-14 0.0
15000.0 15100.0 1.6293928125e-14 0.0
15100.0 15200.0 2.5644139375e-14 0.0
15200.0 15300.0 1.0599880000000001e-14 0.0
15300.0 15400.0 9.295994999999999e-15 0.0
15400.0 15500.0 8.407621875000002e-15 0.0
15500.0 15600.0 4.667878750000001e-15 0.0
15600.0 15700.0 6.41752625e-15 0.0
15700.0 15800.0 5.915635e-15 0.0
15800.0 15900.0 5.5834876875e-15 0.0
15900.0 16000.0 4.665861e-15 0.0
16000.0 16100.0 2.625291625e-15 0.0
16100.0 16200.0 3.2735454999999997e-15 0.0
16200.0 16300.0 2.1470605249999993e-14 0.0
16300.0 16400.0 2.094205625e-15 0.0
16400.0 16500.0 2.5338036875e-15 0.0
16500.0 16600.0 1.4517335625000002e-15 0.0
16600.0 16700.0 1.28171475e-15 0.0
16700.0 16800.0 1.6289683125000002e-15 0.0
16800.0 16900.0 5.0052160000000004e-15 0.0
16900.0 17000.0 8.742254375000001e-16 0.0
17000.0 17100.0 7.556423125000001e-16 0.0
17100.0 17200.0 1.4374318874999998e-15 0.0
17200.0 17300.0 5.431563812499999e-16 0.0
17300.0 17400.0 2.979278125e-16 0.0
17400.0 17500.0 4.6772568125e-16 0.0
17500.0 17600.0 2.3620363625e-16 0.0
17600.0 17700.0 2.4800828e-16 0.0
17700.0 17800.0 1.9015878281249997e-16 0.0
17800.0 17900.0 5.206523668749999e-17 0.0
17900.0 18000.0 1.13470789125e-16 0.0
18000.0 18100.0 7.149565e-17 0.0
18100.0 18200.0 8.830669700000002e-17 0.0
18200.0 18300.0 3.048727525625e-17 0.0
18300.0 18400.0 2.839684387825e-17 0.0
18400.0 18500.0 3.5132965625e-17 0.0
18500.0 18600.0 3.0614672923125e-17 0.0
18600.0 18700.0 2.60906488225e-17 0.0
18700.0 18800.0 1.343698255625e-18 0.0
18800.0 18900.0 6.2430805e-19 0.0
18900.0 19000.0 3.43283208125e-18 0.0
19000.0 19100.0 1.938475e-21 0.0
19100.0 19200.0 7.88908125e-22 0.0
19200.0 19300.0 6.2801875e-22 0.0
19300.0 19400.0 0.0 0.0
19400.0 19500.0 0.0 0.0
19500.0 19600.0 0.0 0.0
19600.0 19700.0 0.0 0.0
19700.0 19800.0 0.0 0.0
19800.0 19900.0 0.0 0.0
19900.0 20000.0 0.0 0.0
20000.0 20100.0 0.0 0.0
