 #          36 : dS/deta(l2)  (fb/GeV)
-5.10000 -5.00000 0.0 0.0
-5.00000 -4.90000 0.0 0.0
-4.90000 -4.80000 0.0 0.0
-4.80000 -4.70000 0.0 0.0
-4.70000 -4.60000 0.0 0.0
-4.60000 -4.50000 0.0 0.0
-4.50000 -4.40000 0.0 0.0
-4.40000 -4.30000 0.0 0.0
-4.30000 -4.20000 0.0 0.0
-4.20000 -4.10000 0.0 0.0
-4.10000 -4.00000 3.496408125e-06 0.0
-4.00000 -3.90000 0.002047268125 0.0
-3.90000 -3.80000 0.00731064625 0.0
-3.80000 -3.70000 0.01475335625 0.0
-3.70000 -3.60000 0.024884456250000003 0.0
-3.60000 -3.50000 0.0378688375 0.0
-3.50000 -3.40000 0.05349275625 0.0
-3.40000 -3.30000 0.0724038125 0.0
-3.30000 -3.20000 0.09473652499999999 0.0
-3.20000 -3.10000 0.1204575 0.0
-3.10000 -3.00000 0.14960231250000003 0.0
-3.00000 -2.90000 0.18164281250000003 0.0
-2.90000 -2.80000 0.21700550000000002 0.0
-2.80000 -2.70000 0.255368875 0.0
-2.70000 -2.60000 0.295903375 0.0
-2.60000 -2.50000 0.33927074999999995 0.0
-2.50000 -2.40000 0.3845404375 0.0
-2.40000 -2.30000 0.4307765 0.0
-2.30000 -2.20000 0.4795300625 0.0
-2.20000 -2.10000 0.527657625 0.0
-2.10000 -2.00000 0.5775593750000001 0.0
-2.00000 -1.90000 0.626004625 0.0
-1.90000 -1.80000 0.6745851875 0.0
-1.80000 -1.70000 0.7236115625 0.0
-1.70000 -1.60000 0.7699740625 0.0
-1.60000 -1.50000 0.8162133125 0.0
-1.50000 -1.40000 0.8604128124999999 0.0
-1.40000 -1.30000 0.9019312500000001 0.0
-1.30000 -1.20000 0.9429698124999998 0.0
-1.20000 -1.10000 0.980662875 0.0
-1.10000 -1.00000 1.015644375 0.0
-1.00000 -0.900000 1.048251875 0.0
-0.900000 -0.800000 1.0794106249999997 0.0
-0.800000 -0.700000 1.106345625 0.0
-0.700000 -0.600000 1.1298225 0.0
-0.600000 -0.500000 1.1516125 0.0
-0.500000 -0.400000 1.16772875 0.0
-0.400000 -0.300000 1.1821225 0.0
-0.300000 -0.200000 1.193098125 0.0
-0.200000 -0.100000 1.2000868749999998 0.0
-0.100000 0.00000 1.2037593750000002 0.0
0.00000 0.100000 1.2038856249999998 0.0
0.100000 0.200000 1.2000825 0.0
0.200000 0.300000 1.1933618750000001 0.0
0.300000 0.400000 1.18207625 0.0
0.400000 0.500000 1.16868 0.0
0.500000 0.600000 1.150958125 0.0
0.600000 0.700000 1.129943125 0.0
0.700000 0.800000 1.1057618749999998 0.0
0.800000 0.900000 1.079238125 0.0
0.900000 1.00000 1.049611875 0.0
1.00000 1.10000 1.0160125 0.0
1.10000 1.20000 0.9811424375000001 0.0
1.20000 1.30000 0.9427544375 0.0
1.30000 1.40000 0.9022739375 0.0
1.40000 1.50000 0.8595824375 0.0
1.50000 1.60000 0.8163223125000002 0.0
1.60000 1.70000 0.7706188750000001 0.0
1.70000 1.80000 0.7236828124999999 0.0
1.80000 1.90000 0.6742088125 0.0
1.90000 2.00000 0.6259329375 0.0
2.00000 2.10000 0.5777755 0.0
2.10000 2.20000 0.5278303125 0.0
2.20000 2.30000 0.4789389375 0.0
2.30000 2.40000 0.4310433125 0.0
2.40000 2.50000 0.38487562499999994 0.0
2.50000 2.60000 0.3395256875 0.0
2.60000 2.70000 0.29632449999999994 0.0
2.70000 2.80000 0.255801625 0.0
2.80000 2.90000 0.2175078125 0.0
2.90000 3.00000 0.181815 0.0
3.00000 3.10000 0.1497376875 0.0
3.10000 3.20000 0.12073762499999999 0.0
3.20000 3.30000 0.09486035625000001 0.0
3.30000 3.40000 0.07241069375 0.0
3.40000 3.50000 0.0534982 0.0
3.50000 3.60000 0.03764943125 0.0
3.60000 3.70000 0.0248224375 0.0
3.70000 3.80000 0.01480648125 0.0
3.80000 3.90000 0.00735739125 0.0
3.90000 4.00000 0.0020746387499999998 0.0
4.00000 4.10000 3.438398e-06 0.0
4.10000 4.20000 0.0 0.0
4.20000 4.30000 0.0 0.0
4.30000 4.40000 0.0 0.0
4.40000 4.50000 0.0 0.0
4.50000 4.60000 0.0 0.0
4.60000 4.70000 0.0 0.0
4.70000 4.80000 0.0 0.0
4.80000 4.90000 0.0 0.0
4.90000 5.00000 0.0 0.0
5.00000 5.10000 0.0 0.0
