 #         248 :  dS/dm(e+mu+) (fb/GeV) (NLO)
-10.0000 0.00000 1.3593788950749623 0.0
0.00000 10.0000 1.3593788950749623 0.0
10.0000 20.0000 1.3593788950749623 0.0
20.0000 30.0000 1.3587980481999624 0.0
30.0000 40.0000 1.3296644794499624 0.0
40.0000 50.0000 1.2874441356999624 0.0
50.0000 60.0000 1.2316147231999623 0.0
60.0000 70.0000 1.1627106356999624 0.0
70.0000 80.0000 1.0850238544499624 0.0
80.0000 90.0000 1.0040081981999625 0.0
90.0000 100.000 0.9225758669499625 0.0
100.000 110.000 0.8439072294499625 0.0
110.000 120.000 0.7697808419499625 0.0
120.000 130.000 0.7010510356999625 0.0
130.000 140.000 0.6380612981999625 0.0
140.000 150.000 0.5807418419499625 0.0
150.000 160.000 0.5287322606999625 0.0
160.000 170.000 0.4816762856999625 0.0
170.000 180.000 0.4391910794499625 0.0
180.000 190.000 0.4008682919499625 0.0
190.000 200.000 0.3662573356999625 0.0
200.000 210.000 0.3350569481999625 0.0
210.000 220.000 0.3068346606999625 0.0
220.000 230.000 0.2813005856999625 0.0
230.000 240.000 0.2582217669499625 0.0
240.000 250.000 0.2372871981999625 0.0
250.000 260.000 0.2183265356999625 0.0
260.000 270.000 0.2011349294499625 0.0
270.000 280.000 0.1855151856999625 0.0
280.000 290.000 0.1712220294499625 0.0
290.000 300.000 0.15819376069996252 0.0
300.000 310.000 0.1463153606999625 0.0
310.000 320.000 0.1354976731999625 0.0
320.000 330.000 0.1255680388249625 0.0
330.000 340.000 0.1164519950749625 0.0
340.000 350.000 0.1081294694499625 0.0
350.000 360.000 0.1004860338249625 0.0
360.000 370.000 0.0934429019499625 0.0
370.000 380.000 0.08697144382496251 0.0
380.000 390.000 0.0810244319499625 0.0
390.000 400.000 0.0755634794499625 0.0
400.000 410.000 0.0705305588249625 0.0
410.000 420.000 0.06586292819996249 0.0
420.000 430.000 0.06155593632496249 0.0
430.000 440.000 0.057562565699962494 0.0
440.000 450.000 0.05385789007496249 0.0
450.000 460.000 0.05039659257496249 0.0
460.000 470.000 0.04723683882496249 0.0
470.000 480.000 0.04425899007496249 0.0
480.000 490.000 0.04151497569996249 0.0
490.000 500.000 0.03898538507496249 0.0
500.000 510.000 0.03661449444996249 0.0
510.000 520.000 0.03440615257496249 0.0
520.000 530.000 0.03236622632496249 0.0
530.000 540.000 0.030444345699962495 0.0
540.000 550.000 0.028625820699962494 0.0
550.000 560.000 0.026958974449962494 0.0
560.000 570.000 0.025388305074962494 0.0
570.000 580.000 0.023904982574962496 0.0
580.000 590.000 0.022539550699962496 0.0
590.000 600.000 0.021250611949962497 0.0
600.000 610.000 0.020057848824962497 0.0
610.000 620.000 0.018933113824962496 0.0
620.000 630.000 0.017907993137462497 0.0
630.000 640.000 0.0169306791999625 0.0
640.000 650.000 0.016014543199962497 0.0
650.000 660.000 0.015134315262462499 0.0
660.000 670.000 0.014321178574962498 0.0
670.000 680.000 0.013538456387462499 0.0
680.000 690.000 0.0128131720124625 0.0
690.000 700.000 0.0121362468874625 0.0
700.000 710.000 0.0114893780749625 0.0
710.000 720.000 0.010898614637462499 0.0
720.000 730.000 0.010325178762462498 0.0
730.000 740.000 0.009782570949962498 0.0
740.000 750.000 0.009284148324962499 0.0
750.000 760.000 0.008811249699962498 0.0
760.000 770.000 0.008366197324962498 0.0
770.000 780.000 0.007939467387462498 0.0
780.000 790.000 0.007539332699962498 0.0
790.000 800.000 0.007167598199962498 0.0
800.000 810.000 0.006810130637462498 0.0
810.000 820.000 0.006475026137462498 0.0
820.000 830.000 0.006153801949962498 0.0
830.000 840.000 0.005854616949962498 0.0
840.000 850.000 0.0055711448874624986 0.0
850.000 860.000 0.005296739949962498 0.0
860.000 870.000 0.005037635137462498 0.0
870.000 880.000 0.0047935618874624985 0.0
880.000 890.000 0.004564054574962498 0.0
890.000 900.000 0.004343993574962499 0.0
900.000 910.000 0.004142197449962499 0.0
910.000 920.000 0.003943147012462499 0.0
920.000 930.000 0.0037616928874624994 0.0
930.000 940.000 0.0035827162624624993 0.0
940.000 950.000 0.0034149305749624995 0.0
950.000 960.000 0.0032625448874624994 0.0
960.000 970.000 0.0031134151999624993 0.0
970.000 980.000 0.0029704845749624993 0.0
980.000 990.000 0.0028338895749624995 0.0
990.000 1000.00 0.0027105537124624997 0.0
1000.00 1010.00 0.0025895977937124997 0.0
1010.00 1020.00 0.0024749959874624996 0.0
1020.00 1030.00 0.0023646600937124998 0.0
1030.00 1040.00 0.0022605405249625 0.0
1040.00 1050.00 0.0021566982999625 0.0
1050.00 1060.00 0.0020577086124625 0.0
1060.00 1070.00 0.0019667793687125003 0.0
1070.00 1080.00 0.0018795075999625003 0.0
1080.00 1090.00 0.0017996240999625004 0.0
1090.00 1100.00 0.0017211412687125004 0.0
1100.00 1110.00 0.0016459665187125005 0.0
1110.00 1120.00 0.0015728178312125005 0.0
1120.00 1130.00 0.0015027452812125005 0.0
1130.00 1140.00 0.0014367732187125005 0.0
1140.00 1150.00 0.0013760309124625006 0.0
1150.00 1160.00 0.0013163231999625007 0.0
1160.00 1170.00 0.0012606683624625007 0.0
1170.00 1180.00 0.0012091742749625006 0.0
1180.00 1190.00 0.0011557484062125005 0.0
1190.00 1200.00 0.0011080436499625004 0.0
1200.00 1210.00 0.0010611779124625005 0.0
1210.00 1220.00 0.0010154716624625004 0.0
1220.00 1230.00 0.0009737191062125003 0.0
1230.00 1240.00 0.0009325237499625003 0.0
1240.00 1250.00 0.0008959687124625003 0.0
1250.00 1260.00 0.0008604892499625002 0.0
1260.00 1270.00 0.0008228629812125002 0.0
1270.00 1280.00 0.0007883921937125002 0.0
1280.00 1290.00 0.0007559786124625002 0.0
1290.00 1300.00 0.0007257351812125002 0.0
1300.00 1310.00 0.0006956289437125002 0.0
1310.00 1320.00 0.0006675595874625002 0.0
1320.00 1330.00 0.0006435761887125001 0.0
1330.00 1340.00 0.0006153408574625001 0.0
1340.00 1350.00 0.0005918853324625001 0.0
1350.00 1360.00 0.0005683467324625001 0.0
1360.00 1370.00 0.0005458353199625001 0.0
1370.00 1380.00 0.0005241150949625001 0.0
1380.00 1390.00 0.0005037059699625001 0.0
1390.00 1400.00 0.00048422820121250007 0.0
1400.00 1410.00 0.0004649197637125001 0.0
1410.00 1420.00 0.0004447899824625001 0.0
1420.00 1430.00 0.0004269410512125001 0.0
1430.00 1440.00 0.0004088620074625001 0.0
1440.00 1450.00 0.0003933061699625001 0.0
1450.00 1460.00 0.0003771477305875001 0.0
1460.00 1470.00 0.0003627424362125001 0.0
1470.00 1480.00 0.00034861744871250006 0.0
1480.00 1490.00 0.0003351244174625001 0.0
1490.00 1500.00 0.00032105603871250007 0.0
1500.00 1510.00 0.00030812287496250005 0.0
1510.00 1520.00 0.00029538986246250003 0.0
1520.00 1530.00 0.0002838177312125 0.0
1530.00 1540.00 0.0002727468755875 0.0
1540.00 1550.00 0.0002622347018375 0.0
1550.00 1560.00 0.00025391206683749996 0.0
1560.00 1570.00 0.00024433549058749997 0.0
1570.00 1580.00 0.000235390275025 0.0
1580.00 1590.00 0.00022630760689999998 0.0
1590.00 1600.00 0.00021766487477499998 0.0
1600.00 1610.00 0.00020982958664999998 0.0
1610.00 1620.00 0.00020142347665 0.0
1620.00 1630.00 0.00019366957415 0.0
1630.00 1640.00 0.000186197776025 0.0
1640.00 1650.00 0.0001786410554 0.0
1650.00 1660.00 0.00017136218915 0.0
1660.00 1670.00 0.000164486959775 0.0
1670.00 1680.00 0.0001580066379 0.0
1680.00 1690.00 0.00015230334165 0.0
1690.00 1700.00 0.000146529249775 0.0
1700.00 1710.00 0.00014051557165 0.0
1710.00 1720.00 0.0001350353604 0.0
1720.00 1730.00 0.00013019291165000001 0.0
1730.00 1740.00 0.000125181332275 0.0
1740.00 1750.00 0.00012041662477500001 0.0
1750.00 1760.00 0.00011761737540000001 0.0
1760.00 1770.00 0.00011255663040000001 0.0
1770.00 1780.00 0.00010846867665000001 0.0
1780.00 1790.00 0.00010436795665 0.0
1790.00 1800.00 9.9705967275e-05 0.0
1800.00 1810.00 9.611715915e-05 0.0
1810.00 1820.00 9.203293039999999e-05 0.0
1820.00 1830.00 8.854646602499999e-05 0.0
1830.00 1840.00 8.557188815e-05 0.0
1840.00 1850.00 8.278384315e-05 0.0
1850.00 1860.00 7.975788627499999e-05 0.0
1860.00 1870.00 7.71770935875e-05 0.0
1870.00 1880.00 7.472332921249999e-05 0.0
1880.00 1890.00 7.25895573375e-05 0.0
1890.00 1900.00 6.97728760875e-05 0.0
1900.00 1910.00 6.73628260875e-05 0.0
1910.00 1920.00 6.480975921249999e-05 0.0
1920.00 1930.00 6.257296108749999e-05 0.0
1930.00 1940.00 6.039356164999999e-05 0.0
1940.00 1950.00 5.831042896249999e-05 0.0
1950.00 1960.00 5.604269396249999e-05 0.0
1960.00 1970.00 5.467256583749999e-05 0.0
1970.00 1980.00 5.2650084499999993e-05 0.0
1980.00 1990.00 5.07285704375e-05 0.0
1990.00 2000.00 4.907362125e-05 0.0
2000.00 2010.00 4.705431875e-05 0.0
