 #         246 :  dS/dmT(e+mu+) (fb/GeV) (NLO)
-10.0000 0.00000 1.359378926097092 0.0
0.00000 10.0000 1.359378926097092 0.0
10.0000 20.0000 1.359378926097092 0.0
20.0000 30.0000 1.3593789260384748 0.0
30.0000 40.0000 1.359372491216631 0.0
40.0000 50.0000 1.359263778091631 0.0
50.0000 60.0000 1.358868935591631 0.0
60.0000 70.0000 1.357921300341631 0.0
70.0000 80.0000 1.356057492216631 0.0
80.0000 90.0000 1.352782409716631 0.0
90.0000 100.000 1.347326489716631 0.0
100.000 110.000 1.3386685853416311 0.0
110.000 120.000 1.3257654228416311 0.0
120.000 130.000 1.3076352915916312 0.0
130.000 140.000 1.2833974228416312 0.0
140.000 150.000 1.2523558103416312 0.0
150.000 160.000 1.2141157915916312 0.0
160.000 170.000 1.1687523978416312 0.0
170.000 180.000 1.1170703853416313 0.0
180.000 190.000 1.0613310165916312 0.0
190.000 200.000 1.0037208853416313 0.0
200.000 210.000 0.9456648915916313 0.0
210.000 220.000 0.8882059103416312 0.0
220.000 230.000 0.8322923165916312 0.0
230.000 240.000 0.7784056915916312 0.0
240.000 250.000 0.7269570853416312 0.0
250.000 260.000 0.6780629040916312 0.0
260.000 270.000 0.6317815915916312 0.0
270.000 280.000 0.5882431853416312 0.0
280.000 290.000 0.5474317853416312 0.0
290.000 300.000 0.5091876290916312 0.0
300.000 310.000 0.4734988853416312 0.0
310.000 320.000 0.4403563665916312 0.0
320.000 330.000 0.4093942540916312 0.0
330.000 340.000 0.3806817665916312 0.0
340.000 350.000 0.35402074784163123 0.0
350.000 360.000 0.3293179728416312 0.0
360.000 370.000 0.30639968534163126 0.0
370.000 380.000 0.28538033534163126 0.0
380.000 390.000 0.2660551353416313 0.0
390.000 400.000 0.24784340409163125 0.0
400.000 410.000 0.23097052909163124 0.0
410.000 420.000 0.21537307284163124 0.0
420.000 430.000 0.20090164784163123 0.0
430.000 440.000 0.1874566478416312 0.0
440.000 450.000 0.17508703534163123 0.0
450.000 460.000 0.1635780665916312 0.0
460.000 470.000 0.1528634603416312 0.0
470.000 480.000 0.1429476822166312 0.0
480.000 490.000 0.1337356953416312 0.0
490.000 500.000 0.12516265721663122 0.0
500.000 510.000 0.11721475534163123 0.0
510.000 520.000 0.10980973784163123 0.0
520.000 530.000 0.10292084221663123 0.0
530.000 540.000 0.09651170659163123 0.0
540.000 550.000 0.09056491284163123 0.0
550.000 560.000 0.08500395034163123 0.0
560.000 570.000 0.07984297846663123 0.0
570.000 580.000 0.07503840409163123 0.0
580.000 590.000 0.07054526471663124 0.0
590.000 600.000 0.06635816409163124 0.0
600.000 610.000 0.06243064096663124 0.0
610.000 620.000 0.058770590966631245 0.0
620.000 630.000 0.05534709346663125 0.0
630.000 640.000 0.05213250409163125 0.0
640.000 650.000 0.049136435966631246 0.0
650.000 660.000 0.046328315341631246 0.0
660.000 670.000 0.043736265966631244 0.0
670.000 680.000 0.04129502534163124 0.0
680.000 690.000 0.03898870096663124 0.0
690.000 700.000 0.036817049716631245 0.0
700.000 710.000 0.034760526591631244 0.0
710.000 720.000 0.032837379091631244 0.0
720.000 730.000 0.031015542216631244 0.0
730.000 740.000 0.029330774716631244 0.0
740.000 750.000 0.027734255341631243 0.0
750.000 760.000 0.026246311591631245 0.0
760.000 770.000 0.024853166591631247 0.0
770.000 780.000 0.023547435341631246 0.0
780.000 790.000 0.022301807216631248 0.0
790.000 800.000 0.02114147221663125 0.0
800.000 810.000 0.02004161159163125 0.0
810.000 820.000 0.01901111390413125 0.0
820.000 830.000 0.018036327279131247 0.0
830.000 840.000 0.017109552466631248 0.0
840.000 850.000 0.016230955654131247 0.0
850.000 860.000 0.015409307029131248 0.0
860.000 870.000 0.014642187841631248 0.0
870.000 880.000 0.013917604466631248 0.0
880.000 890.000 0.013221697841631248 0.0
890.000 900.000 0.012562899154131248 0.0
900.000 910.000 0.011938509154131248 0.0
910.000 920.000 0.011358265779131248 0.0
920.000 930.000 0.010812349279131248 0.0
930.000 940.000 0.010290274466631248 0.0
940.000 950.000 0.009794494529131248 0.0
950.000 960.000 0.009319071779131249 0.0
960.000 970.000 0.008874555341631249 0.0
970.000 980.000 0.00845199615413125 0.0
980.000 990.000 0.008047259341631249 0.0
990.000 1000.00 0.007669629029131249 0.0
1000.00 1010.00 0.007315950091631249 0.0
1010.00 1020.00 0.006977602716631249 0.0
1020.00 1030.00 0.0066604730916312496 0.0
1030.00 1040.00 0.00635436946663125 0.0
1040.00 1050.00 0.00606266134163125 0.0
1050.00 1060.00 0.00578509502913125 0.0
1060.00 1070.00 0.00552625784163125 0.0
1070.00 1080.00 0.00528419790413125 0.0
1080.00 1090.00 0.00503824934163125 0.0
1090.00 1100.00 0.00481298940413125 0.0
1100.00 1110.00 0.004600335529131251 0.0
1110.00 1120.00 0.00439317021663125 0.0
1120.00 1130.00 0.00419191227913125 0.0
1130.00 1140.00 0.00401018621663125 0.0
1140.00 1150.00 0.0038340419666312497 0.0
1150.00 1160.00 0.0036620415291312497 0.0
1160.00 1170.00 0.00350126915413125 0.0
1170.00 1180.00 0.0033502768416312496 0.0
1180.00 1190.00 0.0032108215291312497 0.0
1190.00 1200.00 0.0030715802791312498 0.0
1200.00 1210.00 0.00293551015413125 0.0
1210.00 1220.00 0.00281125065413125 0.0
1220.00 1230.00 0.00269580844788125 0.0
1230.00 1240.00 0.00257948787913125 0.0
1240.00 1250.00 0.00247088858538125 0.0
1250.00 1260.00 0.00236415469163125 0.0
1260.00 1270.00 0.00226553799163125 0.0
1270.00 1280.00 0.00217632247538125 0.0
1280.00 1290.00 0.00208473042538125 0.0
1290.00 1300.00 0.0020001942128812502 0.0
1300.00 1310.00 0.0019177468816312501 0.0
1310.00 1320.00 0.0018526158816312502 0.0
1320.00 1330.00 0.0017777710128812501 0.0
1330.00 1340.00 0.0017051693378812502 0.0
1340.00 1350.00 0.0016344265003812501 0.0
1350.00 1360.00 0.0015669720191312502 0.0
1360.00 1370.00 0.0015042976503812503 0.0
1370.00 1380.00 0.0014446705003812502 0.0
1380.00 1390.00 0.00138667240038125 0.0
1390.00 1400.00 0.00133458045663125 0.0
1400.00 1410.00 0.00128123360038125 0.0
1410.00 1420.00 0.00122856498788125 0.0
1420.00 1430.00 0.00117960104413125 0.0
1430.00 1440.00 0.00113126032538125 0.0
1440.00 1450.00 0.00108581898788125 0.0
1450.00 1460.00 0.00104178733163125 0.0
1460.00 1470.00 0.00100141011288125 0.0
1470.00 1480.00 0.00096154333788125 0.0
1480.00 1490.00 0.0009240927378812501 0.0
1490.00 1500.00 0.0008866476316312501 0.0
1500.00 1510.00 0.0008528510878812501 0.0
1510.00 1520.00 0.0008210348253812501 0.0
1520.00 1530.00 0.0007880330316312501 0.0
1530.00 1540.00 0.0007570698316312501 0.0
1540.00 1550.00 0.0007278569503812501 0.0
1550.00 1560.00 0.00070019916288125 0.0
1560.00 1570.00 0.00067328122538125 0.0
1570.00 1580.00 0.00064732572288125 0.0
1580.00 1590.00 0.00062295359788125 0.0
1590.00 1600.00 0.00059860609163125 0.0
1600.00 1610.00 0.00057755561725625 0.0
1610.00 1620.00 0.00055524551725625 0.0
1620.00 1630.00 0.00053530980475625 0.0
1630.00 1640.00 0.00051468398600625 0.0
1640.00 1650.00 0.00049510814850625 0.0
1650.00 1660.00 0.00047597125475625 0.0
1660.00 1670.00 0.00045866419225625 0.0
1670.00 1680.00 0.00044011968538125 0.0
1680.00 1690.00 0.00042530666375625 0.0
1690.00 1700.00 0.00040993188250625003 0.0
1700.00 1710.00 0.00039495034500625005 0.0
1710.00 1720.00 0.00037980493250625003 0.0
1720.00 1730.00 0.00036532864500625 0.0
1730.00 1740.00 0.00035188644000625 0.0
1740.00 1750.00 0.00033899886500625003 0.0
1750.00 1760.00 0.00032641997938125003 0.0
1760.00 1770.00 0.00031427270438125004 0.0
1770.00 1780.00 0.00030272348813125 0.0
1780.00 1790.00 0.00029173624875625 0.0
1790.00 1800.00 0.00028136971300624997 0.0
1800.00 1810.00 0.00027030703175625 0.0
1810.00 1820.00 0.00026057452550624997 0.0
1820.00 1830.00 0.00025250204675624996 0.0
1830.00 1840.00 0.00024325238675624997 0.0
1840.00 1850.00 0.00023410247613124996 0.0
1850.00 1860.00 0.00022529782800624997 0.0
1860.00 1870.00 0.00021688922675624998 0.0
1870.00 1880.00 0.00020864007363124998 0.0
1880.00 1890.00 0.00020097137738124999 0.0
1890.00 1900.00 0.00019395749613125 0.0
1900.00 1910.00 0.00018652897550624998 0.0
1910.00 1920.00 0.00017974241550624997 0.0
1920.00 1930.00 0.00017333088613124997 0.0
1930.00 1940.00 0.00016722476525624997 0.0
1940.00 1950.00 0.00016171890299999996 0.0
1950.00 1960.00 0.00015612918487499996 0.0
1960.00 1970.00 0.00015040718424999997 0.0
1970.00 1980.00 0.00014641375424999996 0.0
1980.00 1990.00 0.00014216178249999996 0.0
1990.00 2000.00 0.00013687666374999997 0.0
2000.00 2010.00 0.00013223456249999998 0.0
