 #         247 :  dS/dm(e+mu+) (fb/GeV) (NLO)
-100.000 0.00000 1.359378956776812 0.0
0.00000 100.000 1.359378956776812 0.0
100.000 200.000 0.8446600817768122 0.0
200.000 300.000 0.3355437067768123 0.0
300.000 400.000 0.14649201927681227 0.0
400.000 500.000 0.07059000677681226 0.0
500.000 600.000 0.036640194276812255 0.0
600.000 700.000 0.020068163026812254 0.0
700.000 800.000 0.011502704901812249 0.0
800.000 900.000 0.006813504901812249 0.0
900.000 1000.00 0.004141722401812248 0.0
1000.00 1100.00 0.0025907411518122482 0.0
1100.00 1200.00 0.0016457040893122481 0.0
1200.00 1300.00 0.001061520401812248 0.0
1300.00 1400.00 0.000695653089312248 0.0
1400.00 1500.00 0.0004644764643122479 0.0
1500.00 1600.00 0.0003079665268122479 0.0
1600.00 1700.00 0.00020960238306224791 0.0
1700.00 1800.00 0.00014059320806224793 0.0
1800.00 1900.00 9.596084556224793e-05 0.0
1900.00 2000.00 6.728930431224793e-05 0.0
2000.00 2100.00 4.706161056224792e-05 0.0
2100.00 2200.00 3.212177743724792e-05 0.0
2200.00 2300.00 2.2014552437247914e-05 0.0
2300.00 2400.00 1.5200859312247915e-05 0.0
2400.00 2500.00 1.0461268499747916e-05 0.0
2500.00 2600.00 6.861291624747916e-06 0.0
2600.00 2700.00 4.160015374747916e-06 0.0
2700.00 2800.00 2.3090641247479156e-06 0.0
2800.00 2900.00 3.2541518747479155e-06 0.0
2900.00 3000.00 2.4776264372479154e-06 0.0
3000.00 3100.00 1.6900749372479155e-06 0.0
3100.00 3200.00 1.2045543747479154e-06 0.0
3200.00 3300.00 7.990931872479156e-07 0.0
3300.00 3400.00 5.415888184979156e-07 0.0
3400.00 3500.00 3.3077275599791565e-07 0.0
3500.00 3600.00 1.8212085599791564e-07 0.0
3600.00 3700.00 5.5386449747915645e-08 0.0
3700.00 3800.00 2.384981184979157e-07 0.0
3800.00 3900.00 1.8209633724791571e-07 0.0
3900.00 4000.00 1.388059934979157e-07 0.0
4000.00 4100.00 1.114410430604157e-07 0.0
4100.00 4200.00 8.152891181041571e-08 0.0
4200.00 4300.00 6.641591181041571e-08 0.0
4300.00 4400.00 5.2779703685415714e-08 0.0
4400.00 4500.00 4.0330189935415715e-08 0.0
4500.00 4600.00 3.8984530560415716e-08 0.0
4600.00 4700.00 1.9530963622915715e-08 0.0
4700.00 4800.00 1.3004219247915715e-08 0.0
4800.00 4900.00 9.495749872915714e-09 0.0
4900.00 5000.00 7.198027810415714e-09 0.0
5000.00 5100.00 5.080155497915715e-09 0.0
5100.00 5200.00 3.731796872915714e-09 0.0
5200.00 5300.00 3.0277221854157146e-09 0.0
5300.00 5400.00 2.5091640604157144e-09 0.0
5400.00 5500.00 2.4610343729157144e-09 0.0
5500.00 5600.00 1.9397214354157144e-09 0.0
5600.00 5700.00 1.5213722041657144e-09 0.0
5700.00 5800.00 1.1118265166657144e-09 0.0
5800.00 5900.00 8.908891666657144e-10 0.0
5900.00 6000.00 6.850911478532143e-10 0.0
6000.00 6100.00 5.465567041032143e-10 0.0
6100.00 6200.00 3.9918001660321435e-10 0.0
6200.00 6300.00 3.2289413535321437e-10 0.0
6300.00 6400.00 2.5053844347821437e-10 0.0
6400.00 6500.00 1.9837815910321435e-10 0.0
6500.00 6600.00 1.6335300410321434e-10 0.0
6600.00 6700.00 1.3567284910321435e-10 0.0
6700.00 6800.00 1.0948239972821435e-10 0.0
6800.00 6900.00 8.773431222821435e-11 0.0
6900.00 7000.00 7.951037722821435e-11 0.0
7000.00 7100.00 6.018235410321435e-11 0.0
7100.00 7200.00 4.864964410321436e-11 0.0
7200.00 7300.00 4.052097722821436e-11 0.0
7300.00 7400.00 2.5455139228214362e-11 0.0
7400.00 7500.00 1.576599247821436e-11 0.0
7500.00 7600.00 8.362234603214362e-12 0.0
7600.00 7700.00 1.1732834353214363e-11 0.0
7700.00 7800.00 1.0025883928214364e-11 0.0
7800.00 7900.00 4.8429235407143634e-12 0.0
7900.00 8000.00 4.155977853214363e-12 0.0
8000.00 8100.00 2.238907784464363e-12 0.0
8100.00 8200.00 1.2689308719643625e-12 0.0
8200.00 8300.00 1.0561529969643625e-12 0.0
8300.00 8400.00 6.973462232143624e-13 0.0
8400.00 8500.00 6.935391044643624e-13 0.0
8500.00 8600.00 6.169416707143625e-13 0.0
8600.00 8700.00 4.296711613393625e-13 0.0
8700.00 8800.00 5.514526732143625e-13 0.0
8800.00 8900.00 4.4320834946436253e-13 0.0
8900.00 9000.00 3.998612563393625e-13 0.0
9000.00 9100.00 3.375920563393625e-13 0.0
9100.00 9200.00 2.5823068383936253e-13 0.0
9200.00 9300.00 2.35290319018625e-14 0.0
9300.00 9400.00 1.210212576862499e-15 0.0
9400.00 9500.00 1.0131862456124999e-15 0.0
9500.00 9600.00 6.366176537374999e-16 0.0
9600.00 9700.00 1.28993273875e-16 0.0
9700.00 9800.00 8.053863175e-17 0.0
9800.00 9900.00 3.9408187499999996e-17 0.0
9900.00 10000.0 0.0 0.0
10000.0 10100.0 0.0 0.0
10100.0 10200.0 0.0 0.0
10200.0 10300.0 0.0 0.0
10300.0 10400.0 0.0 0.0
10400.0 10500.0 0.0 0.0
10500.0 10600.0 0.0 0.0
10600.0 10700.0 0.0 0.0
10700.0 10800.0 0.0 0.0
10800.0 10900.0 0.0 0.0
10900.0 11000.0 0.0 0.0
11000.0 11100.0 0.0 0.0
11100.0 11200.0 0.0 0.0
11200.0 11300.0 0.0 0.0
11300.0 11400.0 0.0 0.0
11400.0 11500.0 0.0 0.0
11500.0 11600.0 0.0 0.0
11600.0 11700.0 0.0 0.0
11700.0 11800.0 0.0 0.0
11800.0 11900.0 0.0 0.0
11900.0 12000.0 0.0 0.0
12000.0 12100.0 0.0 0.0
12100.0 12200.0 0.0 0.0
12200.0 12300.0 0.0 0.0
12300.0 12400.0 0.0 0.0
12400.0 12500.0 0.0 0.0
12500.0 12600.0 0.0 0.0
12600.0 12700.0 0.0 0.0
12700.0 12800.0 0.0 0.0
12800.0 12900.0 0.0 0.0
12900.0 13000.0 0.0 0.0
13000.0 13100.0 0.0 0.0
13100.0 13200.0 0.0 0.0
13200.0 13300.0 0.0 0.0
13300.0 13400.0 0.0 0.0
13400.0 13500.0 0.0 0.0
13500.0 13600.0 0.0 0.0
13600.0 13700.0 0.0 0.0
13700.0 13800.0 0.0 0.0
13800.0 13900.0 0.0 0.0
13900.0 14000.0 0.0 0.0
14000.0 14100.0 0.0 0.0
14100.0 14200.0 0.0 0.0
14200.0 14300.0 0.0 0.0
14300.0 14400.0 0.0 0.0
14400.0 14500.0 0.0 0.0
14500.0 14600.0 0.0 0.0
14600.0 14700.0 0.0 0.0
14700.0 14800.0 0.0 0.0
14800.0 14900.0 0.0 0.0
14900.0 15000.0 0.0 0.0
15000.0 15100.0 0.0 0.0
15100.0 15200.0 0.0 0.0
15200.0 15300.0 0.0 0.0
15300.0 15400.0 0.0 0.0
15400.0 15500.0 0.0 0.0
15500.0 15600.0 0.0 0.0
15600.0 15700.0 0.0 0.0
15700.0 15800.0 0.0 0.0
15800.0 15900.0 0.0 0.0
15900.0 16000.0 0.0 0.0
16000.0 16100.0 0.0 0.0
16100.0 16200.0 0.0 0.0
16200.0 16300.0 0.0 0.0
16300.0 16400.0 0.0 0.0
16400.0 16500.0 0.0 0.0
16500.0 16600.0 0.0 0.0
16600.0 16700.0 0.0 0.0
16700.0 16800.0 0.0 0.0
16800.0 16900.0 0.0 0.0
16900.0 17000.0 0.0 0.0
17000.0 17100.0 0.0 0.0
17100.0 17200.0 0.0 0.0
17200.0 17300.0 0.0 0.0
17300.0 17400.0 0.0 0.0
17400.0 17500.0 0.0 0.0
17500.0 17600.0 0.0 0.0
17600.0 17700.0 0.0 0.0
17700.0 17800.0 0.0 0.0
17800.0 17900.0 0.0 0.0
17900.0 18000.0 0.0 0.0
18000.0 18100.0 0.0 0.0
18100.0 18200.0 0.0 0.0
18200.0 18300.0 0.0 0.0
18300.0 18400.0 0.0 0.0
18400.0 18500.0 0.0 0.0
18500.0 18600.0 0.0 0.0
18600.0 18700.0 0.0 0.0
18700.0 18800.0 0.0 0.0
18800.0 18900.0 0.0 0.0
18900.0 19000.0 0.0 0.0
19000.0 19100.0 0.0 0.0
19100.0 19200.0 0.0 0.0
19200.0 19300.0 0.0 0.0
19300.0 19400.0 0.0 0.0
19400.0 19500.0 0.0 0.0
19500.0 19600.0 0.0 0.0
19600.0 19700.0 0.0 0.0
19700.0 19800.0 0.0 0.0
19800.0 19900.0 0.0 0.0
19900.0 20000.0 0.0 0.0
20000.0 20100.0 0.0 0.0
