# title = Neutrino mu Transverse Momentum
# xlabel = $p_{\text{T},\nu_{\mu}}\,$[GeV]
# ylabel = $\frac{\text{d}\sigma}{\text{d}p_{\text{T},\nu_{\mu}}}\,\left[\frac{\text{fb}}{\text{GeV}}\right]$
# xmin=  0.000E+00
# xmax=  5.000E+02
# ymin=  1.000E-06
# ymax=  1.000E-01
# kmin= -5.000E+01
# kmax=  1.000E+01
# logscale = true
# Renormalization and factorization scale scaled by: 1.0000000000
# Renormalization scaled by: 1.0000000000
# Number of generated events: 6467394395
#	#	#	#	#	#	#
#=====================================================================================	#=====================================================================================	#=====================================================================================	#=====================================================================================	#=====================================================================================	#=====================================================================================	#=====================================================================================
# No.       Left      Right                   Value                   Error Hits
#-------------------------------------------------------------------------------------	#-------------------------------------------------------------------------------------	#-------------------------------------------------------------------------------------	#-------------------------------------------------------------------------------------	#-------------------------------------------------------------------------------------	#-------------------------------------------------------------------------------------	#-------------------------------------------------------------------------------------
   1       0.00       5.00  1.488816862804743E-03  1.801565353540803E-06 30365591	   1       0.00       5.00  1.488816862804743E-03  1.801565353540803E-06 30365591	   1       0.00       5.00  1.373365585670996E-03  1.637761352633272E-06 30365591	   1       0.00       5.00  1.373365585670996E-03  1.637761352633272E-06 30365591	   1       0.00       5.00  1.623226352855056E-03  2.000430912654964E-06 30365591	   1       0.00       5.00  1.623226352855056E-03  2.000430912654964E-06 30365591	   1       0.00       5.00  1.488816862804743E-03  1.801565353540803E-06 30365591
   2       5.00      10.00  5.021412033772188E-03  3.444866953901188E-06 86832799	   2       5.00      10.00  5.021412033772188E-03  3.444866953901188E-06 86832799	   2       5.00      10.00  4.639337725117688E-03  3.134136609144993E-06 86832799	   2       5.00      10.00  4.639337725117688E-03  3.134136609144993E-06 86832799	   2       5.00      10.00  5.464843004361413E-03  3.821662164838667E-06 86832799	   2       5.00      10.00  5.464843004361413E-03  3.821662164838667E-06 86832799	   2       5.00      10.00  5.021412033772188E-03  3.444866953901188E-06 86832799
   3      10.00      15.00  8.685563936044138E-03  4.705559740003940E-06 132786308	   3      10.00      15.00  8.685563936044138E-03  4.705559740003940E-06 132786308	   3      10.00      15.00  8.047892900472945E-03  4.286293011181083E-06 132786308	   3      10.00      15.00  8.047892900472945E-03  4.286293011181083E-06 132786308	   3      10.00      15.00  9.421665665591645E-03  5.213577190836504E-06 132786308	   3      10.00      15.00  9.421665665591645E-03  5.213577190836504E-06 132786308	   3      10.00      15.00  8.685563936044138E-03  4.705559740003940E-06 132786308
   4      15.00      20.00  1.168714091296671E-02  5.495295209044436E-06 169470705	   4      15.00      20.00  1.168714091296671E-02  5.495295209044436E-06 169470705	   4      15.00      20.00  1.085322342487834E-02  5.009727493863904E-06 169470705	   4      15.00      20.00  1.085322342487834E-02  5.009727493863904E-06 169470705	   4      15.00      20.00  1.264575108588899E-02  6.083951859961287E-06 169470705	   4      15.00      20.00  1.264575108588899E-02  6.083951859961287E-06 169470705	   4      15.00      20.00  1.168714091296671E-02  5.495295209044436E-06 169470705
   5      20.00      25.00  1.377237225180333E-02  5.903249370279057E-06 198951714	   5      20.00      25.00  1.377237225180333E-02  5.903249370279057E-06 198951714	   5      20.00      25.00  1.280974117330490E-02  5.389952978628842E-06 198951714	   5      20.00      25.00  1.280974117330490E-02  5.389952978628842E-06 198951714	   5      20.00      25.00  1.487553241205894E-02  6.523620582537503E-06 198951714	   5      20.00      25.00  1.487553241205894E-02  6.523620582537503E-06 198951714	   5      20.00      25.00  1.377237225180333E-02  5.903249370279057E-06 198951714
   6      25.00      30.00  1.503374455441852E-02  6.190367275083102E-06 221301370	   6      25.00      30.00  1.503374455441852E-02  6.190367275083102E-06 221301370	   6      25.00      30.00  1.399544653591149E-02  5.652610132124033E-06 221301370	   6      25.00      30.00  1.399544653591149E-02  5.652610132124033E-06 221301370	   6      25.00      30.00  1.622153688874990E-02  6.840320215688730E-06 221301370	   6      25.00      30.00  1.622153688874990E-02  6.840320215688730E-06 221301370	   6      25.00      30.00  1.503374455441852E-02  6.190367275083102E-06 221301370
   7      30.00      35.00  1.556820705438606E-02  6.321622171943304E-06 235508932	   7      30.00      35.00  1.556820705438606E-02  6.321622171943304E-06 235508932	   7      30.00      35.00  1.450033048414696E-02  5.772046602789323E-06 235508932	   7      30.00      35.00  1.450033048414696E-02  5.772046602789323E-06 235508932	   7      30.00      35.00  1.678858839288920E-02  6.986263087048711E-06 235508932	   7      30.00      35.00  1.678858839288920E-02  6.986263087048711E-06 235508932	   7      30.00      35.00  1.556820705438606E-02  6.321622171943304E-06 235508932
   8      35.00      40.00  1.555625952524205E-02  6.376263853905528E-06 238329363	   8      35.00      40.00  1.555625952524205E-02  6.376263853905528E-06 238329363	   8      35.00      40.00  1.449099372872785E-02  5.823636020400451E-06 238329363	   8      35.00      40.00  1.449099372872785E-02  5.823636020400451E-06 238329363	   8      35.00      40.00  1.677344248476837E-02  7.044300044416901E-06 238329363	   8      35.00      40.00  1.677344248476837E-02  7.044300044416901E-06 238329363	   8      35.00      40.00  1.555625952524205E-02  6.376263853905528E-06 238329363
   9      40.00      45.00  1.513690423321802E-02  6.376698163979394E-06 221235800	   9      40.00      45.00  1.513690423321802E-02  6.376698163979394E-06 221235800	   9      40.00      45.00  1.409937378418247E-02  5.826559689285764E-06 221235800	   9      40.00      45.00  1.409937378418247E-02  5.826559689285764E-06 221235800	   9      40.00      45.00  1.632264509357828E-02  7.041262786279809E-06 221235800	   9      40.00      45.00  1.632264509357828E-02  7.041262786279809E-06 221235800	   9      40.00      45.00  1.513690423321802E-02  6.376698163979394E-06 221235800
  10      45.00      50.00  1.443737885298904E-02  6.371270154768650E-06 198391902	  10      45.00      50.00  1.443737885298904E-02  6.371270154768650E-06 198391902	  10      45.00      50.00  1.344450255393265E-02  5.819399617511427E-06 198391902	  10      45.00      50.00  1.344450255393265E-02  5.819399617511427E-06 198391902	  10      45.00      50.00  1.557277656954405E-02  7.038416340912003E-06 198391902	  10      45.00      50.00  1.557277656954405E-02  7.038416340912003E-06 198391902	  10      45.00      50.00  1.443737885298904E-02  6.371270154768650E-06 198391902
  11      50.00      55.00  1.359875535258836E-02  6.275243854802655E-06 178965698	  11      50.00      55.00  1.359875535258836E-02  6.275243854802655E-06 178965698	  11      50.00      55.00  1.265920697791548E-02  5.733589886286727E-06 178965698	  11      50.00      55.00  1.265920697791548E-02  5.733589886286727E-06 178965698	  11      50.00      55.00  1.467397894237748E-02  6.929941759270187E-06 178965698	  11      50.00      55.00  1.467397894237748E-02  6.929941759270187E-06 178965698	  11      50.00      55.00  1.359875535258836E-02  6.275243854802655E-06 178965698
  12      55.00      60.00  1.263404529999124E-02  6.143711527080454E-06 161889174	  12      55.00      60.00  1.263404529999124E-02  6.143711527080454E-06 161889174	  12      55.00      60.00  1.175676374455174E-02  5.614740947420366E-06 161889174	  12      55.00      60.00  1.175676374455174E-02  5.614740947420366E-06 161889174	  12      55.00      60.00  1.363885470866700E-02  6.782689399162815E-06 161889174	  12      55.00      60.00  1.363885470866700E-02  6.782689399162815E-06 161889174	  12      55.00      60.00  1.263404529999124E-02  6.143711527080454E-06 161889174
  13      60.00      65.00  1.161466193014550E-02  6.021246918248598E-06 146653979	  13      60.00      65.00  1.161466193014550E-02  6.021246918248598E-06 146653979	  13      60.00      65.00  1.080295819898327E-02  5.499887631619499E-06 146653979	  13      60.00      65.00  1.080295819898327E-02  5.499887631619499E-06 146653979	  13      60.00      65.00  1.254532792532439E-02  6.651758278044676E-06 146653979	  13      60.00      65.00  1.254532792532439E-02  6.651758278044676E-06 146653979	  13      60.00      65.00  1.161466193014550E-02  6.021246918248598E-06 146653979
  14      65.00      70.00  1.059912708113627E-02  5.818942215422729E-06 132929701	  14      65.00      70.00  1.059912708113627E-02  5.818942215422729E-06 132929701	  14      65.00      70.00  9.853046886089956E-03  5.318519939969281E-06 132929701	  14      65.00      70.00  9.853046886089956E-03  5.318519939969281E-06 132929701	  14      65.00      70.00  1.145555298584505E-02  6.423242961104813E-06 132929701	  14      65.00      70.00  1.145555298584505E-02  6.423242961104813E-06 132929701	  14      65.00      70.00  1.059912708113627E-02  5.818942215422729E-06 132929701
  15      70.00      75.00  9.570441057760356E-03  5.643274730960026E-06 120430306	  15      70.00      75.00  9.570441057760356E-03  5.643274730960026E-06 120430306	  15      70.00      75.00  8.891509801703818E-03  5.157177997291435E-06 120430306	  15      70.00      75.00  8.891509801703818E-03  5.157177997291435E-06 120430306	  15      70.00      75.00  1.035075673928909E-02  6.230340028338970E-06 120430306	  15      70.00      75.00  1.035075673928909E-02  6.230340028338970E-06 120430306	  15      70.00      75.00  9.570441057760356E-03  5.643274730960026E-06 120430306
  16      75.00      80.00  8.551046936453258E-03  5.413708114039693E-06 108889175	  16      75.00      80.00  8.551046936453258E-03  5.413708114039693E-06 108889175	  16      75.00      80.00  7.938695164011533E-03  4.945667442930710E-06 108889175	  16      75.00      80.00  7.938695164011533E-03  4.945667442930710E-06 108889175	  16      75.00      80.00  9.255907344333632E-03  5.979408884084113E-06 108889175	  16      75.00      80.00  9.255907344333632E-03  5.979408884084113E-06 108889175	  16      75.00      80.00  8.551046936453258E-03  5.413708114039693E-06 108889175
  17      80.00      85.00  7.544834839298017E-03  5.116893091922041E-06 98212879	  17      80.00      85.00  7.544834839298017E-03  5.116893091922041E-06 98212879	  17      80.00      85.00  6.998676686659894E-03  4.673935197377920E-06 98212879	  17      80.00      85.00  6.998676686659894E-03  4.673935197377920E-06 98212879	  17      80.00      85.00  8.174540205093225E-03  5.652178396274372E-06 98212879	  17      80.00      85.00  8.174540205093225E-03  5.652178396274372E-06 98212879	  17      80.00      85.00  7.544834839298017E-03  5.116893091922041E-06 98212879
  18      85.00      90.00  6.713570601974728E-03  4.861099104767411E-06 89345227	  18      85.00      90.00  6.713570601974728E-03  4.861099104767411E-06 89345227	  18      85.00      90.00  6.223113230501466E-03  4.441223509406865E-06 89345227	  18      85.00      90.00  6.223113230501466E-03  4.441223509406865E-06 89345227	  18      85.00      90.00  7.279847784901735E-03  5.368331245668324E-06 89345227	  18      85.00      90.00  7.279847784901735E-03  5.368331245668324E-06 89345227	  18      85.00      90.00  6.713570601974728E-03  4.861099104767411E-06 89345227
  19      90.00      95.00  6.040765556302343E-03  4.706433319037932E-06 81991507	  19      90.00      95.00  6.040765556302343E-03  4.706433319037932E-06 81991507	  19      90.00      95.00  5.595193847237434E-03  4.296994078431928E-06 81991507	  19      90.00      95.00  5.595193847237434E-03  4.296994078431928E-06 81991507	  19      90.00      95.00  6.556014221831160E-03  5.201368697579490E-06 81991507	  19      90.00      95.00  6.556014221831160E-03  5.201368697579490E-06 81991507	  19      90.00      95.00  6.040765556302343E-03  4.706433319037932E-06 81991507
  20      95.00     100.00  5.474765847698588E-03  4.509819204366579E-06 75695577	  20      95.00     100.00  5.474765847698588E-03  4.509819204366579E-06 75695577	  20      95.00     100.00  5.067675954665685E-03  4.117112728005841E-06 75695577	  20      95.00     100.00  5.067675954665685E-03  4.117112728005841E-06 75695577	  20      95.00     100.00  5.946096000271802E-03  4.984479909338350E-06 75695577	  20      95.00     100.00  5.946096000271802E-03  4.984479909338350E-06 75695577	  20      95.00     100.00  5.474765847698588E-03  4.509819204366579E-06 75695577
  21     100.00     105.00  4.991317025633676E-03  4.323881701544166E-06 70180152	  21     100.00     105.00  4.991317025633676E-03  4.323881701544166E-06 70180152	  21     100.00     105.00  4.617415328775034E-03  3.948691685559211E-06 70180152	  21     100.00     105.00  4.617415328775034E-03  3.948691685559211E-06 70180152	  21     100.00     105.00  5.424710432014306E-03  4.777186629149978E-06 70180152	  21     100.00     105.00  5.424710432014306E-03  4.777186629149978E-06 70180152	  21     100.00     105.00  4.991317025633676E-03  4.323881701544166E-06 70180152
  22     105.00     110.00  4.566022545418035E-03  4.216668653951743E-06 65272390	  22     105.00     110.00  4.566022545418035E-03  4.216668653951743E-06 65272390	  22     105.00     110.00  4.221248751248752E-03  3.845816579819712E-06 65272390	  22     105.00     110.00  4.221248751248752E-03  3.845816579819712E-06 65272390	  22     105.00     110.00  4.966130014362089E-03  4.665780318182163E-06 65272390	  22     105.00     110.00  4.966130014362089E-03  4.665780318182163E-06 65272390	  22     105.00     110.00  4.566022545418035E-03  4.216668653951743E-06 65272390
  23     110.00     115.00  4.192616510919537E-03  4.045411374261831E-06 60892989	  23     110.00     115.00  4.192616510919537E-03  4.045411374261831E-06 60892989	  23     110.00     115.00  3.873516398375798E-03  3.690899902037568E-06 60892989	  23     110.00     115.00  3.873516398375798E-03  3.690899902037568E-06 60892989	  23     110.00     115.00  4.563392622622198E-03  4.474292498564693E-06 60892989	  23     110.00     115.00  4.563392622622198E-03  4.474292498564693E-06 60892989	  23     110.00     115.00  4.192616510919537E-03  4.045411374261831E-06 60892989
  24     115.00     120.00  3.859778285969182E-03  3.912408075167659E-06 56951623	  24     115.00     120.00  3.859778285969182E-03  3.912408075167659E-06 56951623	  24     115.00     120.00  3.563768045052146E-03  3.568992909079682E-06 56951623	  24     115.00     120.00  3.563768045052146E-03  3.568992909079682E-06 56951623	  24     115.00     120.00  4.204134010921399E-03  4.327814221341002E-06 56951623	  24     115.00     120.00  4.204134010921399E-03  4.327814221341002E-06 56951623	  24     115.00     120.00  3.859778285969182E-03  3.912408075167659E-06 56951623
  25     120.00     125.00  3.558521488195676E-03  3.760669394199946E-06 53363328	  25     120.00     125.00  3.558521488195676E-03  3.760669394199946E-06 53363328	  25     120.00     125.00  3.283919400120064E-03  3.431378997892005E-06 53363328	  25     120.00     125.00  3.283919400120064E-03  3.431378997892005E-06 53363328	  25     120.00     125.00  3.878278052724236E-03  4.158768975946985E-06 53363328	  25     120.00     125.00  3.878278052724236E-03  4.158768975946985E-06 53363328	  25     120.00     125.00  3.558521488195676E-03  3.760669394199946E-06 53363328
  26     125.00     130.00  3.283406990875243E-03  3.619061251064488E-06 50106074	  26     125.00     130.00  3.283406990875243E-03  3.619061251064488E-06 50106074	  26     125.00     130.00  3.028319243344153E-03  3.300272275110495E-06 50106074	  26     125.00     130.00  3.028319243344153E-03  3.300272275110495E-06 50106074	  26     125.00     130.00  3.580727705934685E-03  4.004659862218786E-06 50106074	  26     125.00     130.00  3.580727705934685E-03  4.004659862218786E-06 50106074	  26     125.00     130.00  3.283406990875243E-03  3.619061251064488E-06 50106074
  27     130.00     135.00  3.045151050251851E-03  3.509051885397496E-06 47130258	  27     130.00     135.00  3.045151050251851E-03  3.509051885397496E-06 47130258	  27     130.00     135.00  2.806990031172162E-03  3.196419756152009E-06 47130258	  27     130.00     135.00  2.806990031172162E-03  3.196419756152009E-06 47130258	  27     130.00     135.00  3.323021243106705E-03  3.888548784253493E-06 47130258	  27     130.00     135.00  3.323021243106705E-03  3.888548784253493E-06 47130258	  27     130.00     135.00  3.045151050251851E-03  3.509051885397496E-06 47130258
  28     135.00     140.00  2.828556659221298E-03  3.389105891417965E-06 44426865	  28     135.00     140.00  2.828556659221298E-03  3.389105891417965E-06 44426865	  28     135.00     140.00  2.605858811537577E-03  3.089259233722503E-06 44426865	  28     135.00     140.00  2.605858811537577E-03  3.089259233722503E-06 44426865	  28     135.00     140.00  3.088649508029691E-03  3.751956781828025E-06 44426865	  28     135.00     140.00  3.088649508029691E-03  3.751956781828025E-06 44426865	  28     135.00     140.00  2.828556659221298E-03  3.389105891417965E-06 44426865
  29     140.00     145.00  2.625505307607414E-03  3.288717980762785E-06 41915433	  29     140.00     145.00  2.625505307607414E-03  3.288717980762785E-06 41915433	  29     140.00     145.00  2.417579635050887E-03  2.994875635023330E-06 41915433	  29     140.00     145.00  2.417579635050887E-03  2.994875635023330E-06 41915433	  29     140.00     145.00  2.868568009773200E-03  3.644923437089047E-06 41915433	  29     140.00     145.00  2.868568009773200E-03  3.644923437089047E-06 41915433	  29     140.00     145.00  2.625505307607414E-03  3.288717980762785E-06 41915433
  30     145.00     150.00  2.449456256691915E-03  3.198577894083046E-06 39605779	  30     145.00     150.00  2.449456256691915E-03  3.198577894083046E-06 39605779	  30     145.00     150.00  2.254162538241487E-03  2.911239467776794E-06 39605779	  30     145.00     150.00  2.254162538241487E-03  2.911239467776794E-06 39605779	  30     145.00     150.00  2.677993930547103E-03  3.547222571281967E-06 39605779	  30     145.00     150.00  2.677993930547103E-03  3.547222571281967E-06 39605779	  30     145.00     150.00  2.449456256691915E-03  3.198577894083046E-06 39605779
  31     150.00     155.00  2.279304651452861E-03  3.160615114235366E-06 37486984	  31     150.00     155.00  2.279304651452861E-03  3.160615114235366E-06 37486984	  31     150.00     155.00  2.096503107270839E-03  2.863025606388588E-06 37486984	  31     150.00     155.00  2.096503107270839E-03  2.863025606388588E-06 37486984	  31     150.00     155.00  2.493412991345069E-03  3.526513531807258E-06 37486984	  31     150.00     155.00  2.493412991345069E-03  3.526513531807258E-06 37486984	  31     150.00     155.00  2.279304651452861E-03  3.160615114235366E-06 37486984
  32     155.00     160.00  2.130749912000980E-03  2.993157052300566E-06 35510800	  32     155.00     160.00  2.130749912000980E-03  2.993157052300566E-06 35510800	  32     155.00     160.00  1.959028543990254E-03  2.723864519764868E-06 35510800	  32     155.00     160.00  1.959028543990254E-03  2.723864519764868E-06 35510800	  32     155.00     160.00  2.332003996403297E-03  3.319747485515421E-06 35510800	  32     155.00     160.00  2.332003996403297E-03  3.319747485515421E-06 35510800	  32     155.00     160.00  2.130749912000980E-03  2.993157052300566E-06 35510800
  33     160.00     165.00  1.992225102661839E-03  2.942471135322345E-06 33682885	  33     160.00     165.00  1.992225102661839E-03  2.942471135322345E-06 33682885	  33     160.00     165.00  1.830661787000431E-03  2.676764893572648E-06 33682885	  33     160.00     165.00  1.830661787000431E-03  2.676764893572648E-06 33682885	  33     160.00     165.00  2.181756001722129E-03  3.264558128413639E-06 33682885	  33     160.00     165.00  2.181756001722129E-03  3.264558128413639E-06 33682885	  33     160.00     165.00  1.992225102661839E-03  2.942471135322345E-06 33682885
  34     165.00     170.00  1.868780007346092E-03  2.813791377896861E-06 31981193	  34     165.00     170.00  1.868780007346092E-03  2.813791377896861E-06 31981193	  34     165.00     170.00  1.716445384686274E-03  2.561268948487320E-06 31981193	  34     165.00     170.00  1.716445384686274E-03  2.561268948487320E-06 31981193	  34     165.00     170.00  2.047621115526746E-03  3.119666726002183E-06 31981193	  34     165.00     170.00  2.047621115526746E-03  3.119666726002183E-06 31981193	  34     165.00     170.00  1.868780007346092E-03  2.813791377896861E-06 31981193
  35     170.00     175.00  1.749213489502293E-03  2.715268941631904E-06 30396490	  35     170.00     175.00  1.749213489502293E-03  2.715268941631904E-06 30396490	  35     170.00     175.00  1.605720110160382E-03  2.470484764136924E-06 30396490	  35     170.00     175.00  1.605720110160382E-03  2.470484764136924E-06 30396490	  35     170.00     175.00  1.917828565766936E-03  3.011975531919749E-06 30396490	  35     170.00     175.00  1.917828565766936E-03  3.011975531919749E-06 30396490	  35     170.00     175.00  1.749213489502293E-03  2.715268941631904E-06 30396490
  36     175.00     180.00  1.639727056111675E-03  2.627026524453013E-06 28925335	  36     175.00     180.00  1.639727056111675E-03  2.627026524453013E-06 28925335	  36     175.00     180.00  1.504558630168090E-03  2.388884219809148E-06 28925335	  36     175.00     180.00  1.504558630168090E-03  2.388884219809148E-06 28925335	  36     175.00     180.00  1.798670964033830E-03  2.915832567715232E-06 28925335	  36     175.00     180.00  1.798670964033830E-03  2.915832567715232E-06 28925335	  36     175.00     180.00  1.639727056111675E-03  2.627026524453013E-06 28925335
  37     180.00     185.00  1.536273439905478E-03  2.520023619592168E-06 27554155	  37     180.00     185.00  1.536273439905478E-03  2.520023619592168E-06 27554155	  37     180.00     185.00  1.409099795507805E-03  2.291532191537943E-06 27554155	  37     180.00     185.00  1.409099795507805E-03  2.291532191537943E-06 27554155	  37     180.00     185.00  1.685908074413049E-03  2.797204828351485E-06 27554155	  37     180.00     185.00  1.685908074413049E-03  2.797204828351485E-06 27554155	  37     180.00     185.00  1.536273439905478E-03  2.520023619592168E-06 27554155
  38     185.00     190.00  1.443599845002662E-03  2.445051921074847E-06 26255313	  38     185.00     190.00  1.443599845002662E-03  2.445051921074847E-06 26255313	  38     185.00     190.00  1.323227785580805E-03  2.222229854226358E-06 26255313	  38     185.00     190.00  1.323227785580805E-03  2.222229854226358E-06 26255313	  38     185.00     190.00  1.585387803945958E-03  2.715600456173304E-06 26255313	  38     185.00     190.00  1.585387803945958E-03  2.715600456173304E-06 26255313	  38     185.00     190.00  1.443599845002662E-03  2.445051921074847E-06 26255313
  39     190.00     195.00  1.361501566768395E-03  2.419347955557064E-06 25055076	  39     190.00     195.00  1.361501566768395E-03  2.419347955557064E-06 25055076	  39     190.00     195.00  1.247495275058685E-03  2.196058062339228E-06 25055076	  39     190.00     195.00  1.247495275058685E-03  2.196058062339228E-06 25055076	  39     190.00     195.00  1.495880461189840E-03  2.691308503100389E-06 25055076	  39     190.00     195.00  1.495880461189840E-03  2.691308503100389E-06 25055076	  39     190.00     195.00  1.361501566768395E-03  2.419347955557064E-06 25055076
  40     195.00     200.00  1.279887963669896E-03  2.330710022302562E-06 23917596	  40     195.00     200.00  1.279887963669896E-03  2.330710022302562E-06 23917596	  40     195.00     200.00  1.172105594225376E-03  2.116387866022755E-06 23917596	  40     195.00     200.00  1.172105594225376E-03  2.116387866022755E-06 23917596	  40     195.00     200.00  1.407025441310093E-03  2.591035783942788E-06 23917596	  40     195.00     200.00  1.407025441310093E-03  2.591035783942788E-06 23917596	  40     195.00     200.00  1.279887963669896E-03  2.330710022302562E-06 23917596
  41     200.00     205.00  1.207633612726282E-03  2.339708890988792E-06 22846291	  41     200.00     205.00  1.207633612726282E-03  2.339708890988792E-06 22846291	  41     200.00     205.00  1.105618062749231E-03  2.123359736232737E-06 22846291	  41     200.00     205.00  1.105618062749231E-03  2.123359736232737E-06 22846291	  41     200.00     205.00  1.328026266855209E-03  2.602372241350389E-06 22846291	  41     200.00     205.00  1.328026266855209E-03  2.602372241350389E-06 22846291	  41     200.00     205.00  1.207633612726282E-03  2.339708890988792E-06 22846291
  42     205.00     210.00  1.136241003878223E-03  2.190332121287690E-06 21869392	  42     205.00     210.00  1.136241003878223E-03  2.190332121287690E-06 21869392	  42     205.00     210.00  1.039683975592902E-03  1.988373855810691E-06 21869392	  42     205.00     210.00  1.039683975592902E-03  1.988373855810691E-06 21869392	  42     205.00     210.00  1.250286079303551E-03  2.435816721356235E-06 21869392	  42     205.00     210.00  1.250286079303551E-03  2.435816721356235E-06 21869392	  42     205.00     210.00  1.136241003878223E-03  2.190332121287690E-06 21869392
  43     210.00     215.00  1.069407673227732E-03  2.096237228621335E-06 20924621	  43     210.00     215.00  1.069407673227732E-03  2.096237228621335E-06 20924621	  43     210.00     215.00  9.781284280554741E-04  1.903728211027659E-06 20924621	  43     210.00     215.00  9.781284280554741E-04  1.903728211027659E-06 20924621	  43     210.00     215.00  1.177285796614026E-03  2.329924192715741E-06 20924621	  43     210.00     215.00  1.177285796614026E-03  2.329924192715741E-06 20924621	  43     210.00     215.00  1.069407673227732E-03  2.096237228621335E-06 20924621
  44     215.00     220.00  1.015791740941271E-03  2.061098421775621E-06 20032487	  44     215.00     220.00  1.015791740941271E-03  2.061098421775621E-06 20032487	  44     215.00     220.00  9.285861579572205E-04  1.870638687451907E-06 20032487	  44     215.00     220.00  9.285861579572205E-04  1.870638687451907E-06 20032487	  44     215.00     220.00  1.118947969968633E-03  2.292549732164566E-06 20032487	  44     215.00     220.00  1.118947969968633E-03  2.292549732164566E-06 20032487	  44     215.00     220.00  1.015791740941271E-03  2.061098421775621E-06 20032487
  45     220.00     225.00  9.541167178423436E-04  1.999464881986242E-06 19202396	  45     220.00     225.00  9.541167178423436E-04  1.999464881986242E-06 19202396	  45     220.00     225.00  8.719266809373028E-04  1.815004918121120E-06 19202396	  45     220.00     225.00  8.719266809373028E-04  1.815004918121120E-06 19202396	  45     220.00     225.00  1.051378791762987E-03  2.223300220353414E-06 19202396	  45     220.00     225.00  1.051378791762987E-03  2.223300220353414E-06 19202396	  45     220.00     225.00  9.541167178423436E-04  1.999464881986242E-06 19202396
  46     225.00     230.00  9.007736686128919E-04  1.913887817442622E-06 18411145	  46     225.00     230.00  9.007736686128919E-04  1.913887817442622E-06 18411145	  46     225.00     230.00  8.228083664576564E-04  1.736509582752439E-06 18411145	  46     225.00     230.00  8.228083664576564E-04  1.736509582752439E-06 18411145	  46     225.00     230.00  9.930986786515889E-04  2.129368301092334E-06 18411145	  46     225.00     230.00  9.930986786515889E-04  2.129368301092334E-06 18411145	  46     225.00     230.00  9.007736686128919E-04  1.913887817442622E-06 18411145
  47     230.00     235.00  8.526537466189419E-04  1.847695291214503E-06 17666260	  47     230.00     235.00  8.526537466189419E-04  1.847695291214503E-06 17666260	  47     230.00     235.00  7.784939236561535E-04  1.675895477451286E-06 17666260	  47     230.00     235.00  7.784939236561535E-04  1.675895477451286E-06 17666260	  47     230.00     235.00  9.405398061721258E-04  2.056661154739357E-06 17666260	  47     230.00     235.00  9.405398061721258E-04  2.056661154739357E-06 17666260	  47     230.00     235.00  8.526537466189419E-04  1.847695291214503E-06 17666260
  48     235.00     240.00  8.073039709212461E-04  1.828748337325299E-06 16961354	  48     235.00     240.00  8.073039709212461E-04  1.828748337325299E-06 16961354	  48     235.00     240.00  7.367729986849749E-04  1.657880116361500E-06 16961354	  48     235.00     240.00  7.367729986849749E-04  1.657880116361500E-06 16961354	  48     235.00     240.00  8.909407863693023E-04  2.036572489517786E-06 16961354	  48     235.00     240.00  8.909407863693023E-04  2.036572489517786E-06 16961354	  48     235.00     240.00  8.073039709212461E-04  1.828748337325299E-06 16961354
  49     240.00     245.00  7.614633749083182E-04  1.757667436255058E-06 16297907	  49     240.00     245.00  7.614633749083182E-04  1.757667436255058E-06 16297907	  49     240.00     245.00  6.945943938519296E-04  1.594014650597380E-06 16297907	  49     240.00     245.00  6.945943938519296E-04  1.594014650597380E-06 16297907	  49     240.00     245.00  8.408143851480670E-04  1.956503639440779E-06 16297907	  49     240.00     245.00  8.408143851480670E-04  1.956503639440779E-06 16297907	  49     240.00     245.00  7.614633749083182E-04  1.757667436255058E-06 16297907
  50     245.00     250.00  7.237405799458603E-04  1.708379755704628E-06 15661979	  50     245.00     250.00  7.237405799458603E-04  1.708379755704628E-06 15661979	  50     245.00     250.00  6.599293433046348E-04  1.548311390462683E-06 15661979	  50     245.00     250.00  6.599293433046348E-04  1.548311390462683E-06 15661979	  50     245.00     250.00  7.995023865983113E-04  1.903082691892878E-06 15661979	  50     245.00     250.00  7.995023865983113E-04  1.903082691892878E-06 15661979	  50     245.00     250.00  7.237405799458603E-04  1.708379755704628E-06 15661979
  51     250.00     255.00  6.824930613495180E-04  1.642095788869553E-06 15068943	  51     250.00     255.00  6.824930613495180E-04  1.642095788869553E-06 15068943	  51     250.00     255.00  6.220918076409951E-04  1.489430207996568E-06 15068943	  51     250.00     255.00  6.220918076409951E-04  1.489430207996568E-06 15068943	  51     250.00     255.00  7.542468410654163E-04  1.827521646268529E-06 15068943	  51     250.00     255.00  7.542468410654163E-04  1.827521646268529E-06 15068943	  51     250.00     255.00  6.824930613495180E-04  1.642095788869553E-06 15068943
  52     255.00     260.00  6.479460333626677E-04  1.608030046942298E-06 14500465	  52     255.00     260.00  6.479460333626677E-04  1.608030046942298E-06 14500465	  52     255.00     260.00  5.902325724463430E-04  1.456272610127524E-06 14500465	  52     255.00     260.00  5.902325724463430E-04  1.456272610127524E-06 14500465	  52     255.00     260.00  7.165741024956597E-04  1.792841272080467E-06 14500465	  52     255.00     260.00  7.165741024956597E-04  1.792841272080467E-06 14500465	  52     255.00     260.00  6.479460333626677E-04  1.608030046942298E-06 14500465
  53     260.00     265.00  6.155166216569646E-04  1.555512706416317E-06 13960120	  53     260.00     265.00  6.155166216569646E-04  1.555512706416317E-06 13960120	  53     260.00     265.00  5.604966423299315E-04  1.408646726422198E-06 13960120	  53     260.00     265.00  5.604966423299315E-04  1.408646726422198E-06 13960120	  53     260.00     265.00  6.809730324238018E-04  1.734344628026787E-06 13960120	  53     260.00     265.00  6.809730324238018E-04  1.734344628026787E-06 13960120	  53     260.00     265.00  6.155166216569646E-04  1.555512706416317E-06 13960120
  54     265.00     270.00  5.821671770576081E-04  1.529964310881311E-06 13453617	  54     265.00     270.00  5.821671770576081E-04  1.529964310881311E-06 13453617	  54     265.00     270.00  5.299321096211413E-04  1.385426314785647E-06 13453617	  54     265.00     270.00  5.299321096211413E-04  1.385426314785647E-06 13453617	  54     265.00     270.00  6.443388751732116E-04  1.705911410203193E-06 13453617	  54     265.00     270.00  6.443388751732116E-04  1.705911410203193E-06 13453617	  54     265.00     270.00  5.821671770576081E-04  1.529964310881311E-06 13453617
  55     270.00     275.00  5.531580137159086E-04  1.492518906169989E-06 12962111	  55     270.00     275.00  5.531580137159086E-04  1.492518906169989E-06 12962111	  55     270.00     275.00  5.031909242632245E-04  1.349203777025276E-06 12962111	  55     270.00     275.00  5.031909242632245E-04  1.349203777025276E-06 12962111	  55     270.00     275.00  6.126952432316148E-04  1.667414361704167E-06 12962111	  55     270.00     275.00  6.126952432316148E-04  1.667414361704167E-06 12962111	  55     270.00     275.00  5.531580137159086E-04  1.492518906169989E-06 12962111
  56     275.00     280.00  5.232399831200746E-04  1.408711083942984E-06 12495985	  56     275.00     280.00  5.232399831200746E-04  1.408711083942984E-06 12495985	  56     275.00     280.00  4.759877887822806E-04  1.275968273149262E-06 12495985	  56     275.00     280.00  4.759877887822806E-04  1.275968273149262E-06 12495985	  56     275.00     280.00  5.795310232297517E-04  1.570225403214853E-06 12495985	  56     275.00     280.00  5.795310232297517E-04  1.570225403214853E-06 12495985	  56     275.00     280.00  5.232399831200746E-04  1.408711083942984E-06 12495985
  57     280.00     285.00  4.971781064154973E-04  1.366531840859539E-06 12056097	  57     280.00     285.00  4.971781064154973E-04  1.366531840859539E-06 12056097	  57     280.00     285.00  4.520395571937972E-04  1.237827146801848E-06 12056097	  57     280.00     285.00  4.520395571937972E-04  1.237827146801848E-06 12056097	  57     280.00     285.00  5.509912109952426E-04  1.523057801188770E-06 12056097	  57     280.00     285.00  5.509912109952426E-04  1.523057801188770E-06 12056097	  57     280.00     285.00  4.971781064154973E-04  1.366531840859539E-06 12056097
  58     285.00     290.00  4.746801165509165E-04  1.405756765046373E-06 11634226	  58     285.00     290.00  4.746801165509165E-04  1.405756765046373E-06 11634226	  58     285.00     290.00  4.313980767464773E-04  1.270471059762439E-06 11634226	  58     285.00     290.00  4.313980767464773E-04  1.270471059762439E-06 11634226	  58     285.00     290.00  5.263136629349139E-04  1.570759004704462E-06 11634226	  58     285.00     290.00  5.263136629349139E-04  1.570759004704462E-06 11634226	  58     285.00     290.00  4.746801165509165E-04  1.405756765046373E-06 11634226
  59     290.00     295.00  4.489754737054724E-04  1.305398114465276E-06 11237728	  59     290.00     295.00  4.489754737054724E-04  1.305398114465276E-06 11237728	  59     290.00     295.00  4.078824725204840E-04  1.180752979579696E-06 11237728	  59     290.00     295.00  4.078824725204840E-04  1.180752979579696E-06 11237728	  59     290.00     295.00  4.980224922627956E-04  1.457218735147919E-06 11237728	  59     290.00     295.00  4.980224922627956E-04  1.457218735147919E-06 11237728	  59     290.00     295.00  4.489754737054724E-04  1.305398114465276E-06 11237728
  60     295.00     300.00  4.251749491439985E-04  1.280028476140016E-06 10856517	  60     295.00     300.00  4.251749491439985E-04  1.280028476140016E-06 10856517	  60     295.00     300.00  3.861532395913305E-04  1.157705150821285E-06 10856517	  60     295.00     300.00  3.861532395913305E-04  1.157705150821285E-06 10856517	  60     295.00     300.00  4.717642972890484E-04  1.428942054310045E-06 10856517	  60     295.00     300.00  4.717642972890484E-04  1.428942054310045E-06 10856517	  60     295.00     300.00  4.251749491439985E-04  1.280028476140016E-06 10856517
  61     300.00     305.00  4.057085944808523E-04  1.244563312482732E-06 10487589	  61     300.00     305.00  4.057085944808523E-04  1.244563312482732E-06 10487589	  61     300.00     305.00  3.682153364374895E-04  1.123981272115693E-06 10487589	  61     300.00     305.00  3.682153364374895E-04  1.123981272115693E-06 10487589	  61     300.00     305.00  4.505228964910020E-04  1.392009753879933E-06 10487589	  61     300.00     305.00  4.505228964910020E-04  1.392009753879933E-06 10487589	  61     300.00     305.00  4.057085944808523E-04  1.244563312482732E-06 10487589
  62     305.00     310.00  3.877124673979149E-04  1.220660580639348E-06 10141972	  62     305.00     310.00  3.877124673979149E-04  1.220660580639348E-06 10141972	  62     305.00     310.00  3.517339930416735E-04  1.101857285834210E-06 10141972	  62     305.00     310.00  3.517339930416735E-04  1.101857285834210E-06 10141972	  62     305.00     310.00  4.307383239646053E-04  1.365797057240992E-06 10141972	  62     305.00     310.00  4.307383239646053E-04  1.365797057240992E-06 10141972	  62     305.00     310.00  3.877124673979149E-04  1.220660580639348E-06 10141972
  63     310.00     315.00  3.674549718914525E-04  1.164597798484957E-06 9809955	  63     310.00     315.00  3.674549718914525E-04  1.164597798484957E-06 9809955	  63     310.00     315.00  3.332550082197851E-04  1.052399828860852E-06 9809955	  63     310.00     315.00  3.332550082197851E-04  1.052399828860852E-06 9809955	  63     310.00     315.00  4.083657242464222E-04  1.301357539358454E-06 9809955	  63     310.00     315.00  4.083657242464222E-04  1.301357539358454E-06 9809955	  63     310.00     315.00  3.674549718914525E-04  1.164597798484957E-06 9809955
  64     315.00     320.00  3.487762895021687E-04  1.124752828472954E-06 9486350	  64     315.00     320.00  3.487762895021687E-04  1.124752828472954E-06 9486350	  64     315.00     320.00  3.162021098526094E-04  1.016722617312233E-06 9486350	  64     315.00     320.00  3.162021098526094E-04  1.016722617312233E-06 9486350	  64     315.00     320.00  3.877618774647423E-04  1.256427862711669E-06 9486350	  64     315.00     320.00  3.877618774647423E-04  1.256427862711669E-06 9486350	  64     315.00     320.00  3.487762895021687E-04  1.124752828472954E-06 9486350
  65     320.00     325.00  3.339972916034647E-04  1.124019994403610E-06 9188462	  65     320.00     325.00  3.339972916034647E-04  1.124019994403610E-06 9188462	  65     320.00     325.00  3.026422714551532E-04  1.014831158518909E-06 9188462	  65     320.00     325.00  3.026422714551532E-04  1.014831158518909E-06 9188462	  65     320.00     325.00  3.715551035029040E-04  1.257285997404188E-06 9188462	  65     320.00     325.00  3.715551035029040E-04  1.257285997404188E-06 9188462	  65     320.00     325.00  3.339972916034647E-04  1.124019994403610E-06 9188462
  66     325.00     330.00  3.166999693080555E-04  1.063401654476122E-06 8889809	  66     325.00     330.00  3.166999693080555E-04  1.063401654476122E-06 8889809	  66     325.00     330.00  2.869218112144821E-04  9.609726266426604E-07 8889809	  66     325.00     330.00  2.869218112144821E-04  9.609726266426604E-07 8889809	  66     325.00     330.00  3.523745605916954E-04  1.188215507617759E-06 8889809	  66     325.00     330.00  3.523745605916954E-04  1.188215507617759E-06 8889809	  66     325.00     330.00  3.166999693080555E-04  1.063401654476122E-06 8889809
  67     330.00     335.00  3.024312400742413E-04  1.051191354625741E-06 8607872	  67     330.00     335.00  3.024312400742413E-04  1.051191354625741E-06 8607872	  67     330.00     335.00  2.738161021506615E-04  9.486260362368476E-07 8607872	  67     330.00     335.00  2.738161021506615E-04  9.486260362368476E-07 8607872	  67     330.00     335.00  3.367464059828899E-04  1.176464888810209E-06 8607872	  67     330.00     335.00  3.367464059828899E-04  1.176464888810209E-06 8607872	  67     330.00     335.00  3.024312400742413E-04  1.051191354625741E-06 8607872
  68     335.00     340.00  2.906269204070170E-04  1.050839630935404E-06 8339923	  68     335.00     340.00  2.906269204070170E-04  1.050839630935404E-06 8339923	  68     335.00     340.00  2.630260042556331E-04  9.478595675954935E-07 8339923	  68     335.00     340.00  2.630260042556331E-04  9.478595675954935E-07 8339923	  68     335.00     340.00  3.237382751553304E-04  1.176498683622920E-06 8339923	  68     335.00     340.00  3.237382751553304E-04  1.176498683622920E-06 8339923	  68     335.00     340.00  2.906269204070170E-04  1.050839630935404E-06 8339923
  69     340.00     345.00  2.749796158096538E-04  9.896140951129593E-07 8086133	  69     340.00     345.00  2.749796158096538E-04  9.896140951129593E-07 8086133	  69     340.00     345.00  2.487950068989432E-04  8.922771894450931E-07 8086133	  69     340.00     345.00  2.487950068989432E-04  8.922771894450931E-07 8086133	  69     340.00     345.00  3.064036378106166E-04  1.108586004105527E-06 8086133	  69     340.00     345.00  3.064036378106166E-04  1.108586004105527E-06 8086133	  69     340.00     345.00  2.749796158096538E-04  9.896140951129593E-07 8086133
  70     345.00     350.00  2.612316720111477E-04  9.609976801660382E-07 7838423	  70     345.00     350.00  2.612316720111477E-04  9.609976801660382E-07 7838423	  70     345.00     350.00  2.362858782493185E-04  8.679319537889155E-07 7838423	  70     345.00     350.00  2.362858782493185E-04  8.679319537889155E-07 7838423	  70     345.00     350.00  2.911809372600363E-04  1.074353757953544E-06 7838423	  70     345.00     350.00  2.911809372600363E-04  1.074353757953544E-06 7838423	  70     345.00     350.00  2.612316720111477E-04  9.609976801660382E-07 7838423
  71     350.00     355.00  2.499117421260246E-04  9.316607595932216E-07 7606897	  71     350.00     355.00  2.499117421260246E-04  9.316607595932216E-07 7606897	  71     350.00     355.00  2.259430989425214E-04  8.404249161077610E-07 7606897	  71     350.00     355.00  2.259430989425214E-04  8.404249161077610E-07 7606897	  71     350.00     355.00  2.787021775677931E-04  1.043030158403682E-06 7606897	  71     350.00     355.00  2.787021775677931E-04  1.043030158403682E-06 7606897	  71     350.00     355.00  2.499117421260246E-04  9.316607595932216E-07 7606897
  72     355.00     360.00  2.375817049957120E-04  9.099889748220265E-07 7374033	  72     355.00     360.00  2.375817049957120E-04  9.099889748220265E-07 7374033	  72     355.00     360.00  2.147524726168361E-04  8.209289984255714E-07 7374033	  72     355.00     360.00  2.147524726168361E-04  8.209289984255714E-07 7374033	  72     355.00     360.00  2.650052920852507E-04  1.018561550307273E-06 7374033	  72     355.00     360.00  2.650052920852507E-04  1.018561550307273E-06 7374033	  72     355.00     360.00  2.375817049957120E-04  9.099889748220265E-07 7374033
  73     360.00     365.00  2.239536090390706E-04  8.634547573417061E-07 7160131	  73     360.00     365.00  2.239536090390706E-04  8.634547573417061E-07 7160131	  73     360.00     365.00  2.023003975699933E-04  7.787283100913112E-07 7160131	  73     360.00     365.00  2.023003975699933E-04  7.787283100913112E-07 7160131	  73     360.00     365.00  2.499910489595030E-04  9.668536122892936E-07 7160131	  73     360.00     365.00  2.499910489595030E-04  9.668536122892936E-07 7160131	  73     360.00     365.00  2.239536090390706E-04  8.634547573417061E-07 7160131
  74     365.00     370.00  2.159146799305043E-04  8.543648834855812E-07 6944027	  74     365.00     370.00  2.159146799305043E-04  8.543648834855812E-07 6944027	  74     365.00     370.00  1.949553384429773E-04  7.701577437303788E-07 6944027	  74     365.00     370.00  1.949553384429773E-04  7.701577437303788E-07 6944027	  74     365.00     370.00  2.411353597137123E-04  9.572157130770773E-07 6944027	  74     365.00     370.00  2.411353597137123E-04  9.572157130770773E-07 6944027	  74     365.00     370.00  2.159146799305043E-04  8.543648834855812E-07 6944027
  75     370.00     375.00  2.087334655081860E-04  8.528871228245075E-07 6745410	  75     370.00     375.00  2.087334655081860E-04  8.528871228245075E-07 6745410	  75     370.00     375.00  1.883977454607388E-04  7.679571614030275E-07 6745410	  75     370.00     375.00  1.883977454607388E-04  7.679571614030275E-07 6745410	  75     370.00     375.00  2.332149516533547E-04  9.567513210376422E-07 6745410	  75     370.00     375.00  2.332149516533547E-04  9.567513210376422E-07 6745410	  75     370.00     375.00  2.087334655081860E-04  8.528871228245075E-07 6745410
  76     375.00     380.00  1.964634744804629E-04  8.067444989377382E-07 6556441	  76     375.00     380.00  1.964634744804629E-04  8.067444989377382E-07 6556441	  76     375.00     380.00  1.772986708824106E-04  7.268868316911676E-07 6556441	  76     375.00     380.00  1.772986708824106E-04  7.268868316911676E-07 6556441	  76     375.00     380.00  2.195377425315818E-04  9.043877847522662E-07 6556441	  76     375.00     380.00  2.195377425315818E-04  9.043877847522662E-07 6556441	  76     375.00     380.00  1.964634744804629E-04  8.067444989377382E-07 6556441
  77     380.00     385.00  1.891074524031711E-04  8.065650450972013E-07 6369092	  77     380.00     385.00  1.891074524031711E-04  8.065650450972013E-07 6369092	  77     380.00     385.00  1.705620243066894E-04  7.266653940484147E-07 6369092	  77     380.00     385.00  1.705620243066894E-04  7.266653940484147E-07 6369092	  77     380.00     385.00  2.114507063663938E-04  9.041227954770834E-07 6369092	  77     380.00     385.00  2.114507063663938E-04  9.041227954770834E-07 6369092	  77     380.00     385.00  1.891074524031711E-04  8.065650450972013E-07 6369092
  78     385.00     390.00  1.796563308451185E-04  7.750598034499740E-07 6189614	  78     385.00     390.00  1.796563308451185E-04  7.750598034499740E-07 6189614	  78     385.00     390.00  1.620276053941652E-04  6.984063610204373E-07 6189614	  78     385.00     390.00  1.620276053941652E-04  6.984063610204373E-07 6189614	  78     385.00     390.00  2.008956702100119E-04  8.686581780626345E-07 6189614	  78     385.00     390.00  2.008956702100119E-04  8.686581780626345E-07 6189614	  78     385.00     390.00  1.796563308451185E-04  7.750598034499740E-07 6189614
  79     390.00     395.00  1.725626072576080E-04  7.522878095532374E-07 6016658	  79     390.00     395.00  1.725626072576080E-04  7.522878095532374E-07 6016658	  79     390.00     395.00  1.555354995759200E-04  6.769044382222289E-07 6016658	  79     390.00     395.00  1.555354995759200E-04  6.769044382222289E-07 6016658	  79     390.00     395.00  1.930973716235323E-04  8.445667203259812E-07 6016658	  79     390.00     395.00  1.930973716235323E-04  8.445667203259812E-07 6016658	  79     390.00     395.00  1.725626072576080E-04  7.522878095532374E-07 6016658
  80     395.00     400.00  1.643203126241515E-04  7.193118742566897E-07 5851959	  80     395.00     400.00  1.643203126241515E-04  7.193118742566897E-07 5851959	  80     395.00     400.00  1.480815836662488E-04  6.482006099081818E-07 5851959	  80     395.00     400.00  1.480815836662488E-04  6.482006099081818E-07 5851959	  80     395.00     400.00  1.839079207589835E-04  8.061981264010394E-07 5851959	  80     395.00     400.00  1.839079207589835E-04  8.061981264010394E-07 5851959	  80     395.00     400.00  1.643203126241515E-04  7.193118742566897E-07 5851959
  81     400.00     405.00  1.580987659908208E-04  7.350618637910376E-07 5690011	  81     400.00     405.00  1.580987659908208E-04  7.350618637910376E-07 5690011	  81     400.00     405.00  1.424198069686554E-04  6.621735487751161E-07 5690011	  81     400.00     405.00  1.424198069686554E-04  6.621735487751161E-07 5690011	  81     400.00     405.00  1.770182152247501E-04  8.239300947495582E-07 5690011	  81     400.00     405.00  1.770182152247501E-04  8.239300947495582E-07 5690011	  81     400.00     405.00  1.580987659908208E-04  7.350618637910376E-07 5690011
  82     405.00     410.00  1.506030838942245E-04  7.040145523504261E-07 5533039	  82     405.00     410.00  1.506030838942245E-04  7.040145523504261E-07 5533039	  82     405.00     410.00  1.356189685269541E-04  6.338002278782115E-07 5533039	  82     405.00     410.00  1.356189685269541E-04  6.338002278782115E-07 5533039	  82     405.00     410.00  1.686931249682375E-04  7.898371971500053E-07 5533039	  82     405.00     410.00  1.686931249682375E-04  7.898371971500053E-07 5533039	  82     405.00     410.00  1.506030838942245E-04  7.040145523504261E-07 5533039
  83     410.00     415.00  1.442653233322480E-04  6.595291581402802E-07 5387844	  83     410.00     415.00  1.442653233322480E-04  6.595291581402802E-07 5387844	  83     410.00     415.00  1.298815829565866E-04  5.940192585235565E-07 5387844	  83     410.00     415.00  1.298815829565866E-04  5.940192585235565E-07 5387844	  83     410.00     415.00  1.616325752784626E-04  7.394959341309911E-07 5387844	  83     410.00     415.00  1.616325752784626E-04  7.394959341309911E-07 5387844	  83     410.00     415.00  1.442653233322480E-04  6.595291581402802E-07 5387844
  84     415.00     420.00  1.375625295563906E-04  6.487135782104344E-07 5246498	  84     415.00     420.00  1.375625295563906E-04  6.487135782104344E-07 5246498	  84     415.00     420.00  1.237488553486319E-04  5.830636697033096E-07 5246498	  84     415.00     420.00  1.237488553486319E-04  5.830636697033096E-07 5246498	  84     415.00     420.00  1.542591334572629E-04  7.290820848577189E-07 5246498	  84     415.00     420.00  1.542591334572629E-04  7.290820848577189E-07 5246498	  84     415.00     420.00  1.375625295563906E-04  6.487135782104344E-07 5246498
  85     420.00     425.00  1.318437643941340E-04  6.247969602570927E-07 5103894	  85     420.00     425.00  1.318437643941340E-04  6.247969602570927E-07 5103894	  85     420.00     425.00  1.185974626585905E-04  5.621853007872802E-07 5103894	  85     420.00     425.00  1.185974626585905E-04  5.621853007872802E-07 5103894	  85     420.00     425.00  1.478542142488247E-04  7.012930546699982E-07 5103894	  85     420.00     425.00  1.478542142488247E-04  7.012930546699982E-07 5103894	  85     420.00     425.00  1.318437643941340E-04  6.247969602570927E-07 5103894
  86     425.00     430.00  1.272714443473981E-04  6.416765594361004E-07 4969929	  86     425.00     430.00  1.272714443473981E-04  6.416765594361004E-07 4969929	  86     425.00     430.00  1.144101572847482E-04  5.762967105370164E-07 4969929	  86     425.00     430.00  1.144101572847482E-04  5.762967105370164E-07 4969929	  86     425.00     430.00  1.428331372901561E-04  7.218793198255890E-07 4969929	  86     425.00     430.00  1.428331372901561E-04  7.218793198255890E-07 4969929	  86     425.00     430.00  1.272714443473981E-04  6.416765594361004E-07 4969929
  87     430.00     435.00  1.204727917991048E-04  6.227986913147311E-07 4838344	  87     430.00     435.00  1.204727917991048E-04  6.227986913147311E-07 4838344	  87     430.00     435.00  1.082776157485283E-04  5.586946835033881E-07 4838344	  87     430.00     435.00  1.082776157485283E-04  5.586946835033881E-07 4838344	  87     430.00     435.00  1.352295128591330E-04  7.015079029152215E-07 4838344	  87     430.00     435.00  1.352295128591330E-04  7.015079029152215E-07 4838344	  87     430.00     435.00  1.204727917991048E-04  6.227986913147311E-07 4838344
  88     435.00     440.00  1.146825094339688E-04  5.964778903602556E-07 4715174	  88     435.00     440.00  1.146825094339688E-04  5.964778903602556E-07 4715174	  88     435.00     440.00  1.030375056751725E-04  5.357772362131095E-07 4715174	  88     435.00     440.00  1.030375056751725E-04  5.357772362131095E-07 4715174	  88     435.00     440.00  1.287784770400825E-04  6.707304463480077E-07 4715174	  88     435.00     440.00  1.287784770400825E-04  6.707304463480077E-07 4715174	  88     435.00     440.00  1.146825094339688E-04  5.964778903602556E-07 4715174
  89     440.00     445.00  1.115313972162101E-04  5.766750517590813E-07 4596566	  89     440.00     445.00  1.115313972162101E-04  5.766750517590813E-07 4596566	  89     440.00     445.00  1.001919282741260E-04  5.185568484809037E-07 4596566	  89     440.00     445.00  1.001919282741260E-04  5.185568484809037E-07 4596566	  89     440.00     445.00  1.252622411865328E-04  6.478089551756225E-07 4596566	  89     440.00     445.00  1.252622411865328E-04  6.478089551756225E-07 4596566	  89     440.00     445.00  1.115313972162101E-04  5.766750517590813E-07 4596566
  90     445.00     450.00  1.071942934878824E-04  5.687235341000841E-07 4481216	  90     445.00     450.00  1.071942934878824E-04  5.687235341000841E-07 4481216	  90     445.00     450.00  9.623207620977835E-05  5.108503061458571E-07 4481216	  90     445.00     450.00  9.623207620977835E-05  5.108503061458571E-07 4481216	  90     445.00     450.00  1.204778704456652E-04  6.396271293317131E-07 4481216	  90     445.00     450.00  1.204778704456652E-04  6.396271293317131E-07 4481216	  90     445.00     450.00  1.071942934878824E-04  5.687235341000841E-07 4481216
  91     450.00     455.00  1.018564585144223E-04  5.426633973391489E-07 4366565	  91     450.00     455.00  1.018564585144223E-04  5.426633973391489E-07 4366565	  91     450.00     455.00  9.143709117425030E-05  4.878125817596412E-07 4366565	  91     450.00     455.00  9.143709117425030E-05  4.878125817596412E-07 4366565	  91     450.00     455.00  1.144815664478248E-04  6.097342714458990E-07 4366565	  91     450.00     455.00  1.144815664478248E-04  6.097342714458990E-07 4366565	  91     450.00     455.00  1.018564585144223E-04  5.426633973391489E-07 4366565
  92     455.00     460.00  9.754697705731322E-05  5.254047880938915E-07 4256097	  92     455.00     460.00  9.754697705731322E-05  5.254047880938915E-07 4256097	  92     455.00     460.00  8.753583326135366E-05  4.718963653029598E-07 4256097	  92     455.00     460.00  8.753583326135366E-05  4.718963653029598E-07 4256097	  92     455.00     460.00  1.096832653605343E-04  5.909841510601964E-07 4256097	  92     455.00     460.00  1.096832653605343E-04  5.909841510601964E-07 4256097	  92     455.00     460.00  9.754697705731322E-05  5.254047880938915E-07 4256097
  93     460.00     465.00  9.393446427270056E-05  5.232055911320276E-07 4154070	  93     460.00     465.00  9.393446427270056E-05  5.232055911320276E-07 4154070	  93     460.00     465.00  8.427089380630703E-05  4.697611959527530E-07 4154070	  93     460.00     465.00  8.427089380630703E-05  4.697611959527530E-07 4154070	  93     460.00     465.00  1.056531384481822E-04  5.886692697261819E-07 4154070	  93     460.00     465.00  1.056531384481822E-04  5.886692697261819E-07 4154070	  93     460.00     465.00  9.393446427270056E-05  5.232055911320276E-07 4154070
  94     465.00     470.00  9.039942538003389E-05  5.476932437511291E-07 4048908	  94     465.00     470.00  9.039942538003389E-05  5.476932437511291E-07 4048908	  94     465.00     470.00  8.105165952620885E-05  4.891878380876263E-07 4048908	  94     465.00     470.00  8.105165952620885E-05  4.891878380876263E-07 4048908	  94     465.00     470.00  1.017441992338751E-04  6.198531023539822E-07 4048908	  94     465.00     470.00  1.017441992338751E-04  6.198531023539822E-07 4048908	  94     465.00     470.00  9.039942538003389E-05  5.476932437511291E-07 4048908
  95     470.00     475.00  8.655064446294894E-05  4.978708756491821E-07 3949687	  95     470.00     475.00  8.655064446294894E-05  4.978708756491821E-07 3949687	  95     470.00     475.00  7.757050947084028E-05  4.466643182266196E-07 3949687	  95     470.00     475.00  7.757050947084028E-05  4.466643182266196E-07 3949687	  95     470.00     475.00  9.745342594416648E-05  5.605830348974298E-07 3949687	  95     470.00     475.00  9.745342594416648E-05  5.605830348974298E-07 3949687	  95     470.00     475.00  8.655064446294894E-05  4.978708756491821E-07 3949687
  96     475.00     480.00  8.266932142699005E-05  4.805604783142816E-07 3851608	  96     475.00     480.00  8.266932142699005E-05  4.805604783142816E-07 3851608	  96     475.00     480.00  7.408712160377993E-05  4.309645863383507E-07 3851608	  96     475.00     480.00  7.408712160377993E-05  4.309645863383507E-07 3851608	  96     475.00     480.00  9.309040904186707E-05  5.413651283432302E-07 3851608	  96     475.00     480.00  9.309040904186707E-05  5.413651283432302E-07 3851608	  96     475.00     480.00  8.266932142699005E-05  4.805604783142816E-07 3851608
  97     480.00     485.00  7.855014439060124E-05  4.601715003382760E-07 3761332	  97     480.00     485.00  7.855014439060124E-05  4.601715003382760E-07 3761332	  97     480.00     485.00  7.035474488542289E-05  4.128225076427524E-07 3761332	  97     480.00     485.00  7.035474488542289E-05  4.128225076427524E-07 3761332	  97     480.00     485.00  8.850847316502775E-05  5.181998857385121E-07 3761332	  97     480.00     485.00  8.850847316502775E-05  5.181998857385121E-07 3761332	  97     480.00     485.00  7.855014439060124E-05  4.601715003382760E-07 3761332
  98     485.00     490.00  7.605426912637327E-05  4.669896186716653E-07 3673632	  98     485.00     490.00  7.605426912637327E-05  4.669896186716653E-07 3673632	  98     485.00     490.00  6.809872157784564E-05  4.184876309066400E-07 3673632	  98     485.00     490.00  6.809872157784564E-05  4.184876309066400E-07 3673632	  98     485.00     490.00  8.572646970120783E-05  5.265357021316403E-07 3673632	  98     485.00     490.00  8.572646970120783E-05  5.265357021316403E-07 3673632	  98     485.00     490.00  7.605426912637327E-05  4.669896186716653E-07 3673632
  99     490.00     495.00  7.259200163461630E-05  4.357865320951825E-07 3584997	  99     490.00     495.00  7.259200163461630E-05  4.357865320951825E-07 3584997	  99     490.00     495.00  6.498628034457404E-05  3.911716197979896E-07 3584997	  99     490.00     495.00  6.498628034457404E-05  3.911716197979896E-07 3584997	  99     490.00     495.00  8.184020309001638E-05  4.904805172865090E-07 3584997	  99     490.00     495.00  8.184020309001638E-05  4.904805172865090E-07 3584997	  99     490.00     495.00  7.259200163461630E-05  4.357865320951825E-07 3584997
 100     495.00     500.00  7.038899097951715E-05  4.332973831657044E-07 3501798	 100     495.00     500.00  7.038899097951715E-05  4.332973831657044E-07 3501798	 100     495.00     500.00  6.300617865161984E-05  3.881550174299272E-07 3501798	 100     495.00     500.00  6.300617865161984E-05  3.881550174299272E-07 3501798	 100     495.00     500.00  7.936609202444404E-05  4.887148674036491E-07 3501798	 100     495.00     500.00  7.936609202444404E-05  4.887148674036491E-07 3501798	 100     495.00     500.00  7.038899097951715E-05  4.332973831657044E-07 3501798
# Underflow:                 0.0000000000000000E+00  0.0000000000000000E+00 0
# Overflow:                  5.5005342736971222E-05  9.2180599287117763E-08 17339184
#-------------------------------------------------------------------------------------	#-------------------------------------------------------------------------------------	#-------------------------------------------------------------------------------------	#-------------------------------------------------------------------------------------	#-------------------------------------------------------------------------------------	#-------------------------------------------------------------------------------------	#-------------------------------------------------------------------------------------
# Sum:                       1.3169060832228308E-01  2.1861710215449974E-05 451479000
#=====================================================================================	#=====================================================================================	#=====================================================================================	#=====================================================================================	#=====================================================================================	#=====================================================================================	#=====================================================================================
