# title = Transverse Momentum Softer Jet
# xlabel = $p_{\text{T},\text{j}_2}\,$[GeV]
# ylabel = $\frac{\text{d}\sigma}{\text{d}p_{\text{T},\text{j}_2}}\,\left[\frac{\text{fb}}{\text{GeV}}\right]$
# xmin=  0.000E+00
# xmax=  5.000E+02
# ymin=  1.000E-06
# ymax=  2.000E-02
# kmin= -5.000E+01
# kmax=  1.000E+01
# logscale = true
# Renormalization and factorization scale scaled by: 1.0000000000
# Renormalization scaled by: 1.0000000000
# Number of generated events: 6937080
#	#	#	#	#	#	#
#=====================================================================================	#=====================================================================================	#=====================================================================================	#=====================================================================================	#=====================================================================================	#=====================================================================================	#=====================================================================================
# No.       Left      Right                   Value                   Error Hits
#-------------------------------------------------------------------------------------	#-------------------------------------------------------------------------------------	#-------------------------------------------------------------------------------------	#-------------------------------------------------------------------------------------	#-------------------------------------------------------------------------------------	#-------------------------------------------------------------------------------------	#-------------------------------------------------------------------------------------
   1       0.00       5.00  0.000000000000000E+00  0.000000000000000E+00 0	   1       0.00       5.00  0.000000000000000E+00  0.000000000000000E+00 0	   1       0.00       5.00  0.000000000000000E+00  0.000000000000000E+00 0	   1       0.00       5.00  0.000000000000000E+00  0.000000000000000E+00 0	   1       0.00       5.00  0.000000000000000E+00  0.000000000000000E+00 0	   1       0.00       5.00  0.000000000000000E+00  0.000000000000000E+00 0	   1       0.00       5.00  0.000000000000000E+00  0.000000000000000E+00 0
   2       5.00      10.00  0.000000000000000E+00  0.000000000000000E+00 0	   2       5.00      10.00  0.000000000000000E+00  0.000000000000000E+00 0	   2       5.00      10.00  0.000000000000000E+00  0.000000000000000E+00 0	   2       5.00      10.00  0.000000000000000E+00  0.000000000000000E+00 0	   2       5.00      10.00  0.000000000000000E+00  0.000000000000000E+00 0	   2       5.00      10.00  0.000000000000000E+00  0.000000000000000E+00 0	   2       5.00      10.00  0.000000000000000E+00  0.000000000000000E+00 0
   3      10.00      15.00  0.000000000000000E+00  0.000000000000000E+00 0	   3      10.00      15.00  0.000000000000000E+00  0.000000000000000E+00 0	   3      10.00      15.00  0.000000000000000E+00  0.000000000000000E+00 0	   3      10.00      15.00  0.000000000000000E+00  0.000000000000000E+00 0	   3      10.00      15.00  0.000000000000000E+00  0.000000000000000E+00 0	   3      10.00      15.00  0.000000000000000E+00  0.000000000000000E+00 0	   3      10.00      15.00  0.000000000000000E+00  0.000000000000000E+00 0
   4      15.00      20.00  0.000000000000000E+00  0.000000000000000E+00 0	   4      15.00      20.00  0.000000000000000E+00  0.000000000000000E+00 0	   4      15.00      20.00  0.000000000000000E+00  0.000000000000000E+00 0	   4      15.00      20.00  0.000000000000000E+00  0.000000000000000E+00 0	   4      15.00      20.00  0.000000000000000E+00  0.000000000000000E+00 0	   4      15.00      20.00  0.000000000000000E+00  0.000000000000000E+00 0	   4      15.00      20.00  0.000000000000000E+00  0.000000000000000E+00 0
   5      20.00      25.00  0.000000000000000E+00  0.000000000000000E+00 0	   5      20.00      25.00  0.000000000000000E+00  0.000000000000000E+00 0	   5      20.00      25.00  0.000000000000000E+00  0.000000000000000E+00 0	   5      20.00      25.00  0.000000000000000E+00  0.000000000000000E+00 0	   5      20.00      25.00  0.000000000000000E+00  0.000000000000000E+00 0	   5      20.00      25.00  0.000000000000000E+00  0.000000000000000E+00 0	   5      20.00      25.00  0.000000000000000E+00  0.000000000000000E+00 0
   6      25.00      30.00  0.000000000000000E+00  0.000000000000000E+00 0	   6      25.00      30.00  0.000000000000000E+00  0.000000000000000E+00 0	   6      25.00      30.00  0.000000000000000E+00  0.000000000000000E+00 0	   6      25.00      30.00  0.000000000000000E+00  0.000000000000000E+00 0	   6      25.00      30.00  0.000000000000000E+00  0.000000000000000E+00 0	   6      25.00      30.00  0.000000000000000E+00  0.000000000000000E+00 0	   6      25.00      30.00  0.000000000000000E+00  0.000000000000000E+00 0
   7      30.00      35.00  6.083754289336316E-03  1.059393349213105E-04 149674762	   7      30.00      35.00  6.083754289336316E-03  1.059393349213105E-04 149674762	   7      30.00      35.00  5.734280137764504E-03  9.771698500046707E-05 149674762	   7      30.00      35.00  5.734280137764504E-03  9.771698500046707E-05 149674762	   7      30.00      35.00  6.469460876521925E-03  1.156911309140167E-04 149674762	   7      30.00      35.00  6.469460876521925E-03  1.156911309140167E-04 149674762	   7      30.00      35.00  6.083754289336316E-03  1.059393349213105E-04 149674762
   8      35.00      40.00  7.281084676969817E-03  1.179070275637229E-04 161511275	   8      35.00      40.00  7.281084676969817E-03  1.179070275637229E-04 161511275	   8      35.00      40.00  6.857411084357397E-03  1.090176903542446E-04 161511275	   8      35.00      40.00  6.857411084357397E-03  1.090176903542446E-04 161511275	   8      35.00      40.00  7.750883126997526E-03  1.284110121097239E-04 161511275	   8      35.00      40.00  7.750883126997526E-03  1.284110121097239E-04 161511275	   8      35.00      40.00  7.281084676969817E-03  1.179070275637229E-04 161511275
   9      40.00      45.00  8.328648326701247E-03  1.327656673403451E-04 171151815	   9      40.00      45.00  8.328648326701247E-03  1.327656673403451E-04 171151815	   9      40.00      45.00  7.840514561092511E-03  1.227318585717212E-04 171151815	   9      40.00      45.00  7.840514561092511E-03  1.227318585717212E-04 171151815	   9      40.00      45.00  8.871044804426961E-03  1.446461476063506E-04 171151815	   9      40.00      45.00  8.871044804426961E-03  1.446461476063506E-04 171151815	   9      40.00      45.00  8.328648326701247E-03  1.327656673403451E-04 171151815
  10      45.00      50.00  8.917564570378948E-03  1.487297181623625E-04 178861005	  10      45.00      50.00  8.917564570378948E-03  1.487297181623625E-04 178861005	  10      45.00      50.00  8.391882697181682E-03  1.364310696560761E-04 178861005	  10      45.00      50.00  8.391882697181682E-03  1.364310696560761E-04 178861005	  10      45.00      50.00  9.503439169591579E-03  1.635014702602828E-04 178861005	  10      45.00      50.00  9.503439169591579E-03  1.635014702602828E-04 178861005	  10      45.00      50.00  8.917564570378948E-03  1.487297181623625E-04 178861005
  11      50.00      55.00  9.939070048174639E-03  1.688357765640718E-04 184819464	  11      50.00      55.00  9.939070048174639E-03  1.688357765640718E-04 184819464	  11      50.00      55.00  9.332533693162821E-03  1.555713475467908E-04 184819464	  11      50.00      55.00  9.332533693162821E-03  1.555713475467908E-04 184819464	  11      50.00      55.00  1.062010517028128E-02  1.845798385711002E-04 184819464	  11      50.00      55.00  1.062010517028128E-02  1.845798385711002E-04 184819464	  11      50.00      55.00  9.939070048174639E-03  1.688357765640718E-04 184819464
  12      55.00      60.00  1.015564355477692E-02  1.780004737253108E-04 189200933	  12      55.00      60.00  1.015564355477692E-02  1.780004737253108E-04 189200933	  12      55.00      60.00  9.525303489807518E-03  1.624457062385528E-04 189200933	  12      55.00      60.00  9.525303489807518E-03  1.624457062385528E-04 189200933	  12      55.00      60.00  1.086633980241576E-02  1.968999302129581E-04 189200933	  12      55.00      60.00  1.086633980241576E-02  1.968999302129581E-04 189200933	  12      55.00      60.00  1.015564355477692E-02  1.780004737253108E-04 189200933
  13      60.00      65.00  1.014093327199928E-02  1.879240513367831E-04 192178393	  13      60.00      65.00  1.014093327199928E-02  1.879240513367831E-04 192178393	  13      60.00      65.00  9.524656680444957E-03  1.713044809030860E-04 192178393	  13      60.00      65.00  9.524656680444957E-03  1.713044809030860E-04 192178393	  13      60.00      65.00  1.083278941573847E-02  2.080874475184349E-04 192178393	  13      60.00      65.00  1.083278941573847E-02  2.080874475184349E-04 192178393	  13      60.00      65.00  1.014093327199928E-02  1.879240513367831E-04 192178393
  14      65.00      70.00  1.037331354422112E-02  2.334271637928939E-04 193772142	  14      65.00      70.00  1.037331354422112E-02  2.334271637928939E-04 193772142	  14      65.00      70.00  9.724165728824044E-03  2.150130834870847E-04 193772142	  14      65.00      70.00  9.724165728824044E-03  2.150130834870847E-04 193772142	  14      65.00      70.00  1.110728044121450E-02  2.551619552749121E-04 193772142	  14      65.00      70.00  1.110728044121450E-02  2.551619552749121E-04 193772142	  14      65.00      70.00  1.037331354422112E-02  2.334271637928939E-04 193772142
  15      70.00      75.00  1.023130384136669E-02  1.867639337774179E-04 194244157	  15      70.00      75.00  1.023130384136669E-02  1.867639337774179E-04 194244157	  15      70.00      75.00  9.584857313460850E-03  1.707387291657794E-04 194244157	  15      70.00      75.00  9.584857313460850E-03  1.707387291657794E-04 194244157	  15      70.00      75.00  1.096287600951343E-02  2.061257914085475E-04 194244157	  15      70.00      75.00  1.096287600951343E-02  2.061257914085475E-04 194244157	  15      70.00      75.00  1.023130384136669E-02  1.867639337774179E-04 194244157
  16      75.00      80.00  1.054854221190676E-02  1.981430891917491E-04 193657836	  16      75.00      80.00  1.054854221190676E-02  1.981430891917491E-04 193657836	  16      75.00      80.00  9.856686857441597E-03  1.806657241903242E-04 193657836	  16      75.00      80.00  9.856686857441597E-03  1.806657241903242E-04 193657836	  16      75.00      80.00  1.133802643910864E-02  2.193596766591819E-04 193657836	  16      75.00      80.00  1.133802643910864E-02  2.193596766591819E-04 193657836	  16      75.00      80.00  1.054854221190676E-02  1.981430891917491E-04 193657836
  17      80.00      85.00  9.951775829323209E-03  2.437016693194808E-04 192115233	  17      80.00      85.00  9.951775829323209E-03  2.437016693194808E-04 192115233	  17      80.00      85.00  9.296428835620301E-03  2.211693252234159E-04 192115233	  17      80.00      85.00  9.296428835620301E-03  2.211693252234159E-04 192115233	  17      80.00      85.00  1.069995809279541E-02  2.708978293267412E-04 192115233	  17      80.00      85.00  1.069995809279541E-02  2.708978293267412E-04 192115233	  17      80.00      85.00  9.951775829323209E-03  2.437016693194808E-04 192115233
  18      85.00      90.00  9.530638583098947E-03  1.749353052899975E-04 189715580	  18      85.00      90.00  9.530638583098947E-03  1.749353052899975E-04 189715580	  18      85.00      90.00  8.901977816562694E-03  1.599527584403882E-04 189715580	  18      85.00      90.00  8.901977816562694E-03  1.599527584403882E-04 189715580	  18      85.00      90.00  1.024841061130144E-02  1.929608758341322E-04 189715580	  18      85.00      90.00  1.024841061130144E-02  1.929608758341322E-04 189715580	  18      85.00      90.00  9.530638583098947E-03  1.749353052899975E-04 189715580
  19      90.00      95.00  8.999479378797194E-03  1.883543854198104E-04 186564367	  19      90.00      95.00  8.999479378797194E-03  1.883543854198104E-04 186564367	  19      90.00      95.00  8.388828392973313E-03  1.718686390105949E-04 186564367	  19      90.00      95.00  8.388828392973313E-03  1.718686390105949E-04 186564367	  19      90.00      95.00  9.700503515502751E-03  2.081977579826505E-04 186564367	  19      90.00      95.00  9.700503515502751E-03  2.081977579826505E-04 186564367	  19      90.00      95.00  8.999479378797194E-03  1.883543854198104E-04 186564367
  20      95.00     100.00  8.816937910920622E-03  1.741541922478018E-04 182761408	  20      95.00     100.00  8.816937910920622E-03  1.741541922478018E-04 182761408	  20      95.00     100.00  8.211211869109832E-03  1.591273317439316E-04 182761408	  20      95.00     100.00  8.211211869109832E-03  1.591273317439316E-04 182761408	  20      95.00     100.00  9.513537912993522E-03  1.922546454950537E-04 182761408	  20      95.00     100.00  9.513537912993522E-03  1.922546454950537E-04 182761408	  20      95.00     100.00  8.816937910920622E-03  1.741541922478018E-04 182761408
  21     100.00     105.00  8.225729513935780E-03  1.888687378031841E-04 178387248	  21     100.00     105.00  8.225729513935780E-03  1.888687378031841E-04 178387248	  21     100.00     105.00  7.653354378657239E-03  1.728750583875011E-04 178387248	  21     100.00     105.00  7.653354378657239E-03  1.728750583875011E-04 178387248	  21     100.00     105.00  8.886456425527997E-03  2.080598797789089E-04 178387248	  21     100.00     105.00  8.886456425527997E-03  2.080598797789089E-04 178387248	  21     100.00     105.00  8.225729513935780E-03  1.888687378031841E-04 178387248
  22     105.00     110.00  8.179687294377439E-03  2.138902640761224E-04 173528867	  22     105.00     110.00  8.179687294377439E-03  2.138902640761224E-04 173528867	  22     105.00     110.00  7.597648185001963E-03  1.939364660645662E-04 173528867	  22     105.00     110.00  7.597648185001963E-03  1.939364660645662E-04 173528867	  22     105.00     110.00  8.853613204218413E-03  2.380975095925207E-04 173528867	  22     105.00     110.00  8.853613204218413E-03  2.380975095925207E-04 173528867	  22     105.00     110.00  8.179687294377439E-03  2.138902640761224E-04 173528867
  23     110.00     115.00  7.314660883939127E-03  1.481703911457631E-04 168284623	  23     110.00     115.00  7.314660883939127E-03  1.481703911457631E-04 168284623	  23     110.00     115.00  6.796775634942132E-03  1.351310745930482E-04 168284623	  23     110.00     115.00  6.796775634942132E-03  1.351310745930482E-04 168284623	  23     110.00     115.00  7.914215867800677E-03  1.640404051915386E-04 168284623	  23     110.00     115.00  7.914215867800677E-03  1.640404051915386E-04 168284623	  23     110.00     115.00  7.314660883939127E-03  1.481703911457631E-04 168284623
  24     115.00     120.00  6.743956487199159E-03  1.604520053529416E-04 162682319	  24     115.00     120.00  6.743956487199159E-03  1.604520053529416E-04 162682319	  24     115.00     120.00  6.248936757562669E-03  1.445869604313657E-04 162682319	  24     115.00     120.00  6.248936757562669E-03  1.445869604313657E-04 162682319	  24     115.00     120.00  7.320793281310653E-03  1.801191039369409E-04 162682319	  24     115.00     120.00  7.320793281310653E-03  1.801191039369409E-04 162682319	  24     115.00     120.00  6.743956487199159E-03  1.604520053529416E-04 162682319
  25     120.00     125.00  6.271730535991276E-03  1.578936322894110E-04 156781021	  25     120.00     125.00  6.271730535991276E-03  1.578936322894110E-04 156781021	  25     120.00     125.00  5.818696749691829E-03  1.432871514114442E-04 156781021	  25     120.00     125.00  5.818696749691829E-03  1.432871514114442E-04 156781021	  25     120.00     125.00  6.797963433270944E-03  1.757717821860707E-04 156781021	  25     120.00     125.00  6.797963433270944E-03  1.757717821860707E-04 156781021	  25     120.00     125.00  6.271730535991276E-03  1.578936322894110E-04 156781021
  26     125.00     130.00  5.729860154881943E-03  1.526509964898669E-04 150621067	  26     125.00     130.00  5.729860154881943E-03  1.526509964898669E-04 150621067	  26     125.00     130.00  5.312057604296355E-03  1.385931998272153E-04 150621067	  26     125.00     130.00  5.312057604296355E-03  1.385931998272153E-04 150621067	  26     125.00     130.00  6.214702425821747E-03  1.696883554846822E-04 150621067	  26     125.00     130.00  6.214702425821747E-03  1.696883554846822E-04 150621067	  26     125.00     130.00  5.729860154881943E-03  1.526509964898669E-04 150621067
  27     130.00     135.00  5.342391526434230E-03  1.386187761266249E-04 144278355	  27     130.00     135.00  5.342391526434230E-03  1.386187761266249E-04 144278355	  27     130.00     135.00  4.946809339704851E-03  1.257618989609009E-04 144278355	  27     130.00     135.00  4.946809339704851E-03  1.257618989609009E-04 144278355	  27     130.00     135.00  5.802623990391323E-03  1.542442843812444E-04 144278355	  27     130.00     135.00  5.802623990391323E-03  1.542442843812444E-04 144278355	  27     130.00     135.00  5.342391526434230E-03  1.386187761266249E-04 144278355
  28     135.00     140.00  4.839736804534854E-03  1.278994121922517E-04 137885878	  28     135.00     140.00  4.839736804534854E-03  1.278994121922517E-04 137885878	  28     135.00     140.00  4.479077408468871E-03  1.159172907951107E-04 137885878	  28     135.00     140.00  4.479077408468871E-03  1.159172907951107E-04 137885878	  28     135.00     140.00  5.260242438928522E-03  1.424730203943115E-04 137885878	  28     135.00     140.00  5.260242438928522E-03  1.424730203943115E-04 137885878	  28     135.00     140.00  4.839736804534854E-03  1.278994121922517E-04 137885878
  29     140.00     145.00  4.697407323568254E-03  1.625518363558241E-04 131704316	  29     140.00     145.00  4.697407323568254E-03  1.625518363558241E-04 131704316	  29     140.00     145.00  4.334371488607768E-03  1.469422504710024E-04 131704316	  29     140.00     145.00  4.334371488607768E-03  1.469422504710024E-04 131704316	  29     140.00     145.00  5.122803963931452E-03  1.815028838428606E-04 131704316	  29     140.00     145.00  5.122803963931452E-03  1.815028838428606E-04 131704316	  29     140.00     145.00  4.697407323568254E-03  1.625518363558241E-04 131704316
  30     145.00     150.00  4.037631337638989E-03  1.089597311109019E-04 125771751	  30     145.00     150.00  4.037631337638989E-03  1.089597311109019E-04 125771751	  30     145.00     150.00  3.727027516067662E-03  9.862991852013988E-05 125771751	  30     145.00     150.00  3.727027516067662E-03  9.862991852013988E-05 125771751	  30     145.00     150.00  4.401325538048896E-03  1.215681428379780E-04 125771751	  30     145.00     150.00  4.401325538048896E-03  1.215681428379780E-04 125771751	  30     145.00     150.00  4.037631337638989E-03  1.089597311109019E-04 125771751
  31     150.00     155.00  3.831021738799959E-03  1.280455474425785E-04 120084315	  31     150.00     155.00  3.831021738799959E-03  1.280455474425785E-04 120084315	  31     150.00     155.00  3.536600352593988E-03  1.168923446149606E-04 120084315	  31     150.00     155.00  3.536600352593988E-03  1.168923446149606E-04 120084315	  31     150.00     155.00  4.175457970457420E-03  1.414156732607414E-04 120084315	  31     150.00     155.00  4.175457970457420E-03  1.414156732607414E-04 120084315	  31     150.00     155.00  3.831021738799959E-03  1.280455474425785E-04 120084315
  32     155.00     160.00  3.409578385902056E-03  1.043541239632924E-04 114637144	  32     155.00     160.00  3.409578385902056E-03  1.043541239632924E-04 114637144	  32     155.00     160.00  3.146138319262138E-03  9.452230026586104E-05 114637144	  32     155.00     160.00  3.146138319262138E-03  9.452230026586104E-05 114637144	  32     155.00     160.00  3.717905293833657E-03  1.163459017985368E-04 114637144	  32     155.00     160.00  3.717905293833657E-03  1.163459017985368E-04 114637144	  32     155.00     160.00  3.409578385902056E-03  1.043541239632924E-04 114637144
  33     160.00     165.00  3.225468799522411E-03  9.182708000936056E-05 109443583	  33     160.00     165.00  3.225468799522411E-03  9.182708000936056E-05 109443583	  33     160.00     165.00  2.973685613737596E-03  8.369840081836665E-05 109443583	  33     160.00     165.00  2.973685613737596E-03  8.369840081836665E-05 109443583	  33     160.00     165.00  3.520970060287671E-03  1.016774517541918E-04 109443583	  33     160.00     165.00  3.520970060287671E-03  1.016774517541918E-04 109443583	  33     160.00     165.00  3.225468799522411E-03  9.182708000936056E-05 109443583
  34     165.00     170.00  3.178985826823261E-03  1.163290270964903E-04 104490550	  34     165.00     170.00  3.178985826823261E-03  1.163290270964903E-04 104490550	  34     165.00     170.00  2.924869420957866E-03  1.057743539029336E-04 104490550	  34     165.00     170.00  2.924869420957866E-03  1.057743539029336E-04 104490550	  34     165.00     170.00  3.478248812687419E-03  1.291986266558120E-04 104490550	  34     165.00     170.00  3.478248812687419E-03  1.291986266558120E-04 104490550	  34     165.00     170.00  3.178985826823261E-03  1.163290270964903E-04 104490550
  35     170.00     175.00  2.965749987144621E-03  1.210360638802841E-04 99757330	  35     170.00     175.00  2.965749987144621E-03  1.210360638802841E-04 99757330	  35     170.00     175.00  2.730715768651261E-03  1.097344592055890E-04 99757330	  35     170.00     175.00  2.730715768651261E-03  1.097344592055890E-04 99757330	  35     170.00     175.00  3.242002514704656E-03  1.348074143161712E-04 99757330	  35     170.00     175.00  3.242002514704656E-03  1.348074143161712E-04 99757330	  35     170.00     175.00  2.965749987144621E-03  1.210360638802841E-04 99757330
  36     175.00     180.00  2.668997515918122E-03  9.701436746829752E-05 95242074	  36     175.00     180.00  2.668997515918122E-03  9.701436746829752E-05 95242074	  36     175.00     180.00  2.451285437809254E-03  8.830307275793565E-05 95242074	  36     175.00     180.00  2.451285437809254E-03  8.830307275793565E-05 95242074	  36     175.00     180.00  2.925861840773558E-03  1.076158054929006E-04 95242074	  36     175.00     180.00  2.925861840773558E-03  1.076158054929006E-04 95242074	  36     175.00     180.00  2.668997515918122E-03  9.701436746829752E-05 95242074
  37     180.00     185.00  2.139580419469440E-03  8.625617952231902E-05 90928945	  37     180.00     185.00  2.139580419469440E-03  8.625617952231902E-05 90928945	  37     180.00     185.00  1.970928542603082E-03  7.799742282317985E-05 90928945	  37     180.00     185.00  1.970928542603082E-03  7.799742282317985E-05 90928945	  37     180.00     185.00  2.337658752864599E-03  9.633654629928555E-05 90928945	  37     180.00     185.00  2.337658752864599E-03  9.633654629928555E-05 90928945	  37     180.00     185.00  2.139580419469440E-03  8.625617952231902E-05 90928945
  38     185.00     190.00  2.242186331379698E-03  1.254518757687722E-04 86845264	  38     185.00     190.00  2.242186331379698E-03  1.254518757687722E-04 86845264	  38     185.00     190.00  2.051292372603280E-03  1.111908510882425E-04 86845264	  38     185.00     190.00  2.051292372603280E-03  1.111908510882425E-04 86845264	  38     185.00     190.00  2.468494420218519E-03  1.431866221466695E-04 86845264	  38     185.00     190.00  2.468494420218519E-03  1.431866221466695E-04 86845264	  38     185.00     190.00  2.242186331379698E-03  1.254518757687722E-04 86845264
  39     190.00     195.00  2.083032302409673E-03  9.702492717924436E-05 82911972	  39     190.00     195.00  2.083032302409673E-03  9.702492717924436E-05 82911972	  39     190.00     195.00  1.917935780737848E-03  8.815112098808942E-05 82911972	  39     190.00     195.00  1.917935780737848E-03  8.815112098808942E-05 82911972	  39     190.00     195.00  2.276473995542796E-03  1.077744126838328E-04 82911972	  39     190.00     195.00  2.276473995542796E-03  1.077744126838328E-04 82911972	  39     190.00     195.00  2.083032302409673E-03  9.702492717924436E-05 82911972
  40     195.00     200.00  1.832301380434147E-03  6.826002274650710E-05 79147305	  40     195.00     200.00  1.832301380434147E-03  6.826002274650710E-05 79147305	  40     195.00     200.00  1.678884665798784E-03  6.138092392668753E-05 79147305	  40     195.00     200.00  1.678884665798784E-03  6.138092392668753E-05 79147305	  40     195.00     200.00  2.013835254894453E-03  7.669901519718272E-05 79147305	  40     195.00     200.00  2.013835254894453E-03  7.669901519718272E-05 79147305	  40     195.00     200.00  1.832301380434147E-03  6.826002274650710E-05 79147305
  41     200.00     205.00  1.629245567743898E-03  7.865259192365043E-05 75598386	  41     200.00     205.00  1.629245567743898E-03  7.865259192365043E-05 75598386	  41     200.00     205.00  1.492633961470868E-03  7.134613014716586E-05 75598386	  41     200.00     205.00  1.492633961470868E-03  7.134613014716586E-05 75598386	  41     200.00     205.00  1.790666574804908E-03  8.742079460951325E-05 75598386	  41     200.00     205.00  1.790666574804908E-03  8.742079460951325E-05 75598386	  41     200.00     205.00  1.629245567743898E-03  7.865259192365043E-05 75598386
  42     205.00     210.00  1.533464249245035E-03  8.046986904780684E-05 72176747	  42     205.00     210.00  1.533464249245035E-03  8.046986904780684E-05 72176747	  42     205.00     210.00  1.409304511139259E-03  7.302134260084048E-05 72176747	  42     205.00     210.00  1.409304511139259E-03  7.302134260084048E-05 72176747	  42     205.00     210.00  1.679599918001526E-03  8.945128059463166E-05 72176747	  42     205.00     210.00  1.679599918001526E-03  8.945128059463166E-05 72176747	  42     205.00     210.00  1.533464249245035E-03  8.046986904780684E-05 72176747
  43     210.00     215.00  1.548975869979028E-03  8.379557087831738E-05 68912571	  43     210.00     215.00  1.548975869979028E-03  8.379557087831738E-05 68912571	  43     210.00     215.00  1.422955457807310E-03  7.625223351075037E-05 68912571	  43     210.00     215.00  1.422955457807310E-03  7.625223351075037E-05 68912571	  43     210.00     215.00  1.696950685017319E-03  9.283624650957822E-05 68912571	  43     210.00     215.00  1.696950685017319E-03  9.283624650957822E-05 68912571	  43     210.00     215.00  1.548975869979028E-03  8.379557087831738E-05 68912571
  44     215.00     220.00  1.315637706405773E-03  6.378391630004635E-05 65795863	  44     215.00     220.00  1.315637706405773E-03  6.378391630004635E-05 65795863	  44     215.00     220.00  1.205315174970249E-03  5.795674609844370E-05 65795863	  44     215.00     220.00  1.205315174970249E-03  5.795674609844370E-05 65795863	  44     215.00     220.00  1.446034213840019E-03  7.086183463192730E-05 65795863	  44     215.00     220.00  1.446034213840019E-03  7.086183463192730E-05 65795863	  44     215.00     220.00  1.315637706405773E-03  6.378391630004635E-05 65795863
  45     220.00     225.00  1.251886767109838E-03  5.810046011963240E-05 62832200	  45     220.00     225.00  1.251886767109838E-03  5.810046011963240E-05 62832200	  45     220.00     225.00  1.144879743404393E-03  5.264286105437892E-05 62832200	  45     220.00     225.00  1.144879743404393E-03  5.264286105437892E-05 62832200	  45     220.00     225.00  1.378714422454041E-03  6.467376241221017E-05 62832200	  45     220.00     225.00  1.378714422454041E-03  6.467376241221017E-05 62832200	  45     220.00     225.00  1.251886767109838E-03  5.810046011963240E-05 62832200
  46     225.00     230.00  1.209749271922973E-03  6.146829680879217E-05 59983523	  46     225.00     230.00  1.209749271922973E-03  6.146829680879217E-05 59983523	  46     225.00     230.00  1.102972299000480E-03  5.554641006687796E-05 59983523	  46     225.00     230.00  1.102972299000480E-03  5.554641006687796E-05 59983523	  46     225.00     230.00  1.336868466432029E-03  6.869517202267637E-05 59983523	  46     225.00     230.00  1.336868466432029E-03  6.869517202267637E-05 59983523	  46     225.00     230.00  1.209749271922973E-03  6.146829680879217E-05 59983523
  47     230.00     235.00  9.705699299810827E-04  4.897457595176237E-05 57242404	  47     230.00     235.00  9.705699299810827E-04  4.897457595176237E-05 57242404	  47     230.00     235.00  8.872259931459993E-04  4.417461448113729E-05 57242404	  47     230.00     235.00  8.872259931459993E-04  4.417461448113729E-05 57242404	  47     230.00     235.00  1.069287205544570E-03  5.482367807734011E-05 57242404	  47     230.00     235.00  1.069287205544570E-03  5.482367807734011E-05 57242404	  47     230.00     235.00  9.705699299810827E-04  4.897457595176237E-05 57242404
  48     235.00     240.00  1.040218930822398E-03  5.472128162727323E-05 54666308	  48     235.00     240.00  1.040218930822398E-03  5.472128162727323E-05 54666308	  48     235.00     240.00  9.501365196121489E-04  4.953187266303885E-05 54666308	  48     235.00     240.00  9.501365196121489E-04  4.953187266303885E-05 54666308	  48     235.00     240.00  1.147161750481353E-03  6.107332038800377E-05 54666308	  48     235.00     240.00  1.147161750481353E-03  6.107332038800377E-05 54666308	  48     235.00     240.00  1.040218930822398E-03  5.472128162727323E-05 54666308
  49     240.00     245.00  9.247803940063702E-04  5.021987206851706E-05 52174343	  49     240.00     245.00  9.247803940063702E-04  5.021987206851706E-05 52174343	  49     240.00     245.00  8.432179590729534E-04  4.540778924724973E-05 52174343	  49     240.00     245.00  8.432179590729534E-04  4.540778924724973E-05 52174343	  49     240.00     245.00  1.021859211868308E-03  5.607232847536852E-05 52174343	  49     240.00     245.00  1.021859211868308E-03  5.607232847536852E-05 52174343	  49     240.00     245.00  9.247803940063702E-04  5.021987206851706E-05 52174343
  50     245.00     250.00  8.406860367535920E-04  4.477008929982734E-05 49802624	  50     245.00     250.00  8.406860367535920E-04  4.477008929982734E-05 49802624	  50     245.00     250.00  7.679338285417673E-04  4.042388900708124E-05 49802624	  50     245.00     250.00  7.679338285417673E-04  4.042388900708124E-05 49802624	  50     245.00     250.00  9.269152882129245E-04  5.006206083491689E-05 49802624	  50     245.00     250.00  9.269152882129245E-04  5.006206083491689E-05 49802624	  50     245.00     250.00  8.406860367535920E-04  4.477008929982734E-05 49802624
  51     250.00     255.00  7.682283146569174E-04  4.119959573434091E-05 47551194	  51     250.00     255.00  7.682283146569174E-04  4.119959573434091E-05 47551194	  51     250.00     255.00  7.021528023292003E-04  3.720122915890273E-05 47551194	  51     250.00     255.00  7.021528023292003E-04  3.720122915890273E-05 47551194	  51     250.00     255.00  8.463911823672906E-04  4.607084424351088E-05 47551194	  51     250.00     255.00  8.463911823672906E-04  4.607084424351088E-05 47551194	  51     250.00     255.00  7.682283146569174E-04  4.119959573434091E-05 47551194
  52     255.00     260.00  7.920578172167516E-04  5.666665307854182E-05 45412717	  52     255.00     260.00  7.920578172167516E-04  5.666665307854182E-05 45412717	  52     255.00     260.00  7.221569908491949E-04  5.205890859572303E-05 45412717	  52     255.00     260.00  7.221569908491949E-04  5.205890859572303E-05 45412717	  52     255.00     260.00  8.750862729144496E-04  6.211481117512458E-05 45412717	  52     255.00     260.00  8.750862729144496E-04  6.211481117512458E-05 45412717	  52     255.00     260.00  7.920578172167516E-04  5.666665307854182E-05 45412717
  53     260.00     265.00  6.432959572986167E-04  4.198253225376655E-05 43399751	  53     260.00     265.00  6.432959572986167E-04  4.198253225376655E-05 43399751	  53     260.00     265.00  5.864354371235562E-04  3.792705123778849E-05 43399751	  53     260.00     265.00  5.864354371235562E-04  3.792705123778849E-05 43399751	  53     260.00     265.00  7.108691375093428E-04  4.692113663528977E-05 43399751	  53     260.00     265.00  7.108691375093428E-04  4.692113663528977E-05 43399751	  53     260.00     265.00  6.432959572986167E-04  4.198253225376655E-05 43399751
  54     265.00     270.00  6.584429361633022E-04  4.404621873631298E-05 41486310	  54     265.00     270.00  6.584429361633022E-04  4.404621873631298E-05 41486310	  54     265.00     270.00  5.990340490359155E-04  3.979356152169234E-05 41486310	  54     265.00     270.00  5.990340490359155E-04  3.979356152169234E-05 41486310	  54     265.00     270.00  7.294102986670854E-04  4.925654323756382E-05 41486310	  54     265.00     270.00  7.294102986670854E-04  4.925654323756382E-05 41486310	  54     265.00     270.00  6.584429361633022E-04  4.404621873631298E-05 41486310
  55     270.00     275.00  5.748913433830047E-04  4.339823133240219E-05 39675458	  55     270.00     275.00  5.748913433830047E-04  4.339823133240219E-05 39675458	  55     270.00     275.00  5.249057804212926E-04  3.860906082794633E-05 39675458	  55     270.00     275.00  5.249057804212926E-04  3.860906082794633E-05 39675458	  55     270.00     275.00  6.341126126463292E-04  4.937500626793882E-05 39675458	  55     270.00     275.00  6.341126126463292E-04  4.937500626793882E-05 39675458	  55     270.00     275.00  5.748913433830047E-04  4.339823133240219E-05 39675458
  56     275.00     280.00  5.635987306833519E-04  5.022757775559509E-05 37964511	  56     275.00     280.00  5.635987306833519E-04  5.022757775559509E-05 37964511	  56     275.00     280.00  5.121379087783912E-04  4.556492102931853E-05 37964511	  56     275.00     280.00  5.121379087783912E-04  4.556492102931853E-05 37964511	  56     275.00     280.00  6.250470876736999E-04  5.582079375301732E-05 37964511	  56     275.00     280.00  6.250470876736999E-04  5.582079375301732E-05 37964511	  56     275.00     280.00  5.635987306833519E-04  5.022757775559509E-05 37964511
  57     280.00     285.00  5.036840458149468E-04  3.702800079322072E-05 36334916	  57     280.00     285.00  5.036840458149468E-04  3.702800079322072E-05 36334916	  57     280.00     285.00  4.579805893165246E-04  3.313782804688901E-05 36334916	  57     280.00     285.00  4.579805893165246E-04  3.313782804688901E-05 36334916	  57     280.00     285.00  5.581243960964945E-04  4.182233466906252E-05 36334916	  57     280.00     285.00  5.581243960964945E-04  4.182233466906252E-05 36334916	  57     280.00     285.00  5.036840458149468E-04  3.702800079322072E-05 36334916
  58     285.00     290.00  4.574754295177552E-04  3.535071698245425E-05 34811824	  58     285.00     290.00  4.574754295177552E-04  3.535071698245425E-05 34811824	  58     285.00     290.00  4.165336688982334E-04  3.208271605849975E-05 34811824	  58     285.00     290.00  4.165336688982334E-04  3.208271605849975E-05 34811824	  58     285.00     290.00  5.062962043336784E-04  3.928805368677284E-05 34811824	  58     285.00     290.00  5.062962043336784E-04  3.928805368677284E-05 34811824	  58     285.00     290.00  4.574754295177552E-04  3.535071698245425E-05 34811824
  59     290.00     295.00  4.769224746870077E-04  6.356073878785554E-05 33355967	  59     290.00     295.00  4.769224746870077E-04  6.356073878785554E-05 33355967	  59     290.00     295.00  4.318176888967791E-04  5.561827079071987E-05 33355967	  59     290.00     295.00  4.318176888967791E-04  5.561827079071987E-05 33355967	  59     290.00     295.00  5.310861992643661E-04  7.355149513963280E-05 33355967	  59     290.00     295.00  5.310861992643661E-04  7.355149513963280E-05 33355967	  59     290.00     295.00  4.769224746870077E-04  6.356073878785554E-05 33355967
  60     295.00     300.00  4.103160484227444E-04  3.275315131441182E-05 31976511	  60     295.00     300.00  4.103160484227444E-04  3.275315131441182E-05 31976511	  60     295.00     300.00  3.734964397696554E-04  2.946789075583478E-05 31976511	  60     295.00     300.00  3.734964397696554E-04  2.946789075583478E-05 31976511	  60     295.00     300.00  4.541649427729303E-04  3.673842860869549E-05 31976511	  60     295.00     300.00  4.541649427729303E-04  3.673842860869549E-05 31976511	  60     295.00     300.00  4.103160484227444E-04  3.275315131441182E-05 31976511
  61     300.00     305.00  3.957016299690089E-04  2.768152695113957E-05 30667027	  61     300.00     305.00  3.957016299690089E-04  2.768152695113957E-05 30667027	  61     300.00     305.00  3.590028647225412E-04  2.508825644065459E-05 30667027	  61     300.00     305.00  3.590028647225412E-04  2.508825644065459E-05 30667027	  61     300.00     305.00  4.395695278602910E-04  3.080321847697958E-05 30667027	  61     300.00     305.00  4.395695278602910E-04  3.080321847697958E-05 30667027	  61     300.00     305.00  3.957016299690089E-04  2.768152695113957E-05 30667027
  62     305.00     310.00  3.484431777414987E-04  3.023289361221374E-05 29420970	  62     305.00     310.00  3.484431777414987E-04  3.023289361221374E-05 29420970	  62     305.00     310.00  3.168814799500938E-04  2.734812970473919E-05 29420970	  62     305.00     310.00  3.168814799500938E-04  2.734812970473919E-05 29420970	  62     305.00     310.00  3.860226839051419E-04  3.368334072694072E-05 29420970	  62     305.00     310.00  3.860226839051419E-04  3.368334072694072E-05 29420970	  62     305.00     310.00  3.484431777414987E-04  3.023289361221374E-05 29420970
  63     310.00     315.00  3.156530440169396E-04  2.456968932151919E-05 28246349	  63     310.00     315.00  3.156530440169396E-04  2.456968932151919E-05 28246349	  63     310.00     315.00  2.868803840352697E-04  2.217604437635555E-05 28246349	  63     310.00     315.00  2.868803840352697E-04  2.217604437635555E-05 28246349	  63     310.00     315.00  3.500100301013787E-04  2.747746232798195E-05 28246349	  63     310.00     315.00  3.500100301013787E-04  2.747746232798195E-05 28246349	  63     310.00     315.00  3.156530440169396E-04  2.456968932151919E-05 28246349
  64     315.00     320.00  3.300169123536917E-04  2.489838092314856E-05 27111126	  64     315.00     320.00  3.300169123536917E-04  2.489838092314856E-05 27111126	  64     315.00     320.00  3.004153098097717E-04  2.255074627376576E-05 27111126	  64     315.00     320.00  3.004153098097717E-04  2.255074627376576E-05 27111126	  64     315.00     320.00  3.651806623407327E-04  2.771819417723937E-05 27111126	  64     315.00     320.00  3.651806623407327E-04  2.771819417723937E-05 27111126	  64     315.00     320.00  3.300169123536917E-04  2.489838092314856E-05 27111126
  65     320.00     325.00  2.795301362385223E-04  2.532922390679853E-05 26041062	  65     320.00     325.00  2.795301362385223E-04  2.532922390679853E-05 26041062	  65     320.00     325.00  2.536558229369161E-04  2.289725882276339E-05 26041062	  65     320.00     325.00  2.536558229369161E-04  2.289725882276339E-05 26041062	  65     320.00     325.00  3.104229189390817E-04  2.828164687212657E-05 26041062	  65     320.00     325.00  3.104229189390817E-04  2.828164687212657E-05 26041062	  65     320.00     325.00  2.795301362385223E-04  2.532922390679853E-05 26041062
  66     325.00     330.00  2.644167832028421E-04  2.474654900522219E-05 25020676	  66     325.00     330.00  2.644167832028421E-04  2.474654900522219E-05 25020676	  66     325.00     330.00  2.395009797167047E-04  2.240413850728096E-05 25020676	  66     325.00     330.00  2.395009797167047E-04  2.240413850728096E-05 25020676	  66     325.00     330.00  2.941973333138139E-04  2.754856697600616E-05 25020676	  66     325.00     330.00  2.941973333138139E-04  2.754856697600616E-05 25020676	  66     325.00     330.00  2.644167832028421E-04  2.474654900522219E-05 25020676
  67     330.00     335.00  2.126555131403997E-04  1.817820539116001E-05 24060928	  67     330.00     335.00  2.126555131403997E-04  1.817820539116001E-05 24060928	  67     330.00     335.00  1.927516446441301E-04  1.646275487455086E-05 24060928	  67     330.00     335.00  1.927516446441301E-04  1.646275487455086E-05 24060928	  67     330.00     335.00  2.365449510446108E-04  2.024890123440042E-05 24060928	  67     330.00     335.00  2.365449510446108E-04  2.024890123440042E-05 24060928	  67     330.00     335.00  2.126555131403997E-04  1.817820539116001E-05 24060928
  68     335.00     340.00  2.959678887958165E-04  3.833508538607829E-05 23142414	  68     335.00     340.00  2.959678887958165E-04  3.833508538607829E-05 23142414	  68     335.00     340.00  2.682375196918959E-04  3.488059199483777E-05 23142414	  68     335.00     340.00  2.682375196918959E-04  3.488059199483777E-05 23142414	  68     335.00     340.00  3.291438325365397E-04  4.250551706949168E-05 23142414	  68     335.00     340.00  3.291438325365397E-04  4.250551706949168E-05 23142414	  68     335.00     340.00  2.959678887958165E-04  3.833508538607829E-05 23142414
  69     340.00     345.00  1.805573294329221E-04  2.143599700722429E-05 22260303	  69     340.00     345.00  1.805573294329221E-04  2.143599700722429E-05 22260303	  69     340.00     345.00  1.643569912313667E-04  1.930275813231035E-05 22260303	  69     340.00     345.00  1.643569912313667E-04  1.930275813231035E-05 22260303	  69     340.00     345.00  1.997735011353538E-04  2.401331814506127E-05 22260303	  69     340.00     345.00  1.997735011353538E-04  2.401331814506127E-05 22260303	  69     340.00     345.00  1.805573294329221E-04  2.143599700722429E-05 22260303
  70     345.00     350.00  2.399459646833020E-04  3.022881207161557E-05 21414416	  70     345.00     350.00  2.399459646833020E-04  3.022881207161557E-05 21414416	  70     345.00     350.00  2.167075399802202E-04  2.682165312569228E-05 21414416	  70     345.00     350.00  2.167075399802202E-04  2.682165312569228E-05 21414416	  70     345.00     350.00  2.677951034372864E-04  3.438993209846950E-05 21414416	  70     345.00     350.00  2.677951034372864E-04  3.438993209846950E-05 21414416	  70     345.00     350.00  2.399459646833020E-04  3.022881207161557E-05 21414416
  71     350.00     355.00  1.594662059148084E-04  2.332465423053182E-05 20616708	  71     350.00     355.00  1.594662059148084E-04  2.332465423053182E-05 20616708	  71     350.00     355.00  1.445858151616819E-04  2.081742338291280E-05 20616708	  71     350.00     355.00  1.445858151616819E-04  2.081742338291280E-05 20616708	  71     350.00     355.00  1.772760276516428E-04  2.636897422974997E-05 20616708	  71     350.00     355.00  1.772760276516428E-04  2.636897422974997E-05 20616708	  71     350.00     355.00  1.594662059148084E-04  2.332465423053182E-05 20616708
  72     355.00     360.00  2.082155956035211E-04  1.981039942371274E-05 19859157	  72     355.00     360.00  2.082155956035211E-04  1.981039942371274E-05 19859157	  72     355.00     360.00  1.890027180585099E-04  1.812674387300069E-05 19859157	  72     355.00     360.00  1.890027180585099E-04  1.812674387300069E-05 19859157	  72     355.00     360.00  2.311229204578014E-04  2.181714738060491E-05 19859157	  72     355.00     360.00  2.311229204578014E-04  2.181714738060491E-05 19859157	  72     355.00     360.00  2.082155956035211E-04  1.981039942371274E-05 19859157
  73     360.00     365.00  1.560284143984905E-04  1.527724580666492E-05 19136299	  73     360.00     365.00  1.560284143984905E-04  1.527724580666492E-05 19136299	  73     360.00     365.00  1.410516674026279E-04  1.375668009211404E-05 19136299	  73     360.00     365.00  1.410516674026279E-04  1.375668009211404E-05 19136299	  73     360.00     365.00  1.740000521053095E-04  1.711741613880119E-05 19136299	  73     360.00     365.00  1.740000521053095E-04  1.711741613880119E-05 19136299	  73     360.00     365.00  1.560284143984905E-04  1.527724580666492E-05 19136299
  74     365.00     370.00  1.834516052890566E-04  1.926796626528650E-05 18437933	  74     365.00     370.00  1.834516052890566E-04  1.926796626528650E-05 18437933	  74     365.00     370.00  1.655590146439703E-04  1.734832956442965E-05 18437933	  74     365.00     370.00  1.655590146439703E-04  1.734832956442965E-05 18437933	  74     365.00     370.00  2.049740157186462E-04  2.160651030703727E-05 18437933	  74     365.00     370.00  2.049740157186462E-04  2.160651030703727E-05 18437933	  74     365.00     370.00  1.834516052890566E-04  1.926796626528650E-05 18437933
  75     370.00     375.00  1.355977904472922E-04  1.752429965496005E-05 17777650	  75     370.00     375.00  1.355977904472922E-04  1.752429965496005E-05 17777650	  75     370.00     375.00  1.231931162768350E-04  1.589095710037012E-05 17777650	  75     370.00     375.00  1.231931162768350E-04  1.589095710037012E-05 17777650	  75     370.00     375.00  1.503403679835056E-04  1.948429831140486E-05 17777650	  75     370.00     375.00  1.503403679835056E-04  1.948429831140486E-05 17777650	  75     370.00     375.00  1.355977904472922E-04  1.752429965496005E-05 17777650
  76     375.00     380.00  1.254840206698107E-04  1.618816798067118E-05 17139841	  76     375.00     380.00  1.254840206698107E-04  1.618816798067118E-05 17139841	  76     375.00     380.00  1.136087926925397E-04  1.447936143224607E-05 17139841	  76     375.00     380.00  1.136087926925397E-04  1.447936143224607E-05 17139841	  76     375.00     380.00  1.397116505442132E-04  1.828146907597282E-05 17139841	  76     375.00     380.00  1.397116505442132E-04  1.828146907597282E-05 17139841	  76     375.00     380.00  1.254840206698107E-04  1.618816798067118E-05 17139841
  77     380.00     385.00  1.584877848747721E-04  2.248172965381108E-05 16532225	  77     380.00     385.00  1.584877848747721E-04  2.248172965381108E-05 16532225	  77     380.00     385.00  1.429456572244182E-04  2.016098324288209E-05 16532225	  77     380.00     385.00  1.429456572244182E-04  2.016098324288209E-05 16532225	  77     380.00     385.00  1.771113198422905E-04  2.528206534027447E-05 16532225	  77     380.00     385.00  1.771113198422905E-04  2.528206534027447E-05 16532225	  77     380.00     385.00  1.584877848747721E-04  2.248172965381108E-05 16532225
  78     385.00     390.00  1.360137441167930E-04  1.600128090316259E-05 15950413	  78     385.00     390.00  1.360137441167930E-04  1.600128090316259E-05 15950413	  78     385.00     390.00  1.229852604000697E-04  1.449455152393887E-05 15950413	  78     385.00     390.00  1.229852604000697E-04  1.449455152393887E-05 15950413	  78     385.00     390.00  1.516333009488438E-04  1.780149586813008E-05 15950413	  78     385.00     390.00  1.516333009488438E-04  1.780149586813008E-05 15950413	  78     385.00     390.00  1.360137441167930E-04  1.600128090316259E-05 15950413
  79     390.00     395.00  1.341555656077728E-04  2.094382582651868E-05 15394622	  79     390.00     395.00  1.341555656077728E-04  2.094382582651868E-05 15394622	  79     390.00     395.00  1.210255109105419E-04  1.887085125666242E-05 15394622	  79     390.00     395.00  1.210255109105419E-04  1.887085125666242E-05 15394622	  79     390.00     395.00  1.499298544844472E-04  2.342495760542720E-05 15394622	  79     390.00     395.00  1.499298544844472E-04  2.342495760542720E-05 15394622	  79     390.00     395.00  1.341555656077728E-04  2.094382582651868E-05 15394622
  80     395.00     400.00  1.251042532852169E-04  1.321304716900653E-05 14867472	  80     395.00     400.00  1.251042532852169E-04  1.321304716900653E-05 14867472	  80     395.00     400.00  1.124324446842724E-04  1.187706289873743E-05 14867472	  80     395.00     400.00  1.124324446842724E-04  1.187706289873743E-05 14867472	  80     395.00     400.00  1.404339499772027E-04  1.484793340389022E-05 14867472	  80     395.00     400.00  1.404339499772027E-04  1.484793340389022E-05 14867472	  80     395.00     400.00  1.251042532852169E-04  1.321304716900653E-05 14867472
  81     400.00     405.00  9.288534698597286E-05  1.325337007284916E-05 14359909	  81     400.00     405.00  9.288534698597286E-05  1.325337007284916E-05 14359909	  81     400.00     405.00  8.392872472623417E-05  1.189040581605316E-05 14359909	  81     400.00     405.00  8.392872472623417E-05  1.189040581605316E-05 14359909	  81     400.00     405.00  1.036226886020704E-04  1.490404874745554E-05 14359909	  81     400.00     405.00  1.036226886020704E-04  1.490404874745554E-05 14359909	  81     400.00     405.00  9.288534698597286E-05  1.325337007284916E-05 14359909
  82     405.00     410.00  1.081027416174306E-04  1.164510802956882E-05 13873058	  82     405.00     410.00  1.081027416174306E-04  1.164510802956882E-05 13873058	  82     405.00     410.00  9.749787225549887E-05  1.048395968350386E-05 13873058	  82     405.00     410.00  9.749787225549887E-05  1.048395968350386E-05 13873058	  82     405.00     410.00  1.208299553151079E-04  1.304357142053233E-05 13873058	  82     405.00     410.00  1.208299553151079E-04  1.304357142053233E-05 13873058	  82     405.00     410.00  1.081027416174306E-04  1.164510802956882E-05 13873058
  83     410.00     415.00  9.789253470039813E-05  1.233755352310557E-05 13409006	  83     410.00     415.00  9.789253470039813E-05  1.233755352310557E-05 13409006	  83     410.00     415.00  8.869697875043865E-05  1.098774232792315E-05 13409006	  83     410.00     415.00  8.869697875043865E-05  1.098774232792315E-05 13409006	  83     410.00     415.00  1.088850661798722E-04  1.402200826227225E-05 13409006	  83     410.00     415.00  1.088850661798722E-04  1.402200826227225E-05 13409006	  83     410.00     415.00  9.789253470039813E-05  1.233755352310557E-05 13409006
  84     415.00     420.00  6.822142574248469E-05  2.451086562741428E-05 12961381	  84     415.00     420.00  6.822142574248469E-05  2.451086562741428E-05 12961381	  84     415.00     420.00  6.211801886874790E-05  2.159110790476658E-05 12961381	  84     415.00     420.00  6.211801886874790E-05  2.159110790476658E-05 12961381	  84     415.00     420.00  7.544960070234555E-05  2.810391148911030E-05 12961381	  84     415.00     420.00  7.544960070234555E-05  2.810391148911030E-05 12961381	  84     415.00     420.00  6.822142574248469E-05  2.451086562741428E-05 12961381
  85     420.00     425.00  9.400607969513150E-05  1.606431615220785E-05 12529754	  85     420.00     425.00  9.400607969513150E-05  1.606431615220785E-05 12529754	  85     420.00     425.00  8.452684013615055E-05  1.430870602119899E-05 12529754	  85     420.00     425.00  8.452684013615055E-05  1.430870602119899E-05 12529754	  85     420.00     425.00  1.054161576993983E-04  1.819677383467822E-05 12529754	  85     420.00     425.00  1.054161576993983E-04  1.819677383467822E-05 12529754	  85     420.00     425.00  9.400607969513150E-05  1.606431615220785E-05 12529754
  86     425.00     430.00  5.865473424526495E-05  9.249124168349131E-06 12118066	  86     425.00     430.00  5.865473424526495E-05  9.249124168349131E-06 12118066	  86     425.00     430.00  5.233575509648742E-05  8.199926256657780E-06 12118066	  86     425.00     430.00  5.233575509648742E-05  8.199926256657780E-06 12118066	  86     425.00     430.00  6.638386883995916E-05  1.055113892529092E-05 12118066	  86     425.00     430.00  6.638386883995916E-05  1.055113892529092E-05 12118066	  86     425.00     430.00  5.865473424526495E-05  9.249124168349131E-06 12118066
  87     430.00     435.00  7.833140798363015E-05  9.200422733047943E-06 11722395	  87     430.00     435.00  7.833140798363015E-05  9.200422733047943E-06 11722395	  87     430.00     435.00  7.015996517286445E-05  8.209822304484122E-06 11722395	  87     430.00     435.00  7.015996517286445E-05  8.209822304484122E-06 11722395	  87     430.00     435.00  8.823514693099570E-05  1.040540382813194E-05 11722395	  87     430.00     435.00  8.823514693099570E-05  1.040540382813194E-05 11722395	  87     430.00     435.00  7.833140798363015E-05  9.200422733047943E-06 11722395
  88     435.00     440.00  5.254910723961527E-05  8.616908759709682E-06 11341137	  88     435.00     440.00  5.254910723961527E-05  8.616908759709682E-06 11341137	  88     435.00     440.00  4.705515931975672E-05  7.763621411358350E-06 11341137	  88     435.00     440.00  4.705515931975672E-05  7.763621411358350E-06 11341137	  88     435.00     440.00  5.922456064603571E-05  9.649983122437690E-06 11341137	  88     435.00     440.00  5.922456064603571E-05  9.649983122437690E-06 11341137	  88     435.00     440.00  5.254910723961527E-05  8.616908759709682E-06 11341137
  89     440.00     445.00  8.452007778804193E-05  1.084474060796228E-05 10973366	  89     440.00     445.00  8.452007778804193E-05  1.084474060796228E-05 10973366	  89     440.00     445.00  7.569123139047944E-05  9.669875251031592E-06 10973366	  89     440.00     445.00  7.569123139047944E-05  9.669875251031592E-06 10973366	  89     440.00     445.00  9.519712569722725E-05  1.226832941415176E-05 10973366	  89     440.00     445.00  9.519712569722725E-05  1.226832941415176E-05 10973366	  89     440.00     445.00  8.452007778804193E-05  1.084474060796228E-05 10973366
  90     445.00     450.00  6.168553209751599E-05  9.790044502783002E-06 10623185	  90     445.00     450.00  6.168553209751599E-05  9.790044502783002E-06 10623185	  90     445.00     450.00  5.539580971804144E-05  8.741959275737549E-06 10623185	  90     445.00     450.00  5.539580971804144E-05  8.741959275737549E-06 10623185	  90     445.00     450.00  6.927473526854620E-05  1.106276165704801E-05 10623185	  90     445.00     450.00  6.927473526854620E-05  1.106276165704801E-05 10623185	  90     445.00     450.00  6.168553209751599E-05  9.790044502783002E-06 10623185
  91     450.00     455.00  5.902437617955971E-05  9.563727287766989E-06 10290965	  91     450.00     455.00  5.902437617955971E-05  9.563727287766989E-06 10290965	  91     450.00     455.00  5.312275144801102E-05  8.609967521955343E-06 10290965	  91     450.00     455.00  5.312275144801102E-05  8.609967521955343E-06 10290965	  91     450.00     455.00  6.614384283140007E-05  1.070786891482885E-05 10290965	  91     450.00     455.00  6.614384283140007E-05  1.070786891482885E-05 10290965	  91     450.00     455.00  5.902437617955971E-05  9.563727287766989E-06 10290965
  92     455.00     460.00  4.247014895115759E-05  1.193233319122139E-05 9967215	  92     455.00     460.00  4.247014895115759E-05  1.193233319122139E-05 9967215	  92     455.00     460.00  3.770890388664038E-05  1.066764985007249E-05 9967215	  92     455.00     460.00  3.770890388664038E-05  1.066764985007249E-05 9967215	  92     455.00     460.00  4.831528229096679E-05  1.346390323726173E-05 9967215	  92     455.00     460.00  4.831528229096679E-05  1.346390323726173E-05 9967215	  92     455.00     460.00  4.247014895115759E-05  1.193233319122139E-05 9967215
  93     460.00     465.00  4.462819120939692E-05  7.705512952294257E-06 9643883	  93     460.00     465.00  4.462819120939692E-05  7.705512952294257E-06 9643883	  93     460.00     465.00  4.004108040241056E-05  6.910301163130168E-06 9643883	  93     460.00     465.00  4.004108040241056E-05  6.910301163130168E-06 9643883	  93     460.00     465.00  5.017705259399862E-05  8.668111406455961E-06 9643883	  93     460.00     465.00  5.017705259399862E-05  8.668111406455961E-06 9643883	  93     460.00     465.00  4.462819120939692E-05  7.705512952294257E-06 9643883
  94     465.00     470.00  4.761423069314935E-05  7.568878219931891E-06 9351714	  94     465.00     470.00  4.761423069314935E-05  7.568878219931891E-06 9351714	  94     465.00     470.00  4.265831595233587E-05  6.732698155081763E-06 9351714	  94     465.00     470.00  4.265831595233587E-05  6.732698155081763E-06 9351714	  94     465.00     470.00  5.360890692561788E-05  8.594740116072388E-06 9351714	  94     465.00     470.00  5.360890692561788E-05  8.594740116072388E-06 9351714	  94     465.00     470.00  4.761423069314935E-05  7.568878219931891E-06 9351714
  95     470.00     475.00  4.094821919569121E-05  8.931778965246922E-06 9065413	  95     470.00     475.00  4.094821919569121E-05  8.931778965246922E-06 9065413	  95     470.00     475.00  3.653424514436917E-05  7.930411526164008E-06 9065413	  95     470.00     475.00  3.653424514436917E-05  7.930411526164008E-06 9065413	  95     470.00     475.00  4.632638573883600E-05  1.015535228929526E-05 9065413	  95     470.00     475.00  4.632638573883600E-05  1.015535228929526E-05 9065413	  95     470.00     475.00  4.094821919569121E-05  8.931778965246922E-06 9065413
  96     475.00     480.00  6.209297899928743E-05  9.772358881611963E-06 8780917	  96     475.00     480.00  6.209297899928743E-05  9.772358881611963E-06 8780917	  96     475.00     480.00  5.548421191050190E-05  8.652487314411877E-06 8780917	  96     475.00     480.00  5.548421191050190E-05  8.652487314411877E-06 8780917	  96     475.00     480.00  7.011149527916239E-05  1.114818567747605E-05 8780917	  96     475.00     480.00  7.011149527916239E-05  1.114818567747605E-05 8780917	  96     475.00     480.00  6.209297899928743E-05  9.772358881611963E-06 8780917
  97     480.00     485.00  3.036977146559050E-05  8.787264146469005E-06 8523394	  97     480.00     485.00  3.036977146559050E-05  8.787264146469005E-06 8523394	  97     480.00     485.00  2.718806297712039E-05  7.935805733541435E-06 8523394	  97     480.00     485.00  2.718806297712039E-05  7.935805733541435E-06 8523394	  97     480.00     485.00  3.421990778316105E-05  9.805755814947861E-06 8523394	  97     480.00     485.00  3.421990778316105E-05  9.805755814947861E-06 8523394	  97     480.00     485.00  3.036977146559050E-05  8.787264146469005E-06 8523394
  98     485.00     490.00  2.905172768173653E-05  8.852184834479366E-06 8261246	  98     485.00     490.00  2.905172768173653E-05  8.852184834479366E-06 8261246	  98     485.00     490.00  2.582493996011310E-05  7.835037091395505E-06 8261246	  98     485.00     490.00  2.582493996011310E-05  7.835037091395505E-06 8261246	  98     485.00     490.00  3.300712026772224E-05  1.009701339850174E-05 8261246	  98     485.00     490.00  3.300712026772224E-05  1.009701339850174E-05 8261246	  98     485.00     490.00  2.905172768173653E-05  8.852184834479366E-06 8261246
  99     490.00     495.00  4.561447192440070E-05  1.342007624568965E-05 8018332	  99     490.00     495.00  4.561447192440070E-05  1.342007624568965E-05 8018332	  99     490.00     495.00  4.073752362592941E-05  1.202586668023306E-05 8018332	  99     490.00     495.00  4.073752362592941E-05  1.202586668023306E-05 8018332	  99     490.00     495.00  5.152147724957055E-05  1.509390861955156E-05 8018332	  99     490.00     495.00  5.152147724957055E-05  1.509390861955156E-05 8018332	  99     490.00     495.00  4.561447192440070E-05  1.342007624568965E-05 8018332
 100     495.00     500.00  3.799588814851237E-05  6.257668301286070E-06 7777128	 100     495.00     500.00  3.799588814851237E-05  6.257668301286070E-06 7777128	 100     495.00     500.00  3.420114736047186E-05  5.699462351763381E-06 7777128	 100     495.00     500.00  3.420114736047186E-05  5.699462351763381E-06 7777128	 100     495.00     500.00  4.256147025524699E-05  6.920067864655158E-06 7777128	 100     495.00     500.00  4.256147025524699E-05  6.920067864655158E-06 7777128	 100     495.00     500.00  3.799588814851237E-05  6.257668301286070E-06 7777128
# Underflow:                 0.0000000000000000E+00  0.0000000000000000E+00 0
# Overflow:                 -1.5444981849350643E-05  1.1454230864399955E-06 5684
#-------------------------------------------------------------------------------------	#-------------------------------------------------------------------------------------	#-------------------------------------------------------------------------------------	#-------------------------------------------------------------------------------------	#-------------------------------------------------------------------------------------	#-------------------------------------------------------------------------------------	#-------------------------------------------------------------------------------------
# Sum:                      -1.5099764659991575E-02  1.9897400392064710E-04 170000
#=====================================================================================	#=====================================================================================	#=====================================================================================	#=====================================================================================	#=====================================================================================	#=====================================================================================	#=====================================================================================
