# title = Rapidity anti-Muon
# xlabel = $y_{\mu^+}$
# ylabel = $\frac{\text{d}\sigma}{\text{d}y_{\mu^+}}\,[\text{fb}]$
# xmin= -2.500E+00
# xmax=  2.500E+00
# ymin=  1.000E-04
# ymax=  6.000E-01
# kmin= -2.000E+01
# kmax=  1.000E+01
# logscale = false
# Renormalization and factorization scale scaled by: 1.0000000000
# Renormalization scaled by: 1.0000000000
# Number of generated events: 6467394395
#	#	#	#	#	#	#
#=====================================================================================	#=====================================================================================	#=====================================================================================	#=====================================================================================	#=====================================================================================	#=====================================================================================	#=====================================================================================
# No.       Left      Right                   Value                   Error Hits
#-------------------------------------------------------------------------------------	#-------------------------------------------------------------------------------------	#-------------------------------------------------------------------------------------	#-------------------------------------------------------------------------------------	#-------------------------------------------------------------------------------------	#-------------------------------------------------------------------------------------	#-------------------------------------------------------------------------------------
   1      -2.50      -2.25  8.592041757284376E-02  8.651484568019038E-05 90997557	   1      -2.50      -2.25  8.592041757284376E-02  8.651484568019038E-05 90997557	   1      -2.50      -2.25  7.858180241610686E-02  7.757075669142130E-05 90997557	   1      -2.50      -2.25  7.858180241610686E-02  7.757075669142130E-05 90997557	   1      -2.50      -2.25  9.457183527190872E-02  9.756723539288675E-05 90997557	   1      -2.50      -2.25  9.457183527190872E-02  9.756723539288675E-05 90997557	   1      -2.50      -2.25  8.592041757284376E-02  8.651484568019038E-05 90997557
   2      -2.25      -2.00  1.257143633453577E-01  1.053203021132148E-04 118238758	   2      -2.25      -2.00  1.257143633453577E-01  1.053203021132148E-04 118238758	   2      -2.25      -2.00  1.153850109757458E-01  9.489163950659668E-05 118238758	   2      -2.25      -2.00  1.153850109757458E-01  9.489163950659668E-05 118238758	   2      -2.25      -2.00  1.378280847796719E-01  1.181208161480873E-04 118238758	   2      -2.25      -2.00  1.378280847796719E-01  1.181208161480873E-04 118238758	   2      -2.25      -2.00  1.257143633453577E-01  1.053203021132148E-04 118238758
   3      -2.00      -1.75  1.711416549758687E-01  1.208893165357812E-04 147456443	   3      -2.00      -1.75  1.711416549758687E-01  1.208893165357812E-04 147456443	   3      -2.00      -1.75  1.575720945732545E-01  1.093584185598314E-04 147456443	   3      -2.00      -1.75  1.575720945732545E-01  1.093584185598314E-04 147456443	   3      -2.00      -1.75  1.869808246345495E-01  1.349713163324164E-04 147456443	   3      -2.00      -1.75  1.869808246345495E-01  1.349713163324164E-04 147456443	   3      -2.00      -1.75  1.711416549758687E-01  1.208893165357812E-04 147456443
   4      -1.75      -1.50  2.197230751541890E-01  1.346875842425693E-04 177530885	   4      -1.75      -1.50  2.197230751541890E-01  1.346875842425693E-04 177530885	   4      -1.75      -1.50  2.028525601069145E-01  1.220963302585255E-04 177530885	   4      -1.75      -1.50  2.028525601069145E-01  1.220963302585255E-04 177530885	   4      -1.75      -1.50  2.393323624060845E-01  1.500597229256736E-04 177530885	   4      -1.75      -1.50  2.393323624060845E-01  1.500597229256736E-04 177530885	   4      -1.75      -1.50  2.197230751541890E-01  1.346875842425693E-04 177530885
   5      -1.50      -1.25  2.681752086207867E-01  1.413200919017385E-04 207163367	   5      -1.50      -1.25  2.681752086207867E-01  1.413200919017385E-04 207163367	   5      -1.50      -1.25  2.481616395843931E-01  1.286987339505460E-04 207163367	   5      -1.50      -1.25  2.481616395843931E-01  1.286987339505460E-04 207163367	   5      -1.50      -1.25  2.913510070325372E-01  1.566094747452384E-04 207163367	   5      -1.50      -1.25  2.913510070325372E-01  1.566094747452384E-04 207163367	   5      -1.50      -1.25  2.681752086207867E-01  1.413200919017385E-04 207163367
   6      -1.25      -1.00  3.139263496354451E-01  1.473968469893237E-04 234834057	   6      -1.25      -1.00  3.139263496354451E-01  1.473968469893237E-04 234834057	   6      -1.25      -1.00  2.910361196134541E-01  1.344960467893561E-04 234834057	   6      -1.25      -1.00  2.910361196134541E-01  1.344960467893561E-04 234834057	   6      -1.25      -1.00  3.403530737877528E-01  1.629876529396008E-04 234834057	   6      -1.25      -1.00  3.403530737877528E-01  1.629876529396008E-04 234834057	   6      -1.25      -1.00  3.139263496354451E-01  1.473968469893237E-04 234834057
   7      -1.00      -0.75  3.532880699817579E-01  1.484016203421966E-04 259086254	   7      -1.00      -0.75  3.532880699817579E-01  1.484016203421966E-04 259086254	   7      -1.00      -0.75  3.280460464743991E-01  1.357599971056894E-04 259086254	   7      -1.00      -0.75  3.280460464743991E-01  1.357599971056894E-04 259086254	   7      -1.00      -0.75  3.823503175876555E-01  1.636223857748849E-04 259086254	   7      -1.00      -0.75  3.823503175876555E-01  1.636223857748849E-04 259086254	   7      -1.00      -0.75  3.532880699817579E-01  1.484016203421966E-04 259086254
   8      -0.75      -0.50  3.849767490607207E-01  1.464295047832956E-04 278642288	   8      -0.75      -0.50  3.849767490607207E-01  1.464295047832956E-04 278642288	   8      -0.75      -0.50  3.578797160702872E-01  1.342855832634285E-04 278642288	   8      -0.75      -0.50  3.578797160702872E-01  1.342855832634285E-04 278642288	   8      -0.75      -0.50  4.161114228672815E-01  1.609978854234325E-04 278642288	   8      -0.75      -0.50  4.161114228672815E-01  1.609978854234325E-04 278642288	   8      -0.75      -0.50  3.849767490607207E-01  1.464295047832956E-04 278642288
   9      -0.50      -0.25  4.070341633687471E-01  1.455757656652237E-04 292364182	   9      -0.50      -0.25  4.070341633687471E-01  1.455757656652237E-04 292364182	   9      -0.50      -0.25  3.786572548103420E-01  1.336443675118624E-04 292364182	   9      -0.50      -0.25  3.786572548103420E-01  1.336443675118624E-04 292364182	   9      -0.50      -0.25  4.395975796837116E-01  1.598651037490358E-04 292364182	   9      -0.50      -0.25  4.395975796837116E-01  1.598651037490358E-04 292364182	   9      -0.50      -0.25  4.070341633687471E-01  1.455757656652237E-04 292364182
  10      -0.25       0.00  4.183904133746443E-01  1.439748880864942E-04 299482582	  10      -0.25       0.00  4.183904133746443E-01  1.439748880864942E-04 299482582	  10      -0.25       0.00  3.893735523706789E-01  1.322980200147538E-04 299482582	  10      -0.25       0.00  3.893735523706789E-01  1.322980200147538E-04 299482582	  10      -0.25       0.00  4.516647266940214E-01  1.579406743144720E-04 299482582	  10      -0.25       0.00  4.516647266940214E-01  1.579406743144720E-04 299482582	  10      -0.25       0.00  4.183904133746443E-01  1.439748880864942E-04 299482582
  11       0.00       0.25  4.184302215051415E-01  1.435625603033253E-04 299630864	  11       0.00       0.25  4.184302215051415E-01  1.435625603033253E-04 299630864	  11       0.00       0.25  3.894163580992679E-01  1.319398044909174E-04 299630864	  11       0.00       0.25  3.894163580992679E-01  1.319398044909174E-04 299630864	  11       0.00       0.25  4.516996376424637E-01  1.574594317758724E-04 299630864	  11       0.00       0.25  4.516996376424637E-01  1.574594317758724E-04 299630864	  11       0.00       0.25  4.184302215051415E-01  1.435625603033253E-04 299630864
  12       0.25       0.50  4.072061846913181E-01  1.444266012641899E-04 292700379	  12       0.25       0.50  4.072061846913181E-01  1.444266012641899E-04 292700379	  12       0.25       0.50  3.788143530772078E-01  1.326304573773552E-04 292700379	  12       0.25       0.50  3.788143530772078E-01  1.326304573773552E-04 292700379	  12       0.25       0.50  4.397879927542919E-01  1.585489793647939E-04 292700379	  12       0.25       0.50  4.397879927542919E-01  1.585489793647939E-04 292700379	  12       0.25       0.50  4.072061846913181E-01  1.444266012641899E-04 292700379
  13       0.50       0.75  3.848811338087161E-01  1.440331104338489E-04 279058389	  13       0.50       0.75  3.848811338087161E-01  1.440331104338489E-04 279058389	  13       0.50       0.75  3.577893409751361E-01  1.322002128374153E-04 279058389	  13       0.50       0.75  3.577893409751361E-01  1.322002128374153E-04 279058389	  13       0.50       0.75  4.160100830433163E-01  1.582038310690991E-04 279058389	  13       0.50       0.75  4.160100830433163E-01  1.582038310690991E-04 279058389	  13       0.50       0.75  3.848811338087161E-01  1.440331104338489E-04 279058389
  14       0.75       1.00  3.535334774456512E-01  1.445979201706496E-04 259357636	  14       0.75       1.00  3.535334774456512E-01  1.445979201706496E-04 259357636	  14       0.75       1.00  3.282670595482457E-01  1.324692089361129E-04 259357636	  14       0.75       1.00  3.282670595482457E-01  1.324692089361129E-04 259357636	  14       0.75       1.00  3.826251193472007E-01  1.591614933695534E-04 259357636	  14       0.75       1.00  3.826251193472007E-01  1.591614933695534E-04 259357636	  14       0.75       1.00  3.535334774456512E-01  1.445979201706496E-04 259357636
  15       1.00       1.25  3.136537746580763E-01  1.421941687421247E-04 234607687	  15       1.00       1.25  3.136537746580763E-01  1.421941687421247E-04 234607687	  15       1.00       1.25  2.908057526573297E-01  1.300371655160914E-04 234607687	  15       1.00       1.25  2.908057526573297E-01  1.300371655160914E-04 234607687	  15       1.00       1.25  3.400272296930305E-01  1.568225941434395E-04 234607687	  15       1.00       1.25  3.400272296930305E-01  1.568225941434395E-04 234607687	  15       1.00       1.25  3.136537746580763E-01  1.421941687421247E-04 234607687
  16       1.25       1.50  2.681758144554214E-01  1.372132187407668E-04 206206291	  16       1.25       1.50  2.681758144554214E-01  1.372132187407668E-04 206206291	  16       1.25       1.50  2.481631860802850E-01  1.251707555238346E-04 206206291	  16       1.25       1.50  2.481631860802850E-01  1.251707555238346E-04 206206291	  16       1.25       1.50  2.913500936664767E-01  1.517490761933781E-04 206206291	  16       1.25       1.50  2.913500936664767E-01  1.517490761933781E-04 206206291	  16       1.25       1.50  2.681758144554214E-01  1.372132187407668E-04 206206291
  17       1.50       1.75  2.197115750384436E-01  1.290902935243070E-04 175667691	  17       1.50       1.75  2.197115750384436E-01  1.290902935243070E-04 175667691	  17       1.50       1.75  2.028436043903728E-01  1.173683044383915E-04 175667691	  17       1.50       1.75  2.028436043903728E-01  1.173683044383915E-04 175667691	  17       1.50       1.75  2.393176111336093E-01  1.433082337561006E-04 175667691	  17       1.50       1.75  2.393176111336093E-01  1.433082337561006E-04 175667691	  17       1.50       1.75  2.197115750384436E-01  1.290902935243070E-04 175667691
  18       1.75       2.00  1.710972573661567E-01  1.162592735403021E-04 144674218	  18       1.75       2.00  1.710972573661567E-01  1.162592735403021E-04 144674218	  18       1.75       2.00  1.575369561661533E-01  1.054101388974855E-04 144674218	  18       1.75       2.00  1.575369561661533E-01  1.054101388974855E-04 144674218	  18       1.75       2.00  1.869244860516005E-01  1.294630484172931E-04 144674218	  18       1.75       2.00  1.869244860516005E-01  1.294630484172931E-04 144674218	  18       1.75       2.00  1.710972573661567E-01  1.162592735403021E-04 144674218
  19       2.00       2.25  1.254086554741485E-01  9.972010720618875E-05 114652993	  19       2.00       2.25  1.254086554741485E-01  9.972010720618875E-05 114652993	  19       2.00       2.25  1.151073839748055E-01  9.008728398705239E-05 114652993	  19       2.00       2.25  1.151073839748055E-01  9.008728398705239E-05 114652993	  19       2.00       2.25  1.374892449517617E-01  1.115012251677435E-04 114652993	  19       2.00       2.25  1.374892449517617E-01  1.115012251677435E-04 114652993	  19       2.00       2.25  1.254086554741485E-01  9.972010720618875E-05 114652993
  20       2.25       2.50  8.585906388465300E-02  8.179055617225831E-05 86875638	  20       2.25       2.50  8.585906388465300E-02  8.179055617225831E-05 86875638	  20       2.25       2.50  7.852731327885329E-02  7.358447181874292E-05 86875638	  20       2.25       2.50  7.852731327885329E-02  7.358447181874292E-05 86875638	  20       2.25       2.50  9.450214397945574E-02  9.188049811817863E-05 86875638	  20       2.25       2.50  9.450214397945574E-02  9.188049811817863E-05 86875638	  20       2.25       2.50  8.585906388465300E-02  8.179055617225831E-05 86875638
# Underflow:                 3.1738641312410820E-03  4.3753311565471657E-06 16996487
# Overflow:                  1.7601415371736252E-02  1.7360802880489770E-05 15342548
#-------------------------------------------------------------------------------------	#-------------------------------------------------------------------------------------	#-------------------------------------------------------------------------------------	#-------------------------------------------------------------------------------------	#-------------------------------------------------------------------------------------	#-------------------------------------------------------------------------------------	#-------------------------------------------------------------------------------------
# Sum:                       1.3169060832226900E-01  2.1860448613926498E-05 451479000
#=====================================================================================	#=====================================================================================	#=====================================================================================	#=====================================================================================	#=====================================================================================	#=====================================================================================	#=====================================================================================
