# title = Transverse Momentum anti-Muon
# xlabel = $p_{\text{T},\mu^+}\,$[GeV]
# ylabel = $\frac{\text{d}\sigma}{\text{d}p_{\text{T},\mu^+}}\,\left[\frac{\text{fb}}{\text{GeV}}\right]$
# xmin=  0.000E+00
# xmax=  5.000E+02
# ymin=  1.000E-06
# ymax=  1.000E-02
# kmin= -5.000E+01
# kmax=  1.000E+01
# logscale = true
# Renormalization and factorization scale scaled by: 1.0000000000
# Renormalization scaled by: 1.0000000000
# Number of generated events: 6937080
#	#	#	#	#	#	#
#=====================================================================================	#=====================================================================================	#=====================================================================================	#=====================================================================================	#=====================================================================================	#=====================================================================================	#=====================================================================================
# No.       Left      Right                   Value                   Error Hits
#-------------------------------------------------------------------------------------	#-------------------------------------------------------------------------------------	#-------------------------------------------------------------------------------------	#-------------------------------------------------------------------------------------	#-------------------------------------------------------------------------------------	#-------------------------------------------------------------------------------------	#-------------------------------------------------------------------------------------
   1       0.00       5.00  0.000000000000000E+00  0.000000000000000E+00 0	   1       0.00       5.00  0.000000000000000E+00  0.000000000000000E+00 0	   1       0.00       5.00  0.000000000000000E+00  0.000000000000000E+00 0	   1       0.00       5.00  0.000000000000000E+00  0.000000000000000E+00 0	   1       0.00       5.00  0.000000000000000E+00  0.000000000000000E+00 0	   1       0.00       5.00  0.000000000000000E+00  0.000000000000000E+00 0	   1       0.00       5.00  0.000000000000000E+00  0.000000000000000E+00 0
   2       5.00      10.00  0.000000000000000E+00  0.000000000000000E+00 0	   2       5.00      10.00  0.000000000000000E+00  0.000000000000000E+00 0	   2       5.00      10.00  0.000000000000000E+00  0.000000000000000E+00 0	   2       5.00      10.00  0.000000000000000E+00  0.000000000000000E+00 0	   2       5.00      10.00  0.000000000000000E+00  0.000000000000000E+00 0	   2       5.00      10.00  0.000000000000000E+00  0.000000000000000E+00 0	   2       5.00      10.00  0.000000000000000E+00  0.000000000000000E+00 0
   3      10.00      15.00  0.000000000000000E+00  0.000000000000000E+00 0	   3      10.00      15.00  0.000000000000000E+00  0.000000000000000E+00 0	   3      10.00      15.00  0.000000000000000E+00  0.000000000000000E+00 0	   3      10.00      15.00  0.000000000000000E+00  0.000000000000000E+00 0	   3      10.00      15.00  0.000000000000000E+00  0.000000000000000E+00 0	   3      10.00      15.00  0.000000000000000E+00  0.000000000000000E+00 0	   3      10.00      15.00  0.000000000000000E+00  0.000000000000000E+00 0
   4      15.00      20.00  0.000000000000000E+00  0.000000000000000E+00 0	   4      15.00      20.00  0.000000000000000E+00  0.000000000000000E+00 0	   4      15.00      20.00  0.000000000000000E+00  0.000000000000000E+00 0	   4      15.00      20.00  0.000000000000000E+00  0.000000000000000E+00 0	   4      15.00      20.00  0.000000000000000E+00  0.000000000000000E+00 0	   4      15.00      20.00  0.000000000000000E+00  0.000000000000000E+00 0	   4      15.00      20.00  0.000000000000000E+00  0.000000000000000E+00 0
   5      20.00      25.00  1.946633576682205E-02  2.958031622323280E-04 363429009	   5      20.00      25.00  1.946633576682205E-02  2.958031622323280E-04 363429009	   5      20.00      25.00  1.817812132419311E-02  2.704944031793437E-04 363429009	   5      20.00      25.00  1.817812132419311E-02  2.704944031793437E-04 363429009	   5      20.00      25.00  2.093829075945585E-02  3.262363747773472E-04 363429009	   5      20.00      25.00  2.093829075945585E-02  3.262363747773472E-04 363429009	   5      20.00      25.00  1.946633576682205E-02  2.958031622323280E-04 363429009
   6      25.00      30.00  2.006799633012349E-02  3.289452767170178E-04 394274661	   6      25.00      30.00  2.006799633012349E-02  3.289452767170178E-04 394274661	   6      25.00      30.00  1.874392121092967E-02  2.997186040429249E-04 394274661	   6      25.00      30.00  1.874392121092967E-02  2.997186040429249E-04 394274661	   6      25.00      30.00  2.158020648665961E-02  3.640280937423856E-04 394274661	   6      25.00      30.00  2.158020648665961E-02  3.640280937423856E-04 394274661	   6      25.00      30.00  2.006799633012349E-02  3.289452767170178E-04 394274661
   7      30.00      35.00  1.897646477973069E-02  2.656297996250778E-04 404735888	   7      30.00      35.00  1.897646477973069E-02  2.656297996250778E-04 404735888	   7      30.00      35.00  1.774150988415469E-02  2.429799563549440E-04 404735888	   7      30.00      35.00  1.774150988415469E-02  2.429799563549440E-04 404735888	   7      30.00      35.00  2.038279474518823E-02  2.928815229424028E-04 404735888	   7      30.00      35.00  2.038279474518823E-02  2.928815229424028E-04 404735888	   7      30.00      35.00  1.897646477973069E-02  2.656297996250778E-04 404735888
   8      35.00      40.00  1.774651806257660E-02  2.444594031381751E-04 395403050	   8      35.00      40.00  1.774651806257660E-02  2.444594031381751E-04 395403050	   8      35.00      40.00  1.658492499330144E-02  2.235549613021402E-04 395403050	   8      35.00      40.00  1.658492499330144E-02  2.235549613021402E-04 395403050	   8      35.00      40.00  1.907112495376589E-02  2.696647621037861E-04 395403050	   8      35.00      40.00  1.907112495376589E-02  2.696647621037861E-04 395403050	   8      35.00      40.00  1.774651806257660E-02  2.444594031381751E-04 395403050
   9      40.00      45.00  1.614770942777551E-02  2.425360056937581E-04 358378660	   9      40.00      45.00  1.614770942777551E-02  2.425360056937581E-04 358378660	   9      40.00      45.00  1.507979604017508E-02  2.216263182013788E-04 358378660	   9      40.00      45.00  1.507979604017508E-02  2.216263182013788E-04 358378660	   9      40.00      45.00  1.736763113481984E-02  2.676860599711574E-04 358378660	   9      40.00      45.00  1.736763113481984E-02  2.676860599711574E-04 358378660	   9      40.00      45.00  1.614770942777551E-02  2.425360056937581E-04 358378660
  10      45.00      50.00  1.459674319419810E-02  2.313299418438520E-04 316506854	  10      45.00      50.00  1.459674319419810E-02  2.313299418438520E-04 316506854	  10      45.00      50.00  1.362987649344410E-02  2.100198456720524E-04 316506854	  10      45.00      50.00  1.362987649344410E-02  2.100198456720524E-04 316506854	  10      45.00      50.00  1.570138809737964E-02  2.574606464503748E-04 316506854	  10      45.00      50.00  1.570138809737964E-02  2.574606464503748E-04 316506854	  10      45.00      50.00  1.459674319419810E-02  2.313299418438520E-04 316506854
  11      50.00      55.00  1.320595433907543E-02  2.080398502500519E-04 282376690	  11      50.00      55.00  1.320595433907543E-02  2.080398502500519E-04 282376690	  11      50.00      55.00  1.231877948079996E-02  1.888084092345111E-04 282376690	  11      50.00      55.00  1.231877948079996E-02  1.888084092345111E-04 282376690	  11      50.00      55.00  1.422209924541442E-02  2.315358245989310E-04 282376690	  11      50.00      55.00  1.422209924541442E-02  2.315358245989310E-04 282376690	  11      50.00      55.00  1.320595433907543E-02  2.080398502500519E-04 282376690
  12      55.00      60.00  1.198559530232516E-02  2.538890034227508E-04 253885368	  12      55.00      60.00  1.198559530232516E-02  2.538890034227508E-04 253885368	  12      55.00      60.00  1.117789592113567E-02  2.320850806349967E-04 253885368	  12      55.00      60.00  1.117789592113567E-02  2.320850806349967E-04 253885368	  12      55.00      60.00  1.291106318166285E-02  2.799731723781990E-04 253885368	  12      55.00      60.00  1.291106318166285E-02  2.799731723781990E-04 253885368	  12      55.00      60.00  1.198559530232516E-02  2.538890034227508E-04 253885368
  13      60.00      65.00  1.044524435300901E-02  1.965398357737141E-04 229729557	  13      60.00      65.00  1.044524435300901E-02  1.965398357737141E-04 229729557	  13      60.00      65.00  9.728485948975268E-03  1.777390620188427E-04 229729557	  13      60.00      65.00  9.728485948975268E-03  1.777390620188427E-04 229729557	  13      60.00      65.00  1.126894425346091E-02  2.197207527561364E-04 229729557	  13      60.00      65.00  1.126894425346091E-02  2.197207527561364E-04 229729557	  13      60.00      65.00  1.044524435300901E-02  1.965398357737141E-04 229729557
  14      65.00      70.00  9.330525148561850E-03  1.899711550605807E-04 208952349	  14      65.00      70.00  9.330525148561850E-03  1.899711550605807E-04 208952349	  14      65.00      70.00  8.682195005285063E-03  1.716569815582722E-04 208952349	  14      65.00      70.00  8.682195005285063E-03  1.716569815582722E-04 208952349	  14      65.00      70.00  1.007756224237254E-02  2.125847509533830E-04 208952349	  14      65.00      70.00  1.007756224237254E-02  2.125847509533830E-04 208952349	  14      65.00      70.00  9.330525148561850E-03  1.899711550605807E-04 208952349
  15      70.00      75.00  7.995603089725415E-03  1.612067348767804E-04 190923117	  15      70.00      75.00  7.995603089725415E-03  1.612067348767804E-04 190923117	  15      70.00      75.00  7.457747400100591E-03  1.469912108226076E-04 190923117	  15      70.00      75.00  7.457747400100591E-03  1.469912108226076E-04 190923117	  15      70.00      75.00  8.610377712771180E-03  1.784412404749142E-04 190923117	  15      70.00      75.00  8.610377712771180E-03  1.784412404749142E-04 190923117	  15      70.00      75.00  7.995603089725415E-03  1.612067348767804E-04 190923117
  16      75.00      80.00  7.391183305087282E-03  1.735668637320535E-04 175173203	  16      75.00      80.00  7.391183305087282E-03  1.735668637320535E-04 175173203	  16      75.00      80.00  6.882975461511529E-03  1.584023292654789E-04 175173203	  16      75.00      80.00  6.882975461511529E-03  1.584023292654789E-04 175173203	  16      75.00      80.00  7.974226973607191E-03  1.917729868180941E-04 175173203	  16      75.00      80.00  7.974226973607191E-03  1.917729868180941E-04 175173203	  16      75.00      80.00  7.391183305087282E-03  1.735668637320535E-04 175173203
  17      80.00      85.00  6.710663619441270E-03  1.406104147809834E-04 161259379	  17      80.00      85.00  6.710663619441270E-03  1.406104147809834E-04 161259379	  17      80.00      85.00  6.237259384943606E-03  1.287694833619017E-04 161259379	  17      80.00      85.00  6.237259384943606E-03  1.287694833619017E-04 161259379	  17      80.00      85.00  7.256265621706049E-03  1.547909692102023E-04 161259379	  17      80.00      85.00  7.256265621706049E-03  1.547909692102023E-04 161259379	  17      80.00      85.00  6.710663619441270E-03  1.406104147809834E-04 161259379
  18      85.00      90.00  5.910430022774645E-03  1.349512736834123E-04 148947506	  18      85.00      90.00  5.910430022774645E-03  1.349512736834123E-04 148947506	  18      85.00      90.00  5.492801620561936E-03  1.231947100128698E-04 148947506	  18      85.00      90.00  5.492801620561936E-03  1.231947100128698E-04 148947506	  18      85.00      90.00  6.391796379169679E-03  1.490921264341253E-04 148947506	  18      85.00      90.00  6.391796379169679E-03  1.490921264341253E-04 148947506	  18      85.00      90.00  5.910430022774645E-03  1.349512736834123E-04 148947506
  19      90.00      95.00  5.352947282188047E-03  1.287399295315924E-04 137998929	  19      90.00      95.00  5.352947282188047E-03  1.287399295315924E-04 137998929	  19      90.00      95.00  4.970971269670581E-03  1.173773443487587E-04 137998929	  19      90.00      95.00  4.970971269670581E-03  1.173773443487587E-04 137998929	  19      90.00      95.00  5.794031917805973E-03  1.424593099824588E-04 137998929	  19      90.00      95.00  5.794031917805973E-03  1.424593099824588E-04 137998929	  19      90.00      95.00  5.352947282188047E-03  1.287399295315924E-04 137998929
  20      95.00     100.00  4.881562338252223E-03  1.245275480652096E-04 128185214	  20      95.00     100.00  4.881562338252223E-03  1.245275480652096E-04 128185214	  20      95.00     100.00  4.520736858372600E-03  1.126559976073987E-04 128185214	  20      95.00     100.00  4.520736858372600E-03  1.126559976073987E-04 128185214	  20      95.00     100.00  5.300235338815678E-03  1.389736331205388E-04 128185214	  20      95.00     100.00  5.300235338815678E-03  1.389736331205388E-04 128185214	  20      95.00     100.00  4.881562338252223E-03  1.245275480652096E-04 128185214
  21     100.00     105.00  4.331371169592530E-03  1.195584760048727E-04 119347909	  21     100.00     105.00  4.331371169592530E-03  1.195584760048727E-04 119347909	  21     100.00     105.00  4.012104608727820E-03  1.083598508638178E-04 119347909	  21     100.00     105.00  4.012104608727820E-03  1.083598508638178E-04 119347909	  21     100.00     105.00  4.702430501046848E-03  1.332227569742463E-04 119347909	  21     100.00     105.00  4.702430501046848E-03  1.332227569742463E-04 119347909	  21     100.00     105.00  4.331371169592530E-03  1.195584760048727E-04 119347909
  22     105.00     110.00  4.042035184746649E-03  1.112734808119937E-04 111371868	  22     105.00     110.00  4.042035184746649E-03  1.112734808119937E-04 111371868	  22     105.00     110.00  3.747392891389340E-03  1.011218344452732E-04 111371868	  22     105.00     110.00  3.747392891389340E-03  1.011218344452732E-04 111371868	  22     105.00     110.00  4.383374570491261E-03  1.236287610445113E-04 111371868	  22     105.00     110.00  4.383374570491261E-03  1.236287610445113E-04 111371868	  22     105.00     110.00  4.042035184746649E-03  1.112734808119937E-04 111371868
  23     110.00     115.00  3.748488088911632E-03  1.105256544635191E-04 104131395	  23     110.00     115.00  3.748488088911632E-03  1.105256544635191E-04 104131395	  23     110.00     115.00  3.467883496746702E-03  1.009715378753611E-04 104131395	  23     110.00     115.00  3.467883496746702E-03  1.009715378753611E-04 104131395	  23     110.00     115.00  4.074820306859606E-03  1.219853414795583E-04 104131395	  23     110.00     115.00  4.074820306859606E-03  1.219853414795583E-04 104131395	  23     110.00     115.00  3.748488088911632E-03  1.105256544635191E-04 104131395
  24     115.00     120.00  3.448466922801840E-03  1.112429270798629E-04 97542056	  24     115.00     120.00  3.448466922801840E-03  1.112429270798629E-04 97542056	  24     115.00     120.00  3.187094315670854E-03  1.013462253070941E-04 97542056	  24     115.00     120.00  3.187094315670854E-03  1.013462253070941E-04 97542056	  24     115.00     120.00  3.753522211478107E-03  1.232200384099314E-04 97542056	  24     115.00     120.00  3.753522211478107E-03  1.232200384099314E-04 97542056	  24     115.00     120.00  3.448466922801840E-03  1.112429270798629E-04 97542056
  25     120.00     125.00  2.946581379848119E-03  8.255362595052624E-05 91545928	  25     120.00     125.00  2.946581379848119E-03  8.255362595052624E-05 91545928	  25     120.00     125.00  2.728265183060500E-03  7.543219453569458E-05 91545928	  25     120.00     125.00  2.728265183060500E-03  7.543219453569458E-05 91545928	  25     120.00     125.00  3.199603683637320E-03  9.110156943143418E-05 91545928	  25     120.00     125.00  3.199603683637320E-03  9.110156943143418E-05 91545928	  25     120.00     125.00  2.946581379848119E-03  8.255362595052624E-05 91545928
  26     125.00     130.00  2.768317215329890E-03  8.553194019556319E-05 86057581	  26     125.00     130.00  2.768317215329890E-03  8.553194019556319E-05 86057581	  26     125.00     130.00  2.557882202815658E-03  7.798373999262057E-05 86057581	  26     125.00     130.00  2.557882202815658E-03  7.798373999262057E-05 86057581	  26     125.00     130.00  3.013546298083651E-03  9.465658839914581E-05 86057581	  26     125.00     130.00  3.013546298083651E-03  9.465658839914581E-05 86057581	  26     125.00     130.00  2.768317215329890E-03  8.553194019556319E-05 86057581
  27     130.00     135.00  2.377341325009844E-03  1.017726544651406E-04 81013723	  27     130.00     135.00  2.377341325009844E-03  1.017726544651406E-04 81013723	  27     130.00     135.00  2.197512876240031E-03  9.212719074596321E-05 81013723	  27     130.00     135.00  2.197512876240031E-03  9.212719074596321E-05 81013723	  27     130.00     135.00  2.586694045737499E-03  1.134003674280575E-04 81013723	  27     130.00     135.00  2.586694045737499E-03  1.134003674280575E-04 81013723	  27     130.00     135.00  2.377341325009844E-03  1.017726544651406E-04 81013723
  28     135.00     140.00  2.146798892770616E-03  6.910453702574028E-05 76396227	  28     135.00     140.00  2.146798892770616E-03  6.910453702574028E-05 76396227	  28     135.00     140.00  1.983779819145010E-03  6.278662406400312E-05 76396227	  28     135.00     140.00  1.983779819145010E-03  6.278662406400312E-05 76396227	  28     135.00     140.00  2.336773923844504E-03  7.675686714350951E-05 76396227	  28     135.00     140.00  2.336773923844504E-03  7.675686714350951E-05 76396227	  28     135.00     140.00  2.146798892770616E-03  6.910453702574028E-05 76396227
  29     140.00     145.00  1.942301845268997E-03  6.744672639126881E-05 72136027	  29     140.00     145.00  1.942301845268997E-03  6.744672639126881E-05 72136027	  29     140.00     145.00  1.791966821741695E-03  6.113585694662421E-05 72136027	  29     140.00     145.00  1.791966821741695E-03  6.113585694662421E-05 72136027	  29     140.00     145.00  2.118151727060675E-03  7.515545656852113E-05 72136027	  29     140.00     145.00  2.118151727060675E-03  7.515545656852113E-05 72136027	  29     140.00     145.00  1.942301845268997E-03  6.744672639126881E-05 72136027
  30     145.00     150.00  1.725672434445391E-03  8.646789252663632E-05 68200218	  30     145.00     150.00  1.725672434445391E-03  8.646789252663632E-05 68200218	  30     145.00     150.00  1.594091199387466E-03  7.824164333212820E-05 68200218	  30     145.00     150.00  1.594091199387466E-03  7.824164333212820E-05 68200218	  30     145.00     150.00  1.879010891625954E-03  9.643933365991784E-05 68200218	  30     145.00     150.00  1.879010891625954E-03  9.643933365991784E-05 68200218	  30     145.00     150.00  1.725672434445391E-03  8.646789252663632E-05 68200218
  31     150.00     155.00  1.693501350884513E-03  6.437743454152385E-05 64557825	  31     150.00     155.00  1.693501350884513E-03  6.437743454152385E-05 64557825	  31     150.00     155.00  1.559845112993252E-03  5.847428977437189E-05 64557825	  31     150.00     155.00  1.559845112993252E-03  5.847428977437189E-05 64557825	  31     150.00     155.00  1.849981764346363E-03  7.151677527417739E-05 64557825	  31     150.00     155.00  1.849981764346363E-03  7.151677527417739E-05 64557825	  31     150.00     155.00  1.693501350884513E-03  6.437743454152385E-05 64557825
  32     155.00     160.00  1.535622127231787E-03  6.950336928441448E-05 61178670	  32     155.00     160.00  1.535622127231787E-03  6.950336928441448E-05 61178670	  32     155.00     160.00  1.414181328567489E-03  6.324773433863559E-05 61178670	  32     155.00     160.00  1.414181328567489E-03  6.324773433863559E-05 61178670	  32     155.00     160.00  1.677846815156645E-03  7.704236215986041E-05 61178670	  32     155.00     160.00  1.677846815156645E-03  7.704236215986041E-05 61178670	  32     155.00     160.00  1.535622127231787E-03  6.950336928441448E-05 61178670
  33     160.00     165.00  1.466318148681818E-03  7.268922426848160E-05 58042480	  33     160.00     165.00  1.466318148681818E-03  7.268922426848160E-05 58042480	  33     160.00     165.00  1.346584840589506E-03  6.531075861291974E-05 58042480	  33     160.00     165.00  1.346584840589506E-03  6.531075861291974E-05 58042480	  33     160.00     165.00  1.607385069557506E-03  8.175619471322540E-05 58042480	  33     160.00     165.00  1.607385069557506E-03  8.175619471322540E-05 58042480	  33     160.00     165.00  1.466318148681818E-03  7.268922426848160E-05 58042480
  34     165.00     170.00  1.309210577906171E-03  5.388445372248188E-05 55126196	  34     165.00     170.00  1.309210577906171E-03  5.388445372248188E-05 55126196	  34     165.00     170.00  1.203013257037633E-03  4.873838647738412E-05 55126196	  34     165.00     170.00  1.203013257037633E-03  4.873838647738412E-05 55126196	  34     165.00     170.00  1.434300308660186E-03  6.019810143319026E-05 55126196	  34     165.00     170.00  1.434300308660186E-03  6.019810143319026E-05 55126196	  34     165.00     170.00  1.309210577906171E-03  5.388445372248188E-05 55126196
  35     170.00     175.00  1.228054594461166E-03  5.086226323555985E-05 52405743	  35     170.00     175.00  1.228054594461166E-03  5.086226323555985E-05 52405743	  35     170.00     175.00  1.129787268899956E-03  4.610776877191260E-05 52405743	  35     170.00     175.00  1.129787268899956E-03  4.610776877191260E-05 52405743	  35     170.00     175.00  1.343200737910030E-03  5.662650328022745E-05 52405743	  35     170.00     175.00  1.343200737910030E-03  5.662650328022745E-05 52405743	  35     170.00     175.00  1.228054594461166E-03  5.086226323555985E-05 52405743
  36     175.00     180.00  1.112193686107572E-03  5.025953662735106E-05 49881684	  36     175.00     180.00  1.112193686107572E-03  5.025953662735106E-05 49881684	  36     175.00     180.00  1.023111083124963E-03  4.558346962497356E-05 49881684	  36     175.00     180.00  1.023111083124963E-03  4.558346962497356E-05 49881684	  36     175.00     180.00  1.216627484417976E-03  5.594283098905298E-05 49881684	  36     175.00     180.00  1.216627484417976E-03  5.594283098905298E-05 49881684	  36     175.00     180.00  1.112193686107572E-03  5.025953662735106E-05 49881684
  37     180.00     185.00  9.908335035937331E-04  4.429314992483933E-05 47496264	  37     180.00     185.00  9.908335035937331E-04  4.429314992483933E-05 47496264	  37     180.00     185.00  9.107018132290017E-04  3.994873573997467E-05 47496264	  37     180.00     185.00  9.107018132290017E-04  3.994873573997467E-05 47496264	  37     180.00     185.00  1.084772604487293E-03  4.960204537830114E-05 47496264	  37     180.00     185.00  1.084772604487293E-03  4.960204537830114E-05 47496264	  37     180.00     185.00  9.908335035937331E-04  4.429314992483933E-05 47496264
  38     185.00     190.00  8.782330526831382E-04  4.287434738787055E-05 45292611	  38     185.00     190.00  8.782330526831382E-04  4.287434738787055E-05 45292611	  38     185.00     190.00  8.074236754995191E-04  3.874741109836530E-05 45292611	  38     185.00     190.00  8.074236754995191E-04  3.874741109836530E-05 45292611	  38     185.00     190.00  9.614258967366799E-04  4.787434735885425E-05 45292611	  38     185.00     190.00  9.614258967366799E-04  4.787434735885425E-05 45292611	  38     185.00     190.00  8.782330526831382E-04  4.287434738787055E-05 45292611
  39     190.00     195.00  8.641366964194413E-04  4.231969725486494E-05 43215754	  39     190.00     195.00  8.641366964194413E-04  4.231969725486494E-05 43215754	  39     190.00     195.00  7.911110737688802E-04  3.819941243920514E-05 43215754	  39     190.00     195.00  7.911110737688802E-04  3.819941243920514E-05 43215754	  39     190.00     195.00  9.505756052606410E-04  4.733972360942814E-05 43215754	  39     190.00     195.00  9.505756052606410E-04  4.733972360942814E-05 43215754	  39     190.00     195.00  8.641366964194413E-04  4.231969725486494E-05 43215754
  40     195.00     200.00  7.590023942847828E-04  4.382968165090674E-05 41280661	  40     195.00     200.00  7.590023942847828E-04  4.382968165090674E-05 41280661	  40     195.00     200.00  6.981185006698071E-04  3.938659998463004E-05 41280661	  40     195.00     200.00  6.981185006698071E-04  3.938659998463004E-05 41280661	  40     195.00     200.00  8.302039775096083E-04  4.930028331454573E-05 41280661	  40     195.00     200.00  8.302039775096083E-04  4.930028331454573E-05 41280661	  40     195.00     200.00  7.590023942847828E-04  4.382968165090674E-05 41280661
  41     200.00     205.00  6.651419196782682E-04  3.727587330564235E-05 39435492	  41     200.00     205.00  6.651419196782682E-04  3.727587330564235E-05 39435492	  41     200.00     205.00  6.108613387912464E-04  3.343478748533854E-05 39435492	  41     200.00     205.00  6.108613387912464E-04  3.343478748533854E-05 39435492	  41     200.00     205.00  7.290253213072828E-04  4.200090616862673E-05 39435492	  41     200.00     205.00  7.290253213072828E-04  4.200090616862673E-05 39435492	  41     200.00     205.00  6.651419196782682E-04  3.727587330564235E-05 39435492
  42     205.00     210.00  7.004484226067724E-04  3.505573771340782E-05 37728561	  42     205.00     210.00  7.004484226067724E-04  3.505573771340782E-05 37728561	  42     205.00     210.00  6.403400704005509E-04  3.139086156178771E-05 37728561	  42     205.00     210.00  6.403400704005509E-04  3.139086156178771E-05 37728561	  42     205.00     210.00  7.716678929853569E-04  3.958495324614790E-05 37728561	  42     205.00     210.00  7.716678929853569E-04  3.958495324614790E-05 37728561	  42     205.00     210.00  7.004484226067724E-04  3.505573771340782E-05 37728561
  43     210.00     215.00  6.240703190130956E-04  3.819976584587384E-05 36105629	  43     210.00     215.00  6.240703190130956E-04  3.819976584587384E-05 36105629	  43     210.00     215.00  5.730411465865139E-04  3.476934009104333E-05 36105629	  43     210.00     215.00  5.730411465865139E-04  3.476934009104333E-05 36105629	  43     210.00     215.00  6.841457365080332E-04  4.231996463699964E-05 36105629	  43     210.00     215.00  6.841457365080332E-04  4.231996463699964E-05 36105629	  43     210.00     215.00  6.240703190130956E-04  3.819976584587384E-05 36105629
  44     215.00     220.00  5.997482687433425E-04  3.393762814809934E-05 34590568	  44     215.00     220.00  5.997482687433425E-04  3.393762814809934E-05 34590568	  44     215.00     220.00  5.483683344170800E-04  3.044317798049832E-05 34590568	  44     215.00     220.00  5.483683344170800E-04  3.044317798049832E-05 34590568	  44     215.00     220.00  6.606233237146404E-04  3.824584743698194E-05 34590568	  44     215.00     220.00  6.606233237146404E-04  3.824584743698194E-05 34590568	  44     215.00     220.00  5.997482687433425E-04  3.393762814809934E-05 34590568
  45     220.00     225.00  5.838104003767487E-04  3.308017923296055E-05 33151110	  45     220.00     225.00  5.838104003767487E-04  3.308017923296055E-05 33151110	  45     220.00     225.00  5.324039940364238E-04  2.966468557286080E-05 33151110	  45     220.00     225.00  5.324039940364238E-04  2.966468557286080E-05 33151110	  45     220.00     225.00  6.449658966850910E-04  3.726698678326100E-05 33151110	  45     220.00     225.00  6.449658966850910E-04  3.726698678326100E-05 33151110	  45     220.00     225.00  5.838104003767487E-04  3.308017923296055E-05 33151110
  46     225.00     230.00  4.929846188767246E-04  2.978353145253522E-05 31797057	  46     225.00     230.00  4.929846188767246E-04  2.978353145253522E-05 31797057	  46     225.00     230.00  4.514891678190149E-04  2.692649228061781E-05 31797057	  46     225.00     230.00  4.514891678190149E-04  2.692649228061781E-05 31797057	  46     225.00     230.00  5.419838207186768E-04  3.324162376703435E-05 31797057	  46     225.00     230.00  5.419838207186768E-04  3.324162376703435E-05 31797057	  46     225.00     230.00  4.929846188767246E-04  2.978353145253522E-05 31797057
  47     230.00     235.00  4.173438034859401E-04  2.699068134966758E-05 30520545	  47     230.00     235.00  4.173438034859401E-04  2.699068134966758E-05 30520545	  47     230.00     235.00  3.817409059259617E-04  2.428645856835000E-05 30520545	  47     230.00     235.00  3.817409059259617E-04  2.428645856835000E-05 30520545	  47     230.00     235.00  4.594878036494070E-04  3.033274867066202E-05 30520545	  47     230.00     235.00  4.594878036494070E-04  3.033274867066202E-05 30520545	  47     230.00     235.00  4.173438034859401E-04  2.699068134966758E-05 30520545
  48     235.00     240.00  3.933468728727390E-04  2.285217027664156E-05 29307771	  48     235.00     240.00  3.933468728727390E-04  2.285217027664156E-05 29307771	  48     235.00     240.00  3.602730602014155E-04  2.064833913617562E-05 29307771	  48     235.00     240.00  3.602730602014155E-04  2.064833913617562E-05 29307771	  48     235.00     240.00  4.323797593069525E-04  2.552280676061233E-05 29307771	  48     235.00     240.00  4.323797593069525E-04  2.552280676061233E-05 29307771	  48     235.00     240.00  3.933468728727390E-04  2.285217027664156E-05 29307771
  49     240.00     245.00  3.866862182456819E-04  3.125704672133765E-05 28163992	  49     240.00     245.00  3.866862182456819E-04  3.125704672133765E-05 28163992	  49     240.00     245.00  3.525148757617126E-04  2.754907398715233E-05 28163992	  49     240.00     245.00  3.525148757617126E-04  2.754907398715233E-05 28163992	  49     240.00     245.00  4.273678128831709E-04  3.591427048305374E-05 28163992	  49     240.00     245.00  4.273678128831709E-04  3.591427048305374E-05 28163992	  49     240.00     245.00  3.866862182456819E-04  3.125704672133765E-05 28163992
  50     245.00     250.00  3.680907444946479E-04  2.291589140649742E-05 27078974	  50     245.00     250.00  3.680907444946479E-04  2.291589140649742E-05 27078974	  50     245.00     250.00  3.357856163014117E-04  2.064371136435944E-05 27078974	  50     245.00     250.00  3.357856163014117E-04  2.064371136435944E-05 27078974	  50     245.00     250.00  4.065712218450736E-04  2.568932723831706E-05 27078974	  50     245.00     250.00  4.065712218450736E-04  2.568932723831706E-05 27078974	  50     245.00     250.00  3.680907444946479E-04  2.291589140649742E-05 27078974
  51     250.00     255.00  3.689151421851444E-04  2.469590416570568E-05 26044954	  51     250.00     255.00  3.689151421851444E-04  2.469590416570568E-05 26044954	  51     250.00     255.00  3.357198895893319E-04  2.197390161194616E-05 26044954	  51     250.00     255.00  3.357198895893319E-04  2.197390161194616E-05 26044954	  51     250.00     255.00  4.086085553998418E-04  2.808307562813711E-05 26044954	  51     250.00     255.00  4.086085553998418E-04  2.808307562813711E-05 26044954	  51     250.00     255.00  3.689151421851444E-04  2.469590416570568E-05 26044954
  52     255.00     260.00  3.558201228114109E-04  3.017331541662311E-05 25067152	  52     255.00     260.00  3.558201228114109E-04  3.017331541662311E-05 25067152	  52     255.00     260.00  3.228739735200227E-04  2.677619975767305E-05 25067152	  52     255.00     260.00  3.228739735200227E-04  2.677619975767305E-05 25067152	  52     255.00     260.00  3.953106895657534E-04  3.440323677605726E-05 25067152	  52     255.00     260.00  3.953106895657534E-04  3.440323677605726E-05 25067152	  52     255.00     260.00  3.558201228114109E-04  3.017331541662311E-05 25067152
  53     260.00     265.00  2.918160237113674E-04  2.115190545283390E-05 24135322	  53     260.00     265.00  2.918160237113674E-04  2.115190545283390E-05 24135322	  53     260.00     265.00  2.656868920140337E-04  1.922152245081258E-05 24135322	  53     260.00     265.00  2.656868920140337E-04  1.922152245081258E-05 24135322	  53     260.00     265.00  3.228976715670547E-04  2.348954790866978E-05 24135322	  53     260.00     265.00  3.228976715670547E-04  2.348954790866978E-05 24135322	  53     260.00     265.00  2.918160237113674E-04  2.115190545283390E-05 24135322
  54     265.00     270.00  2.898415846088419E-04  2.107781202656978E-05 23262960	  54     265.00     270.00  2.898415846088419E-04  2.107781202656978E-05 23262960	  54     265.00     270.00  2.637275443236516E-04  1.894864297547719E-05 23262960	  54     265.00     270.00  2.637275443236516E-04  1.894864297547719E-05 23262960	  54     265.00     270.00  3.209577421583484E-04  2.368249707512076E-05 23262960	  54     265.00     270.00  3.209577421583484E-04  2.368249707512076E-05 23262960	  54     265.00     270.00  2.898415846088419E-04  2.107781202656978E-05 23262960
  55     270.00     275.00  2.823270285062073E-04  1.902722920815573E-05 22422339	  55     270.00     275.00  2.823270285062073E-04  1.902722920815573E-05 22422339	  55     270.00     275.00  2.555231900325055E-04  1.709253060026483E-05 22422339	  55     270.00     275.00  2.555231900325055E-04  1.709253060026483E-05 22422339	  55     270.00     275.00  3.145970375414703E-04  2.141315347364249E-05 22422339	  55     270.00     275.00  3.145970375414703E-04  2.141315347364249E-05 22422339	  55     270.00     275.00  2.823270285062073E-04  1.902722920815573E-05 22422339
  56     275.00     280.00  2.476525011992949E-04  2.240292344629141E-05 21622234	  56     275.00     280.00  2.476525011992949E-04  2.240292344629141E-05 21622234	  56     275.00     280.00  2.255818013144859E-04  2.018274556360561E-05 21622234	  56     275.00     280.00  2.255818013144859E-04  2.018274556360561E-05 21622234	  56     275.00     280.00  2.738907401578194E-04  2.511375846104727E-05 21622234	  56     275.00     280.00  2.738907401578194E-04  2.511375846104727E-05 21622234	  56     275.00     280.00  2.476525011992949E-04  2.240292344629141E-05 21622234
  57     280.00     285.00  2.467788001024971E-04  1.840040132507367E-05 20860459	  57     280.00     285.00  2.467788001024971E-04  1.840040132507367E-05 20860459	  57     280.00     285.00  2.237622989539828E-04  1.642051776489005E-05 20860459	  57     280.00     285.00  2.237622989539828E-04  1.642051776489005E-05 20860459	  57     280.00     285.00  2.744014007038724E-04  2.085789466726805E-05 20860459	  57     280.00     285.00  2.744014007038724E-04  2.085789466726805E-05 20860459	  57     280.00     285.00  2.467788001024971E-04  1.840040132507367E-05 20860459
  58     285.00     290.00  2.227090081609868E-04  1.835529052900696E-05 20140612	  58     285.00     290.00  2.227090081609868E-04  1.835529052900696E-05 20140612	  58     285.00     290.00  2.016319163791448E-04  1.630745697027845E-05 20140612	  58     285.00     290.00  2.016319163791448E-04  1.630745697027845E-05 20140612	  58     285.00     290.00  2.480938614620904E-04  2.089031017946463E-05 20140612	  58     285.00     290.00  2.480938614620904E-04  2.089031017946463E-05 20140612	  58     285.00     290.00  2.227090081609868E-04  1.835529052900696E-05 20140612
  59     290.00     295.00  1.789345372701883E-04  1.996918453410539E-05 19454171	  59     290.00     295.00  1.789345372701883E-04  1.996918453410539E-05 19454171	  59     290.00     295.00  1.622719556167836E-04  1.779766708791707E-05 19454171	  59     290.00     295.00  1.622719556167836E-04  1.779766708791707E-05 19454171	  59     290.00     295.00  1.988948313800685E-04  2.267216259718405E-05 19454171	  59     290.00     295.00  1.988948313800685E-04  2.267216259718405E-05 19454171	  59     290.00     295.00  1.789345372701883E-04  1.996918453410539E-05 19454171
  60     295.00     300.00  2.107214032975112E-04  1.577054601910099E-05 18791953	  60     295.00     300.00  2.107214032975112E-04  1.577054601910099E-05 18791953	  60     295.00     300.00  1.910232023128090E-04  1.409227891306347E-05 18791953	  60     295.00     300.00  1.910232023128090E-04  1.409227891306347E-05 18791953	  60     295.00     300.00  2.343650960895737E-04  1.784258505683658E-05 18791953	  60     295.00     300.00  2.343650960895737E-04  1.784258505683658E-05 18791953	  60     295.00     300.00  2.107214032975112E-04  1.577054601910099E-05 18791953
  61     300.00     305.00  1.652432653054094E-04  2.481127347406999E-05 18169438	  61     300.00     305.00  1.652432653054094E-04  2.481127347406999E-05 18169438	  61     300.00     305.00  1.503533506873434E-04  2.165322962198076E-05 18169438	  61     300.00     305.00  1.503533506873434E-04  2.165322962198076E-05 18169438	  61     300.00     305.00  1.829851137442350E-04  2.879180333991821E-05 18169438	  61     300.00     305.00  1.829851137442350E-04  2.879180333991821E-05 18169438	  61     300.00     305.00  1.652432653054094E-04  2.481127347406999E-05 18169438
  62     305.00     310.00  1.842662685893187E-04  1.534904504783167E-05 17567262	  62     305.00     310.00  1.842662685893187E-04  1.534904504783167E-05 17567262	  62     305.00     310.00  1.664889969983938E-04  1.353964053301748E-05 17567262	  62     305.00     310.00  1.664889969983938E-04  1.353964053301748E-05 17567262	  62     305.00     310.00  2.057652464961309E-04  1.762433678318443E-05 17567262	  62     305.00     310.00  2.057652464961309E-04  1.762433678318443E-05 17567262	  62     305.00     310.00  1.842662685893187E-04  1.534904504783167E-05 17567262
  63     310.00     315.00  1.570584430692697E-04  1.313397769447821E-05 16993676	  63     310.00     315.00  1.570584430692697E-04  1.313397769447821E-05 16993676	  63     310.00     315.00  1.418684448268133E-04  1.160534388483057E-05 16993676	  63     310.00     315.00  1.418684448268133E-04  1.160534388483057E-05 16993676	  63     310.00     315.00  1.754379734216160E-04  1.506020695238951E-05 16993676	  63     310.00     315.00  1.754379734216160E-04  1.506020695238951E-05 16993676	  63     310.00     315.00  1.570584430692697E-04  1.313397769447821E-05 16993676
  64     315.00     320.00  1.521399240591771E-04  1.480615369402728E-05 16446750	  64     315.00     320.00  1.521399240591771E-04  1.480615369402728E-05 16446750	  64     315.00     320.00  1.371366951321824E-04  1.312387947319401E-05 16446750	  64     315.00     320.00  1.371366951321824E-04  1.312387947319401E-05 16446750	  64     315.00     320.00  1.703031149849938E-04  1.692137234120067E-05 16446750	  64     315.00     320.00  1.703031149849938E-04  1.692137234120067E-05 16446750	  64     315.00     320.00  1.521399240591771E-04  1.480615369402728E-05 16446750
  65     320.00     325.00  1.235200360597540E-04  1.655219116393519E-05 15924008	  65     320.00     325.00  1.235200360597540E-04  1.655219116393519E-05 15924008	  65     320.00     325.00  1.116954547111621E-04  1.456077649327850E-05 15924008	  65     320.00     325.00  1.116954547111621E-04  1.456077649327850E-05 15924008	  65     320.00     325.00  1.378022386086684E-04  1.902584400657625E-05 15924008	  65     320.00     325.00  1.378022386086684E-04  1.902584400657625E-05 15924008	  65     320.00     325.00  1.235200360597540E-04  1.655219116393519E-05 15924008
  66     325.00     330.00  1.126046015352595E-04  1.336340338330491E-05 15424941	  66     325.00     330.00  1.126046015352595E-04  1.336340338330491E-05 15424941	  66     325.00     330.00  1.018834036891124E-04  1.192405788333537E-05 15424941	  66     325.00     330.00  1.018834036891124E-04  1.192405788333537E-05 15424941	  66     325.00     330.00  1.255205241140023E-04  1.513941590069756E-05 15424941	  66     325.00     330.00  1.255205241140023E-04  1.513941590069756E-05 15424941	  66     325.00     330.00  1.126046015352595E-04  1.336340338330491E-05 15424941
  67     330.00     335.00  1.390215220623456E-04  1.576504304125068E-05 14946193	  67     330.00     335.00  1.390215220623456E-04  1.576504304125068E-05 14946193	  67     330.00     335.00  1.256873608395471E-04  1.409569515807744E-05 14946193	  67     330.00     335.00  1.256873608395471E-04  1.409569515807744E-05 14946193	  67     330.00     335.00  1.550633837300590E-04  1.781246953449841E-05 14946193	  67     330.00     335.00  1.550633837300590E-04  1.781246953449841E-05 14946193	  67     330.00     335.00  1.390215220623456E-04  1.576504304125068E-05 14946193
  68     335.00     340.00  1.410857056302301E-04  1.448559017043808E-05 14483352	  68     335.00     340.00  1.410857056302301E-04  1.448559017043808E-05 14483352	  68     335.00     340.00  1.269328608191310E-04  1.264008967585129E-05 14483352	  68     335.00     340.00  1.269328608191310E-04  1.264008967585129E-05 14483352	  68     335.00     340.00  1.583111474312116E-04  1.685505489554546E-05 14483352	  68     335.00     340.00  1.583111474312116E-04  1.685505489554546E-05 14483352	  68     335.00     340.00  1.410857056302301E-04  1.448559017043808E-05 14483352
  69     340.00     345.00  1.126571501455037E-04  1.014557938973772E-05 14042493	  69     340.00     345.00  1.126571501455037E-04  1.014557938973772E-05 14042493	  69     340.00     345.00  1.017571082589038E-04  9.132865033616350E-06 14042493	  69     340.00     345.00  1.017571082589038E-04  9.132865033616350E-06 14042493	  69     340.00     345.00  1.258054176181143E-04  1.137845108170747E-05 14042493	  69     340.00     345.00  1.258054176181143E-04  1.137845108170747E-05 14042493	  69     340.00     345.00  1.126571501455037E-04  1.014557938973772E-05 14042493
  70     345.00     350.00  9.772423505221877E-05  9.119391872208967E-06 13613227	  70     345.00     350.00  9.772423505221877E-05  9.119391872208967E-06 13613227	  70     345.00     350.00  8.807808541164108E-05  8.076103494580222E-06 13613227	  70     345.00     350.00  8.807808541164108E-05  8.076103494580222E-06 13613227	  70     345.00     350.00  1.094078050837419E-04  1.042929549757616E-05 13613227	  70     345.00     350.00  1.094078050837419E-04  1.042929549757616E-05 13613227	  70     345.00     350.00  9.772423505221877E-05  9.119391872208967E-06 13613227
  71     350.00     355.00  9.955770432185425E-05  9.959266957586964E-06 13202013	  71     350.00     355.00  9.955770432185425E-05  9.959266957586964E-06 13202013	  71     350.00     355.00  9.037723713093849E-05  8.920601033829471E-06 13202013	  71     350.00     355.00  9.037723713093849E-05  8.920601033829471E-06 13202013	  71     350.00     355.00  1.105048262254350E-04  1.123353192307770E-05 13202013	  71     350.00     355.00  1.105048262254350E-04  1.123353192307770E-05 13202013	  71     350.00     355.00  9.955770432185425E-05  9.959266957586964E-06 13202013
  72     355.00     360.00  7.449617291386491E-05  8.630673739791652E-06 12820562	  72     355.00     360.00  7.449617291386491E-05  8.630673739791652E-06 12820562	  72     355.00     360.00  6.738277946534642E-05  7.682506822749576E-06 12820562	  72     355.00     360.00  6.738277946534642E-05  7.682506822749576E-06 12820562	  72     355.00     360.00  8.302632599703828E-05  9.807202751141190E-06 12820562	  72     355.00     360.00  8.302632599703828E-05  9.807202751141190E-06 12820562	  72     355.00     360.00  7.449617291386491E-05  8.630673739791652E-06 12820562
  73     360.00     365.00  6.915358691069866E-05  8.279711964961465E-06 12439553	  73     360.00     365.00  6.915358691069866E-05  8.279711964961465E-06 12439553	  73     360.00     365.00  6.247584913082005E-05  7.361456063877315E-06 12439553	  73     360.00     365.00  6.247584913082005E-05  7.361456063877315E-06 12439553	  73     360.00     365.00  7.720512697709512E-05  9.407994449651618E-06 12439553	  73     360.00     365.00  7.720512697709512E-05  9.407994449651618E-06 12439553	  73     360.00     365.00  6.915358691069866E-05  8.279711964961465E-06 12439553
  74     365.00     370.00  9.019026948396073E-05  1.150613247060973E-05 12089288	  74     365.00     370.00  9.019026948396073E-05  1.150613247060973E-05 12089288	  74     365.00     370.00  8.102381498287514E-05  1.016135634640141E-05 12089288	  74     365.00     370.00  8.102381498287514E-05  1.016135634640141E-05 12089288	  74     365.00     370.00  1.013537585656118E-04  1.319346175607351E-05 12089288	  74     365.00     370.00  1.013537585656118E-04  1.319346175607351E-05 12089288	  74     365.00     370.00  9.019026948396073E-05  1.150613247060973E-05 12089288
  75     370.00     375.00  6.726231127450440E-05  8.093549941068633E-06 11742087	  75     370.00     375.00  6.726231127450440E-05  8.093549941068633E-06 11742087	  75     370.00     375.00  6.100270445898110E-05  7.215900893720343E-06 11742087	  75     370.00     375.00  6.100270445898110E-05  7.215900893720343E-06 11742087	  75     370.00     375.00  7.474454315021692E-05  9.174778760293228E-06 11742087	  75     370.00     375.00  7.474454315021692E-05  9.174778760293228E-06 11742087	  75     370.00     375.00  6.726231127450440E-05  8.093549941068633E-06 11742087
  76     375.00     380.00  1.008863205564881E-04  1.835852282198922E-05 11402452	  76     375.00     380.00  1.008863205564881E-04  1.835852282198922E-05 11402452	  76     375.00     380.00  8.998411969251927E-05  1.601409205011644E-05 11402452	  76     375.00     380.00  8.998411969251927E-05  1.601409205011644E-05 11402452	  76     375.00     380.00  1.142646243366288E-04  2.129455996101022E-05 11402452	  76     375.00     380.00  1.142646243366288E-04  2.129455996101022E-05 11402452	  76     375.00     380.00  1.008863205564881E-04  1.835852282198922E-05 11402452
  77     380.00     385.00  5.958856925887017E-05  7.405860802266592E-06 11078133	  77     380.00     385.00  5.958856925887017E-05  7.405860802266592E-06 11078133	  77     380.00     385.00  5.341525364800738E-05  6.610996832496238E-06 11078133	  77     380.00     385.00  5.341525364800738E-05  6.610996832496238E-06 11078133	  77     380.00     385.00  6.711321150805711E-05  8.384179869211112E-06 11078133	  77     380.00     385.00  6.711321150805711E-05  8.384179869211112E-06 11078133	  77     380.00     385.00  5.958856925887017E-05  7.405860802266592E-06 11078133
  78     385.00     390.00  5.912093241789276E-05  7.840773216390276E-06 10775612	  78     385.00     390.00  5.912093241789276E-05  7.840773216390276E-06 10775612	  78     385.00     390.00  5.331790639379856E-05  6.998493991765475E-06 10775612	  78     385.00     390.00  5.331790639379856E-05  6.998493991765475E-06 10775612	  78     385.00     390.00  6.610582261352426E-05  8.878059532095725E-06 10775612	  78     385.00     390.00  6.610582261352426E-05  8.878059532095725E-06 10775612	  78     385.00     390.00  5.912093241789276E-05  7.840773216390276E-06 10775612
  79     390.00     395.00  5.986887438682735E-05  6.766856964648348E-06 10477197	  79     390.00     395.00  5.986887438682735E-05  6.766856964648348E-06 10477197	  79     390.00     395.00  5.392603103342281E-05  6.100873059699160E-06 10477197	  79     390.00     395.00  5.392603103342281E-05  6.100873059699160E-06 10477197	  79     390.00     395.00  6.706712082164719E-05  7.576225222363032E-06 10477197	  79     390.00     395.00  6.706712082164719E-05  7.576225222363032E-06 10477197	  79     390.00     395.00  5.986887438682735E-05  6.766856964648348E-06 10477197
  80     395.00     400.00  6.586918225913646E-05  7.677723943680093E-06 10193160	  80     395.00     400.00  6.586918225913646E-05  7.677723943680093E-06 10193160	  80     395.00     400.00  5.919091632062897E-05  6.861207680561081E-06 10193160	  80     395.00     400.00  5.919091632062897E-05  6.861207680561081E-06 10193160	  80     395.00     400.00  7.396825162315117E-05  8.678537973290755E-06 10193160	  80     395.00     400.00  7.396825162315117E-05  8.678537973290755E-06 10193160	  80     395.00     400.00  6.586918225913646E-05  7.677723943680093E-06 10193160
  81     400.00     405.00  4.049149988151356E-05  4.998259364319809E-06 9916936	  81     400.00     405.00  4.049149988151356E-05  4.998259364319809E-06 9916936	  81     400.00     405.00  3.655756305058041E-05  4.428998137596431E-06 9916936	  81     400.00     405.00  3.655756305058041E-05  4.428998137596431E-06 9916936	  81     400.00     405.00  4.523175975988916E-05  5.707190687186191E-06 9916936	  81     400.00     405.00  4.523175975988916E-05  5.707190687186191E-06 9916936	  81     400.00     405.00  4.049149988151356E-05  4.998259364319809E-06 9916936
  82     405.00     410.00  3.985533509401520E-05  4.261708097656286E-06 9652503	  82     405.00     410.00  3.985533509401520E-05  4.261708097656286E-06 9652503	  82     405.00     410.00  3.580779831475343E-05  3.788809454863172E-06 9652503	  82     405.00     410.00  3.580779831475343E-05  3.788809454863172E-06 9652503	  82     405.00     410.00  4.478266817706539E-05  4.847884568466345E-06 9652503	  82     405.00     410.00  4.478266817706539E-05  4.847884568466345E-06 9652503	  82     405.00     410.00  3.985533509401520E-05  4.261708097656286E-06 9652503
  83     410.00     415.00  4.409041738053899E-05  7.948349423453699E-06 9386848	  83     410.00     415.00  4.409041738053899E-05  7.948349423453699E-06 9386848	  83     410.00     415.00  3.963499438799348E-05  7.083237058910878E-06 9386848	  83     410.00     415.00  3.963499438799348E-05  7.083237058910878E-06 9386848	  83     410.00     415.00  4.948844239781629E-05  9.001764035950090E-06 9386848	  83     410.00     415.00  4.948844239781629E-05  9.001764035950090E-06 9386848	  83     410.00     415.00  4.409041738053899E-05  7.948349423453699E-06 9386848
  84     415.00     420.00  4.277342739622086E-05  5.059249832880694E-06 9143453	  84     415.00     420.00  4.277342739622086E-05  5.059249832880694E-06 9143453	  84     415.00     420.00  3.841167888688410E-05  4.478126176532672E-06 9143453	  84     415.00     420.00  3.841167888688410E-05  4.478126176532672E-06 9143453	  84     415.00     420.00  4.806387444089823E-05  5.780678157211252E-06 9143453	  84     415.00     420.00  4.806387444089823E-05  5.780678157211252E-06 9143453	  84     415.00     420.00  4.277342739622086E-05  5.059249832880694E-06 9143453
  85     420.00     425.00  4.070305547215184E-05  9.616084860629368E-06 8900439	  85     420.00     425.00  4.070305547215184E-05  9.616084860629368E-06 8900439	  85     420.00     425.00  3.674147564882146E-05  8.689173215790081E-06 8900439	  85     420.00     425.00  3.674147564882146E-05  8.689173215790081E-06 8900439	  85     420.00     425.00  4.547770274611160E-05  1.074078644607384E-05 8900439	  85     420.00     425.00  4.547770274611160E-05  1.074078644607384E-05 8900439	  85     420.00     425.00  4.070305547215184E-05  9.616084860629368E-06 8900439
  86     425.00     430.00  4.405224535812797E-05  6.297338107575945E-06 8672508	  86     425.00     430.00  4.405224535812797E-05  6.297338107575945E-06 8672508	  86     425.00     430.00  3.963698288434298E-05  5.695840401555093E-06 8672508	  86     425.00     430.00  3.963698288434298E-05  5.695840401555093E-06 8672508	  86     425.00     430.00  4.939116917521118E-05  7.024381751908292E-06 8672508	  86     425.00     430.00  4.939116917521118E-05  7.024381751908292E-06 8672508	  86     425.00     430.00  4.405224535812797E-05  6.297338107575945E-06 8672508
  87     430.00     435.00  4.300474815154331E-05  7.679588655253938E-06 8451033	  87     430.00     435.00  4.300474815154331E-05  7.679588655253938E-06 8451033	  87     430.00     435.00  3.866022762252417E-05  6.772484634986225E-06 8451033	  87     430.00     435.00  3.866022762252417E-05  6.772484634986225E-06 8451033	  87     430.00     435.00  4.826491925150496E-05  8.805298345726792E-06 8451033	  87     430.00     435.00  4.826491925150496E-05  8.805298345726792E-06 8451033	  87     430.00     435.00  4.300474815154331E-05  7.679588655253938E-06 8451033
  88     435.00     440.00  3.935505782504735E-05  5.584988095381052E-06 8235246	  88     435.00     440.00  3.935505782504735E-05  5.584988095381052E-06 8235246	  88     435.00     440.00  3.515033203066892E-05  4.927158398082821E-06 8235246	  88     435.00     440.00  3.515033203066892E-05  4.927158398082821E-06 8235246	  88     435.00     440.00  4.450410287047942E-05  6.406415970119262E-06 8235246	  88     435.00     440.00  4.450410287047942E-05  6.406415970119262E-06 8235246	  88     435.00     440.00  3.935505782504735E-05  5.584988095381052E-06 8235246
  89     440.00     445.00  4.300081404913120E-05  6.138643653411267E-06 8026998	  89     440.00     445.00  4.300081404913120E-05  6.138643653411267E-06 8026998	  89     440.00     445.00  3.852259055297078E-05  5.490903244891528E-06 8026998	  89     440.00     445.00  3.852259055297078E-05  5.490903244891528E-06 8026998	  89     440.00     445.00  4.844041718632250E-05  6.931998662408846E-06 8026998	  89     440.00     445.00  4.844041718632250E-05  6.931998662408846E-06 8026998	  89     440.00     445.00  4.300081404913120E-05  6.138643653411267E-06 8026998
  90     445.00     450.00  3.753858282498222E-05  5.398804587088697E-06 7822397	  90     445.00     450.00  3.753858282498222E-05  5.398804587088697E-06 7822397	  90     445.00     450.00  3.377309720290519E-05  4.797818273956718E-06 7822397	  90     445.00     450.00  3.377309720290519E-05  4.797818273956718E-06 7822397	  90     445.00     450.00  4.208111562132660E-05  6.143558806270777E-06 7822397	  90     445.00     450.00  4.208111562132660E-05  6.143558806270777E-06 7822397	  90     445.00     450.00  3.753858282498222E-05  5.398804587088697E-06 7822397
  91     450.00     455.00  2.995351760892587E-05  6.691671380222293E-06 7632384	  91     450.00     455.00  2.995351760892587E-05  6.691671380222293E-06 7632384	  91     450.00     455.00  2.703153376026959E-05  6.073499189676330E-06 7632384	  91     450.00     455.00  2.703153376026959E-05  6.073499189676330E-06 7632384	  91     450.00     455.00  3.347469094240272E-05  7.427552421228522E-06 7632384	  91     450.00     455.00  3.347469094240272E-05  7.427552421228522E-06 7632384	  91     450.00     455.00  2.995351760892587E-05  6.691671380222293E-06 7632384
  92     455.00     460.00  3.152728034570544E-05  4.448756902167550E-06 7446043	  92     455.00     460.00  3.152728034570544E-05  4.448756902167550E-06 7446043	  92     455.00     460.00  2.830665860826813E-05  3.953728081094578E-06 7446043	  92     455.00     460.00  2.830665860826813E-05  3.953728081094578E-06 7446043	  92     455.00     460.00  3.542989232322982E-05  5.058411344428070E-06 7446043	  92     455.00     460.00  3.542989232322982E-05  5.058411344428070E-06 7446043	  92     455.00     460.00  3.152728034570544E-05  4.448756902167550E-06 7446043
  93     460.00     465.00  1.831040823924101E-05  5.072880568616011E-06 7263649	  93     460.00     465.00  1.831040823924101E-05  5.072880568616011E-06 7263649	  93     460.00     465.00  1.650685156156467E-05  4.483039281936739E-06 7263649	  93     460.00     465.00  1.650685156156467E-05  4.483039281936739E-06 7263649	  93     460.00     465.00  2.049280236993662E-05  5.802194203512244E-06 7263649	  93     460.00     465.00  2.049280236993662E-05  5.802194203512244E-06 7263649	  93     460.00     465.00  1.831040823924101E-05  5.072880568616011E-06 7263649
  94     465.00     470.00  2.398916833290885E-05  3.142954485335884E-06 7084138	  94     465.00     470.00  2.398916833290885E-05  3.142954485335884E-06 7084138	  94     465.00     470.00  2.142628274461879E-05  2.730128317743196E-06 7084138	  94     465.00     470.00  2.142628274461879E-05  2.730128317743196E-06 7084138	  94     465.00     470.00  2.712831161677911E-05  3.676181277355889E-06 7084138	  94     465.00     470.00  2.712831161677911E-05  3.676181277355889E-06 7084138	  94     465.00     470.00  2.398916833290885E-05  3.142954485335884E-06 7084138
  95     470.00     475.00  1.993495103753417E-05  4.005955618034205E-06 6914203	  95     470.00     475.00  1.993495103753417E-05  4.005955618034205E-06 6914203	  95     470.00     475.00  1.804247234317677E-05  3.553143213115605E-06 6914203	  95     470.00     475.00  1.804247234317677E-05  3.553143213115605E-06 6914203	  95     470.00     475.00  2.220521664617182E-05  4.564895591663616E-06 6914203	  95     470.00     475.00  2.220521664617182E-05  4.564895591663616E-06 6914203	  95     470.00     475.00  1.993495103753417E-05  4.005955618034205E-06 6914203
  96     475.00     480.00  1.625423233459394E-05  2.631106195696303E-06 6743106	  96     475.00     480.00  1.625423233459394E-05  2.631106195696303E-06 6743106	  96     475.00     480.00  1.475701647192839E-05  2.351358775772685E-06 6743106	  96     475.00     480.00  1.475701647192839E-05  2.351358775772685E-06 6743106	  96     475.00     480.00  1.804284230295247E-05  2.974882659655266E-06 6743106	  96     475.00     480.00  1.804284230295247E-05  2.974882659655266E-06 6743106	  96     475.00     480.00  1.625423233459394E-05  2.631106195696303E-06 6743106
  97     480.00     485.00  2.307697310681318E-05  3.409034226897342E-06 6589011	  97     480.00     485.00  2.307697310681318E-05  3.409034226897342E-06 6589011	  97     480.00     485.00  2.056377972954219E-05  3.017698098842903E-06 6589011	  97     480.00     485.00  2.056377972954219E-05  3.017698098842903E-06 6589011	  97     480.00     485.00  2.616855674404948E-05  3.897694719137322E-06 6589011	  97     480.00     485.00  2.616855674404948E-05  3.897694719137322E-06 6589011	  97     480.00     485.00  2.307697310681318E-05  3.409034226897342E-06 6589011
  98     485.00     490.00  2.308886475858203E-05  4.432412950842658E-06 6436133	  98     485.00     490.00  2.308886475858203E-05  4.432412950842658E-06 6436133	  98     485.00     490.00  2.073325540391158E-05  3.966556493945000E-06 6436133	  98     485.00     490.00  2.073325540391158E-05  3.966556493945000E-06 6436133	  98     485.00     490.00  2.595470805137808E-05  5.000375856589753E-06 6436133	  98     485.00     490.00  2.595470805137808E-05  5.000375856589753E-06 6436133	  98     485.00     490.00  2.308886475858203E-05  4.432412950842658E-06 6436133
  99     490.00     495.00  2.242780100667115E-05  8.131934319248299E-06 6278745	  99     490.00     495.00  2.242780100667115E-05  8.131934319248299E-06 6278745	  99     490.00     495.00  2.007538564999012E-05  7.216256141282062E-06 6278745	  99     490.00     495.00  2.007538564999012E-05  7.216256141282062E-06 6278745	  99     490.00     495.00  2.527901125766972E-05  9.251919251643769E-06 6278745	  99     490.00     495.00  2.527901125766972E-05  9.251919251643769E-06 6278745	  99     490.00     495.00  2.242780100667115E-05  8.131934319248299E-06 6278745
 100     495.00     500.00  2.375378587318170E-05  3.435953711814441E-06 6135949	 100     495.00     500.00  2.375378587318170E-05  3.435953711814441E-06 6135949	 100     495.00     500.00  2.120115827438558E-05  3.053234410772940E-06 6135949	 100     495.00     500.00  2.120115827438558E-05  3.053234410772940E-06 6135949	 100     495.00     500.00  2.687271200811020E-05  3.910509408559655E-06 6135949	 100     495.00     500.00  2.687271200811020E-05  3.910509408559655E-06 6135949	 100     495.00     500.00  2.375378587318170E-05  3.435953711814441E-06 6135949
# Underflow:                 0.0000000000000000E+00  0.0000000000000000E+00 0
# Overflow:                 -2.1307236215138911E-05  1.2241605621739953E-06 12372
#-------------------------------------------------------------------------------------	#-------------------------------------------------------------------------------------	#-------------------------------------------------------------------------------------	#-------------------------------------------------------------------------------------	#-------------------------------------------------------------------------------------	#-------------------------------------------------------------------------------------	#-------------------------------------------------------------------------------------
# Sum:                      -1.5099764659991556E-02  1.9897296784163426E-04 170000
#=====================================================================================	#=====================================================================================	#=====================================================================================	#=====================================================================================	#=====================================================================================	#=====================================================================================	#=====================================================================================
