# title = Rapidity anti-Muon
# xlabel = $y_{\mu^+}$
# ylabel = $\frac{\text{d}\sigma}{\text{d}y_{\mu^+}}\,[\text{fb}]$
# xmin= -2.500E+00
# xmax=  2.500E+00
# ymin=  1.000E-04
# ymax=  6.000E-01
# kmin= -2.000E+01
# kmax=  1.000E+01
# logscale = false
# Renormalization and factorization scale scaled by: 1.0000000000
# Renormalization scaled by: 1.0000000000
# Number of generated events: 6467394395
#	#	#	#	#	#	#
#=====================================================================================	#=====================================================================================	#=====================================================================================	#=====================================================================================	#=====================================================================================	#=====================================================================================	#=====================================================================================
# No.       Left      Right                   Value                   Error Hits
#-------------------------------------------------------------------------------------	#-------------------------------------------------------------------------------------	#-------------------------------------------------------------------------------------	#-------------------------------------------------------------------------------------	#-------------------------------------------------------------------------------------	#-------------------------------------------------------------------------------------	#-------------------------------------------------------------------------------------
   1      -5.00      -4.90  0.000000000000000E+00  0.000000000000000E+00 0	   1      -5.00      -4.90  0.000000000000000E+00  0.000000000000000E+00 0	   1      -5.00      -4.90  0.000000000000000E+00  0.000000000000000E+00 0	   1      -5.00      -4.90  0.000000000000000E+00  0.000000000000000E+00 0	   1      -5.00      -4.90  0.000000000000000E+00  0.000000000000000E+00 0	   1      -5.00      -4.90  0.000000000000000E+00  0.000000000000000E+00 0	   1      -5.00      -4.90  0.000000000000000E+00  0.000000000000000E+00 0
   2      -4.90      -4.80  0.000000000000000E+00  0.000000000000000E+00 0	   2      -4.90      -4.80  0.000000000000000E+00  0.000000000000000E+00 0	   2      -4.90      -4.80  0.000000000000000E+00  0.000000000000000E+00 0	   2      -4.90      -4.80  0.000000000000000E+00  0.000000000000000E+00 0	   2      -4.90      -4.80  0.000000000000000E+00  0.000000000000000E+00 0	   2      -4.90      -4.80  0.000000000000000E+00  0.000000000000000E+00 0	   2      -4.90      -4.80  0.000000000000000E+00  0.000000000000000E+00 0
   3      -4.80      -4.70  0.000000000000000E+00  0.000000000000000E+00 0	   3      -4.80      -4.70  0.000000000000000E+00  0.000000000000000E+00 0	   3      -4.80      -4.70  0.000000000000000E+00  0.000000000000000E+00 0	   3      -4.80      -4.70  0.000000000000000E+00  0.000000000000000E+00 0	   3      -4.80      -4.70  0.000000000000000E+00  0.000000000000000E+00 0	   3      -4.80      -4.70  0.000000000000000E+00  0.000000000000000E+00 0	   3      -4.80      -4.70  0.000000000000000E+00  0.000000000000000E+00 0
   4      -4.70      -4.60  0.000000000000000E+00  0.000000000000000E+00 0	   4      -4.70      -4.60  0.000000000000000E+00  0.000000000000000E+00 0	   4      -4.70      -4.60  0.000000000000000E+00  0.000000000000000E+00 0	   4      -4.70      -4.60  0.000000000000000E+00  0.000000000000000E+00 0	   4      -4.70      -4.60  0.000000000000000E+00  0.000000000000000E+00 0	   4      -4.70      -4.60  0.000000000000000E+00  0.000000000000000E+00 0	   4      -4.70      -4.60  0.000000000000000E+00  0.000000000000000E+00 0
   5      -4.60      -4.50  0.000000000000000E+00  0.000000000000000E+00 0	   5      -4.60      -4.50  0.000000000000000E+00  0.000000000000000E+00 0	   5      -4.60      -4.50  0.000000000000000E+00  0.000000000000000E+00 0	   5      -4.60      -4.50  0.000000000000000E+00  0.000000000000000E+00 0	   5      -4.60      -4.50  0.000000000000000E+00  0.000000000000000E+00 0	   5      -4.60      -4.50  0.000000000000000E+00  0.000000000000000E+00 0	   5      -4.60      -4.50  0.000000000000000E+00  0.000000000000000E+00 0
   6      -4.50      -4.40  0.000000000000000E+00  0.000000000000000E+00 0	   6      -4.50      -4.40  0.000000000000000E+00  0.000000000000000E+00 0	   6      -4.50      -4.40  0.000000000000000E+00  0.000000000000000E+00 0	   6      -4.50      -4.40  0.000000000000000E+00  0.000000000000000E+00 0	   6      -4.50      -4.40  0.000000000000000E+00  0.000000000000000E+00 0	   6      -4.50      -4.40  0.000000000000000E+00  0.000000000000000E+00 0	   6      -4.50      -4.40  0.000000000000000E+00  0.000000000000000E+00 0
   7      -4.40      -4.30  0.000000000000000E+00  0.000000000000000E+00 0	   7      -4.40      -4.30  0.000000000000000E+00  0.000000000000000E+00 0	   7      -4.40      -4.30  0.000000000000000E+00  0.000000000000000E+00 0	   7      -4.40      -4.30  0.000000000000000E+00  0.000000000000000E+00 0	   7      -4.40      -4.30  0.000000000000000E+00  0.000000000000000E+00 0	   7      -4.40      -4.30  0.000000000000000E+00  0.000000000000000E+00 0	   7      -4.40      -4.30  0.000000000000000E+00  0.000000000000000E+00 0
   8      -4.30      -4.20  0.000000000000000E+00  0.000000000000000E+00 0	   8      -4.30      -4.20  0.000000000000000E+00  0.000000000000000E+00 0	   8      -4.30      -4.20  0.000000000000000E+00  0.000000000000000E+00 0	   8      -4.30      -4.20  0.000000000000000E+00  0.000000000000000E+00 0	   8      -4.30      -4.20  0.000000000000000E+00  0.000000000000000E+00 0	   8      -4.30      -4.20  0.000000000000000E+00  0.000000000000000E+00 0	   8      -4.30      -4.20  0.000000000000000E+00  0.000000000000000E+00 0
   9      -4.20      -4.10  0.000000000000000E+00  0.000000000000000E+00 0	   9      -4.20      -4.10  0.000000000000000E+00  0.000000000000000E+00 0	   9      -4.20      -4.10  0.000000000000000E+00  0.000000000000000E+00 0	   9      -4.20      -4.10  0.000000000000000E+00  0.000000000000000E+00 0	   9      -4.20      -4.10  0.000000000000000E+00  0.000000000000000E+00 0	   9      -4.20      -4.10  0.000000000000000E+00  0.000000000000000E+00 0	   9      -4.20      -4.10  0.000000000000000E+00  0.000000000000000E+00 0
  10      -4.10      -4.00  0.000000000000000E+00  0.000000000000000E+00 0	  10      -4.10      -4.00  0.000000000000000E+00  0.000000000000000E+00 0	  10      -4.10      -4.00  0.000000000000000E+00  0.000000000000000E+00 0	  10      -4.10      -4.00  0.000000000000000E+00  0.000000000000000E+00 0	  10      -4.10      -4.00  0.000000000000000E+00  0.000000000000000E+00 0	  10      -4.10      -4.00  0.000000000000000E+00  0.000000000000000E+00 0	  10      -4.10      -4.00  0.000000000000000E+00  0.000000000000000E+00 0
  11      -4.00      -3.90  9.202603392143477E-05  2.504602386121593E-06 227563	  11      -4.00      -3.90  9.202603392143477E-05  2.504602386121593E-06 227563	  11      -4.00      -3.90  8.133141445342201E-05  2.143191215140727E-06 227563	  11      -4.00      -3.90  8.133141445342201E-05  2.143191215140727E-06 227563	  11      -4.00      -3.90  1.052541666132937E-04  2.980773005572709E-06 227563	  11      -4.00      -3.90  1.052541666132937E-04  2.980773005572709E-06 227563	  11      -4.00      -3.90  9.202603392143477E-05  2.504602386121593E-06 227563
  12      -3.90      -3.80  3.725862620776698E-04  4.885403937714341E-06 790876	  12      -3.90      -3.80  3.725862620776698E-04  4.885403937714341E-06 790876	  12      -3.90      -3.80  3.301100355780633E-04  4.206599142100662E-06 790876	  12      -3.90      -3.80  3.301100355780633E-04  4.206599142100662E-06 790876	  12      -3.90      -3.80  4.249375918698313E-04  5.770491080633507E-06 790876	  12      -3.90      -3.80  4.249375918698313E-04  5.770491080633507E-06 790876	  12      -3.90      -3.80  3.725862620776698E-04  4.885403937714341E-06 790876
  13      -3.80      -3.70  8.791945655562597E-04  9.825065343418922E-06 1539269	  13      -3.80      -3.70  8.791945655562597E-04  9.825065343418922E-06 1539269	  13      -3.80      -3.70  7.814377026773110E-04  8.514804748042791E-06 1539269	  13      -3.80      -3.70  7.814377026773110E-04  8.514804748042791E-06 1539269	  13      -3.80      -3.70  9.991583090999694E-04  1.151782828880788E-05 1539269	  13      -3.80      -3.70  9.991583090999694E-04  1.151782828880788E-05 1539269	  13      -3.80      -3.70  8.791945655562597E-04  9.825065343418922E-06 1539269
  14      -3.70      -3.60  1.647878901917156E-03  1.273796700905647E-05 2501867	  14      -3.70      -3.60  1.647878901917156E-03  1.273796700905647E-05 2501867	  14      -3.70      -3.60  1.467320600624639E-03  1.103162568299517E-05 2501867	  14      -3.70      -3.60  1.467320600624639E-03  1.103162568299517E-05 2501867	  14      -3.70      -3.60  1.868918092022616E-03  1.494254621866530E-05 2501867	  14      -3.70      -3.60  1.868918092022616E-03  1.494254621866530E-05 2501867	  14      -3.70      -3.60  1.647878901917156E-03  1.273796700905647E-05 2501867
  15      -3.60      -3.50  2.801397823056337E-03  1.735707769102308E-05 3694643	  15      -3.60      -3.50  2.801397823056337E-03  1.735707769102308E-05 3694643	  15      -3.60      -3.50  2.502352960619587E-03  1.513458443309151E-05 3694643	  15      -3.60      -3.50  2.502352960619587E-03  1.513458443309151E-05 3694643	  15      -3.60      -3.50  3.165798821793768E-03  2.020931324392278E-05 3694643	  15      -3.60      -3.50  3.165798821793768E-03  2.020931324392278E-05 3694643	  15      -3.60      -3.50  2.801397823056337E-03  1.735707769102308E-05 3694643
  16      -3.50      -3.40  4.525257130544018E-03  2.365646611382358E-05 5120036	  16      -3.50      -3.40  4.525257130544018E-03  2.365646611382358E-05 5120036	  16      -3.50      -3.40  4.051368868516403E-03  2.071239094027021E-05 5120036	  16      -3.50      -3.40  4.051368868516403E-03  2.071239094027021E-05 5120036	  16      -3.50      -3.40  5.101024165306271E-03  2.741265860814184E-05 5120036	  16      -3.50      -3.40  5.101024165306271E-03  2.741265860814184E-05 5120036	  16      -3.50      -3.40  4.525257130544018E-03  2.365646611382358E-05 5120036
  17      -3.40      -3.30  6.790916423258936E-03  2.978082100269426E-05 6794466	  17      -3.40      -3.30  6.790916423258936E-03  2.978082100269426E-05 6794466	  17      -3.40      -3.30  6.096479933644719E-03  2.616510313514588E-05 6794466	  17      -3.40      -3.30  6.096479933644719E-03  2.616510313514588E-05 6794466	  17      -3.40      -3.30  7.631171524795950E-03  3.436909261986240E-05 6794466	  17      -3.40      -3.30  7.631171524795950E-03  3.436909261986240E-05 6794466	  17      -3.40      -3.30  6.790916423258936E-03  2.978082100269426E-05 6794466
  18      -3.30      -3.20  9.863110462616526E-03  3.872796541621837E-05 8717374	  18      -3.30      -3.20  9.863110462616526E-03  3.872796541621837E-05 8717374	  18      -3.30      -3.20  8.872030267225562E-03  3.406129715367557E-05 8717374	  18      -3.30      -3.20  8.872030267225562E-03  3.406129715367557E-05 8717374	  18      -3.30      -3.20  1.105928217755451E-02  4.463533313589865E-05 8717374	  18      -3.30      -3.20  1.105928217755451E-02  4.463533313589865E-05 8717374	  18      -3.30      -3.20  9.863110462616526E-03  3.872796541621837E-05 8717374
  19      -3.20      -3.10  1.382548719195630E-02  4.640515676270971E-05 10900398	  19      -3.20      -3.10  1.382548719195630E-02  4.640515676270971E-05 10900398	  19      -3.20      -3.10  1.246534932629359E-02  4.094690348550932E-05 10900398	  19      -3.20      -3.10  1.246534932629359E-02  4.094690348550932E-05 10900398	  19      -3.20      -3.10  1.546156931792245E-02  5.329368154646573E-05 10900398	  19      -3.20      -3.10  1.546156931792245E-02  5.329368154646573E-05 10900398	  19      -3.20      -3.10  1.382548719195630E-02  4.640515676270971E-05 10900398
  20      -3.10      -3.00  1.880235961436995E-02  5.781507113993861E-05 13343908	  20      -3.10      -3.00  1.880235961436995E-02  5.781507113993861E-05 13343908	  20      -3.10      -3.00  1.698652536974899E-02  5.108188120602947E-05 13343908	  20      -3.10      -3.00  1.698652536974899E-02  5.108188120602947E-05 13343908	  20      -3.10      -3.00  2.098072411778227E-02  6.628301257077809E-05 13343908	  20      -3.10      -3.00  2.098072411778227E-02  6.628301257077809E-05 13343908	  20      -3.10      -3.00  1.880235961436995E-02  5.781507113993861E-05 13343908
  21      -3.00      -2.90  2.494467323927540E-02  6.746529814624358E-05 16043421	  21      -3.00      -2.90  2.494467323927540E-02  6.746529814624358E-05 16043421	  21      -3.00      -2.90  2.258379909359027E-02  5.971412776986190E-05 16043421	  21      -3.00      -2.90  2.258379909359027E-02  5.971412776986190E-05 16043421	  21      -3.00      -2.90  2.776833106782627E-02  7.721355083132051E-05 16043421	  21      -3.00      -2.90  2.776833106782627E-02  7.721355083132051E-05 16043421	  21      -3.00      -2.90  2.494467323927540E-02  6.746529814624358E-05 16043421
  22      -2.90      -2.80  3.212439382888700E-02  7.813544542424512E-05 19012600	  22      -2.90      -2.80  3.212439382888700E-02  7.813544542424512E-05 19012600	  22      -2.90      -2.80  2.914345233202108E-02  6.946587649655029E-05 19012600	  22      -2.90      -2.80  2.914345233202108E-02  6.946587649655029E-05 19012600	  22      -2.90      -2.80  3.567924608714677E-02  8.895678439580179E-05 19012600	  22      -2.90      -2.80  3.567924608714677E-02  8.895678439580179E-05 19012600	  22      -2.90      -2.80  3.212439382888700E-02  7.813544542424512E-05 19012600
  23      -2.80      -2.70  4.093805895784582E-02  8.838816564748172E-05 22233099	  23      -2.80      -2.70  4.093805895784582E-02  8.838816564748172E-05 22233099	  23      -2.80      -2.70  3.720200478881776E-02  7.870929131654338E-05 22233099	  23      -2.80      -2.70  3.720200478881776E-02  7.870929131654338E-05 22233099	  23      -2.80      -2.70  4.538336231595105E-02  1.004663635531434E-04 22233099	  23      -2.80      -2.70  4.538336231595105E-02  1.004663635531434E-04 22233099	  23      -2.80      -2.70  4.093805895784582E-02  8.838816564748172E-05 22233099
  24      -2.70      -2.60  5.088067448746797E-02  1.022905336775298E-04 25696975	  24      -2.70      -2.60  5.088067448746797E-02  1.022905336775298E-04 25696975	  24      -2.70      -2.60  4.632204679093001E-02  9.110737854475231E-05 25696975	  24      -2.70      -2.60  4.632204679093001E-02  9.110737854475231E-05 25696975	  24      -2.70      -2.60  5.629026286790341E-02  1.162490366351314E-04 25696975	  24      -2.70      -2.60  5.629026286790341E-02  1.162490366351314E-04 25696975	  24      -2.70      -2.60  5.088067448746797E-02  1.022905336775298E-04 25696975
  25      -2.60      -2.50  6.242147182400934E-02  1.133493621519756E-04 29388125	  25      -2.60      -2.50  6.242147182400934E-02  1.133493621519756E-04 29388125	  25      -2.60      -2.50  5.692408551876661E-02  1.012839217754399E-04 29388125	  25      -2.60      -2.50  5.692408551876661E-02  1.012839217754399E-04 29388125	  25      -2.60      -2.50  6.892969282228599E-02  1.283372166587719E-04 29388125	  25      -2.60      -2.50  6.892969282228599E-02  1.283372166587719E-04 29388125	  25      -2.60      -2.50  6.242147182400934E-02  1.133493621519756E-04 29388125
  26      -2.50      -2.40  7.501900543282784E-02  1.264663866322430E-04 33291011	  26      -2.50      -2.40  7.501900543282784E-02  1.264663866322430E-04 33291011	  26      -2.50      -2.40  6.852535730887394E-02  1.133007351146173E-04 33291011	  26      -2.50      -2.40  6.852535730887394E-02  1.133007351146173E-04 33291011	  26      -2.50      -2.40  8.268840251648391E-02  1.427539528941628E-04 33291011	  26      -2.50      -2.40  8.268840251648391E-02  1.427539528941628E-04 33291011	  26      -2.50      -2.40  7.501900543282784E-02  1.264663866322430E-04 33291011
  27      -2.40      -2.30  8.937074343853252E-02  1.399902198836139E-04 37411493	  27      -2.40      -2.30  8.937074343853252E-02  1.399902198836139E-04 37411493	  27      -2.40      -2.30  8.176134531170549E-02  1.254659625627237E-04 37411493	  27      -2.40      -2.30  8.176134531170549E-02  1.254659625627237E-04 37411493	  27      -2.40      -2.30  9.833728751510273E-02  1.579543915616550E-04 37411493	  27      -2.40      -2.30  9.833728751510273E-02  1.579543915616550E-04 37411493	  27      -2.40      -2.30  8.937074343853252E-02  1.399902198836139E-04 37411493
  28      -2.30      -2.20  1.048243822512953E-01  1.510764190924547E-04 41681999	  28      -2.30      -2.20  1.048243822512953E-01  1.510764190924547E-04 41681999	  28      -2.30      -2.20  9.603605942759909E-02  1.358226481853111E-04 41681999	  28      -2.30      -2.20  9.603605942759909E-02  1.358226481853111E-04 41681999	  28      -2.30      -2.20  1.151586991447441E-01  1.698492980884485E-04 41681999	  28      -2.30      -2.20  1.151586991447441E-01  1.698492980884485E-04 41681999	  28      -2.30      -2.20  1.048243822512953E-01  1.510764190924547E-04 41681999
  29      -2.20      -2.10  1.210536277210026E-01  1.606799819248227E-04 46137341	  29      -2.20      -2.10  1.210536277210026E-01  1.606799819248227E-04 46137341	  29      -2.20      -2.10  1.110707323209002E-01  1.447936299160485E-04 46137341	  29      -2.20      -2.10  1.110707323209002E-01  1.447936299160485E-04 46137341	  29      -2.20      -2.10  1.327659663888279E-01  1.801795869413919E-04 46137341	  29      -2.20      -2.10  1.327659663888279E-01  1.801795869413919E-04 46137341	  29      -2.20      -2.10  1.210536277210026E-01  1.606799819248227E-04 46137341
  30      -2.10      -2.00  1.388191934518755E-01  1.785494634784180E-04 50714471	  30      -2.10      -2.00  1.388191934518755E-01  1.785494634784180E-04 50714471	  30      -2.10      -2.00  1.275235391105419E-01  1.609292507037355E-04 50714471	  30      -2.10      -2.00  1.275235391105419E-01  1.609292507037355E-04 50714471	  30      -2.10      -2.00  1.520494445637554E-01  2.001612195450517E-04 50714471	  30      -2.10      -2.00  1.520494445637554E-01  2.001612195450517E-04 50714471	  30      -2.10      -2.00  1.388191934518755E-01  1.785494634784180E-04 50714471
  31      -2.00      -1.90  1.568873273182539E-01  1.842190517099186E-04 55409651	  31      -2.00      -1.90  1.568873273182539E-01  1.842190517099186E-04 55409651	  31      -2.00      -1.90  1.443212956526234E-01  1.665095639449636E-04 55409651	  31      -2.00      -1.90  1.443212956526234E-01  1.665095639449636E-04 55409651	  31      -2.00      -1.90  1.715739627402325E-01  2.058597948746731E-04 55409651	  31      -2.00      -1.90  1.715739627402325E-01  2.058597948746731E-04 55409651	  31      -2.00      -1.90  1.568873273182539E-01  1.842190517099186E-04 55409651
  32      -1.90      -1.80  1.756317787319219E-01  1.926315411612788E-04 60161505	  32      -1.90      -1.80  1.756317787319219E-01  1.926315411612788E-04 60161505	  32      -1.90      -1.80  1.617445767519333E-01  1.742795568293260E-04 60161505	  32      -1.90      -1.80  1.617445767519333E-01  1.742795568293260E-04 60161505	  32      -1.90      -1.80  1.918359459547443E-01  2.150449309614689E-04 60161505	  32      -1.90      -1.80  1.918359459547443E-01  2.150449309614689E-04 60161505	  32      -1.90      -1.80  1.756317787319219E-01  1.926315411612788E-04 60161505
  33      -1.80      -1.70  1.953637732592107E-01  2.032065223838152E-04 64982379	  33      -1.80      -1.70  1.953637732592107E-01  2.032065223838152E-04 64982379	  33      -1.80      -1.70  1.801158050978831E-01  1.840818798513937E-04 64982379	  33      -1.80      -1.70  1.801158050978831E-01  1.840818798513937E-04 64982379	  33      -1.80      -1.70  2.131255557422250E-01  2.265301776035154E-04 64982379	  33      -1.80      -1.70  2.131255557422250E-01  2.265301776035154E-04 64982379	  33      -1.80      -1.70  1.953637732592107E-01  2.032065223838152E-04 64982379
  34      -1.70      -1.60  2.147345014654077E-01  2.143053687826841E-04 69809645	  34      -1.70      -1.60  2.147345014654077E-01  2.143053687826841E-04 69809645	  34      -1.70      -1.60  1.981888494322054E-01  1.937823706430562E-04 69809645	  34      -1.70      -1.60  1.981888494322054E-01  1.937823706430562E-04 69809645	  34      -1.70      -1.60  2.339753580521579E-01  2.395060524558893E-04 69809645	  34      -1.70      -1.60  2.339753580521579E-01  2.395060524558893E-04 69809645	  34      -1.70      -1.60  2.147345014654077E-01  2.143053687826841E-04 69809645
  35      -1.60      -1.50  2.345444445503382E-01  2.155793027630688E-04 74624148	  35      -1.60      -1.50  2.345444445503382E-01  2.155793027630688E-04 74624148	  35      -1.60      -1.50  2.166911097658848E-01  1.959511920343439E-04 74624148	  35      -1.60      -1.50  2.166911097658848E-01  1.959511920343439E-04 74624148	  35      -1.60      -1.50  2.552721451121840E-01  2.394082049179140E-04 74624148	  35      -1.60      -1.50  2.552721451121840E-01  2.394082049179140E-04 74624148	  35      -1.60      -1.50  2.345444445503382E-01  2.155793027630688E-04 74624148
  36      -1.50      -1.40  2.540519596568043E-01  2.200327981195404E-04 79382292	  36      -1.50      -1.40  2.540519596568043E-01  2.200327981195404E-04 79382292	  36      -1.50      -1.40  2.349309763383870E-01  2.002498306977239E-04 79382292	  36      -1.50      -1.40  2.349309763383870E-01  2.002498306977239E-04 79382292	  36      -1.50      -1.40  2.762190242292954E-01  2.440084240652324E-04 79382292	  36      -1.50      -1.40  2.762190242292954E-01  2.440084240652324E-04 79382292	  36      -1.50      -1.40  2.540519596568043E-01  2.200327981195404E-04 79382292
  37      -1.40      -1.30  2.728860989548691E-01  2.248466115635355E-04 84048760	  37      -1.40      -1.30  2.728860989548691E-01  2.248466115635355E-04 84048760	  37      -1.40      -1.30  2.525800340516086E-01  2.047889994887165E-04 84048760	  37      -1.40      -1.30  2.525800340516086E-01  2.047889994887165E-04 84048760	  37      -1.40      -1.30  2.963907961532326E-01  2.491548487784406E-04 84048760	  37      -1.40      -1.30  2.963907961532326E-01  2.491548487784406E-04 84048760	  37      -1.40      -1.30  2.728860989548691E-01  2.248466115635355E-04 84048760
  38      -1.30      -1.20  2.915883320488302E-01  2.300877108441781E-04 88578330	  38      -1.30      -1.20  2.915883320488302E-01  2.300877108441781E-04 88578330	  38      -1.30      -1.20  2.700875082579970E-01  2.096840902783092E-04 88578330	  38      -1.30      -1.20  2.700875082579970E-01  2.096840902783092E-04 88578330	  38      -1.30      -1.20  3.164477994547065E-01  2.547844416812645E-04 88578330	  38      -1.30      -1.20  3.164477994547065E-01  2.547844416812645E-04 88578330	  38      -1.30      -1.20  2.915883320488302E-01  2.300877108441781E-04 88578330
  39      -1.20      -1.10  3.100733161103744E-01  2.328167736724912E-04 92922553	  39      -1.20      -1.10  3.100733161103744E-01  2.328167736724912E-04 92922553	  39      -1.20      -1.10  2.874096402925793E-01  2.123892644802362E-04 92922553	  39      -1.20      -1.10  2.874096402925793E-01  2.123892644802362E-04 92922553	  39      -1.20      -1.10  3.362469081731791E-01  2.575190640283604E-04 92922553	  39      -1.20      -1.10  3.362469081731791E-01  2.575190640283604E-04 92922553	  39      -1.20      -1.10  3.100733161103744E-01  2.328167736724912E-04 92922553
  40      -1.10      -1.00  3.266541888698364E-01  2.335272989362600E-04 97065489	  40      -1.10      -1.00  3.266541888698364E-01  2.335272989362600E-04 97065489	  40      -1.10      -1.00  3.029862390542884E-01  2.133046385614621E-04 97065489	  40      -1.10      -1.00  3.029862390542884E-01  2.133046385614621E-04 97065489	  40      -1.10      -1.00  3.539556740403852E-01  2.579197136784942E-04 97065489	  40      -1.10      -1.00  3.539556740403852E-01  2.579197136784942E-04 97065489	  40      -1.10      -1.00  3.266541888698364E-01  2.335272989362600E-04 97065489
  41      -1.00      -0.90  3.423938792035265E-01  2.345427312588502E-04 100960848	  41      -1.00      -0.90  3.423938792035265E-01  2.345427312588502E-04 100960848	  41      -1.00      -0.90  3.177909932019448E-01  2.143847629104879E-04 100960848	  41      -1.00      -0.90  3.177909932019448E-01  2.143847629104879E-04 100960848	  41      -1.00      -0.90  3.707422710569174E-01  2.588409348725133E-04 100960848	  41      -1.00      -0.90  3.707422710569174E-01  2.588409348725133E-04 100960848	  41      -1.00      -0.90  3.423938792035265E-01  2.345427312588502E-04 100960848
  42      -0.90      -0.80  3.572207121514661E-01  2.357405648129985E-04 104579372	  42      -0.90      -0.80  3.572207121514661E-01  2.357405648129985E-04 104579372	  42      -0.90      -0.80  3.317455257154052E-01  2.157168970104439E-04 104579372	  42      -0.90      -0.80  3.317455257154052E-01  2.157168970104439E-04 104579372	  42      -0.90      -0.80  3.865438432222916E-01  2.598394624688421E-04 104579372	  42      -0.90      -0.80  3.865438432222916E-01  2.598394624688421E-04 104579372	  42      -0.90      -0.80  3.572207121514661E-01  2.357405648129985E-04 104579372
  43      -0.80      -0.70  3.704871387020968E-01  2.321988391008268E-04 107890210	  43      -0.80      -0.70  3.704871387020968E-01  2.321988391008268E-04 107890210	  43      -0.80      -0.70  3.442408217076549E-01  2.127520783060428E-04 107890210	  43      -0.80      -0.70  3.442408217076549E-01  2.127520783060428E-04 107890210	  43      -0.80      -0.70  4.006706156538207E-01  2.555622929982465E-04 107890210	  43      -0.80      -0.70  4.006706156538207E-01  2.555622929982465E-04 107890210	  43      -0.80      -0.70  3.704871387020968E-01  2.321988391008268E-04 107890210
  44      -0.70      -0.60  3.826257373777870E-01  2.312682579467661E-04 110846758	  44      -0.70      -0.60  3.826257373777870E-01  2.312682579467661E-04 110846758	  44      -0.70      -0.60  3.556613738331508E-01  2.120465267088815E-04 110846758	  44      -0.70      -0.60  3.556613738331508E-01  2.120465267088815E-04 110846758	  44      -0.70      -0.60  4.136132935299359E-01  2.543332441238893E-04 110846758	  44      -0.70      -0.60  4.136132935299359E-01  2.543332441238893E-04 110846758	  44      -0.70      -0.60  3.826257373777870E-01  2.312682579467661E-04 110846758
  45      -0.60      -0.50  3.929345801713687E-01  2.318089348412527E-04 113451354	  45      -0.60      -0.50  3.929345801713687E-01  2.318089348412527E-04 113451354	  45      -0.60      -0.50  3.653756919036681E-01  2.126764559714112E-04 113451354	  45      -0.60      -0.50  3.653756919036681E-01  2.126764559714112E-04 113451354	  45      -0.60      -0.50  4.245843276744927E-01  2.547452117908893E-04 113451354	  45      -0.60      -0.50  4.245843276744927E-01  2.547452117908893E-04 113451354	  45      -0.60      -0.50  3.929345801713687E-01  2.318089348412527E-04 113451354
  46      -0.50      -0.40  4.018248373050883E-01  2.304335082440656E-04 115654449	  46      -0.50      -0.40  4.018248373050883E-01  2.304335082440656E-04 115654449	  46      -0.50      -0.40  3.737417095304794E-01  2.115609774941719E-04 115654449	  46      -0.50      -0.40  3.737417095304794E-01  2.115609774941719E-04 115654449	  46      -0.50      -0.40  4.340621807813015E-01  2.530308210334943E-04 115654449	  46      -0.50      -0.40  4.340621807813015E-01  2.530308210334943E-04 115654449	  46      -0.50      -0.40  4.018248373050883E-01  2.304335082440656E-04 115654449
  47      -0.40      -0.30  4.090660739070242E-01  2.295969079703728E-04 117451300	  47      -0.40      -0.30  4.090660739070242E-01  2.295969079703728E-04 117451300	  47      -0.40      -0.30  3.805824562170110E-01  2.107877937860387E-04 117451300	  47      -0.40      -0.30  3.805824562170110E-01  2.107877937860387E-04 117451300	  47      -0.40      -0.30  4.417454150136894E-01  2.521222143737665E-04 117451300	  47      -0.40      -0.30  4.417454150136894E-01  2.521222143737665E-04 117451300	  47      -0.40      -0.30  4.090660739070242E-01  2.295969079703728E-04 117451300
  48      -0.30      -0.20  4.144432170445055E-01  2.291833076206687E-04 118792370	  48      -0.30      -0.20  4.144432170445055E-01  2.291833076206687E-04 118792370	  48      -0.30      -0.20  3.856465248177735E-01  2.104965233538853E-04 118792370	  48      -0.30      -0.20  3.856465248177735E-01  2.104965233538853E-04 118792370	  48      -0.30      -0.20  4.474743647989530E-01  2.515479205826372E-04 118792370	  48      -0.30      -0.20  4.474743647989530E-01  2.515479205826372E-04 118792370	  48      -0.30      -0.20  4.144432170445055E-01  2.291833076206687E-04 118792370
  49      -0.20      -0.10  4.179361985341213E-01  2.278370875791207E-04 119742199	  49      -0.20      -0.10  4.179361985341213E-01  2.278370875791207E-04 119742199	  49      -0.20      -0.10  3.889524617816262E-01  2.093536047772499E-04 119742199	  49      -0.20      -0.10  3.889524617816262E-01  2.093536047772499E-04 119742199	  49      -0.20      -0.10  4.511718700726164E-01  2.499449632533398E-04 119742199	  49      -0.20      -0.10  4.511718700726164E-01  2.499449632533398E-04 119742199	  49      -0.20      -0.10  4.179361985341213E-01  2.278370875791207E-04 119742199
  50      -0.10       0.00  4.202911150681729E-01  2.276843318438610E-04 120206446	  50      -0.10       0.00  4.202911150681729E-01  2.276843318438610E-04 120206446	  50      -0.10       0.00  3.911538656058157E-01  2.092027339043940E-04 120206446	  50      -0.10       0.00  3.911538656058157E-01  2.092027339043940E-04 120206446	  50      -0.10       0.00  4.537019352779271E-01  2.497933376942183E-04 120206446	  50      -0.10       0.00  4.537019352779271E-01  2.497933376942183E-04 120206446	  50      -0.10       0.00  4.202911150681729E-01  2.276843318438610E-04 120206446
  51       0.00       0.10  4.201332229781672E-01  2.273207668862801E-04 120238016	  51       0.00       0.10  4.201332229781672E-01  2.273207668862801E-04 120238016	  51       0.00       0.10  3.910217675619893E-01  2.089176590053989E-04 120238016	  51       0.00       0.10  3.910217675619893E-01  2.089176590053989E-04 120238016	  51       0.00       0.10  4.535120844796248E-01  2.493281910269341E-04 120238016	  51       0.00       0.10  4.535120844796248E-01  2.493281910269341E-04 120238016	  51       0.00       0.10  4.201332229781672E-01  2.273207668862801E-04 120238016
  52       0.10       0.20  4.181188964371594E-01  2.267796629967028E-04 119797309	  52       0.10       0.20  4.181188964371594E-01  2.267796629967028E-04 119797309	  52       0.10       0.20  3.891276951138465E-01  2.084546954993553E-04 119797309	  52       0.10       0.20  3.891276951138465E-01  2.084546954993553E-04 119797309	  52       0.10       0.20  4.513608490547553E-01  2.486738050926937E-04 119797309	  52       0.10       0.20  4.513608490547553E-01  2.486738050926937E-04 119797309	  52       0.10       0.20  4.181188964371594E-01  2.267796629967028E-04 119797309
  53       0.20       0.30  4.146142878461442E-01  2.267630635154962E-04 118906253	  53       0.20       0.30  4.146142878461442E-01  2.267630635154962E-04 118906253	  53       0.20       0.30  3.858061705458514E-01  2.083532148083871E-04 118906253	  53       0.20       0.30  3.858061705458514E-01  2.083532148083871E-04 118906253	  53       0.20       0.30  4.476579719213175E-01  2.487894922291454E-04 118906253	  53       0.20       0.30  4.476579719213175E-01  2.487894922291454E-04 118906253	  53       0.20       0.30  4.146142878461442E-01  2.267630635154962E-04 118906253
  54       0.30       0.40  4.092149366166079E-01  2.296467458068633E-04 117584806	  54       0.30       0.40  4.092149366166079E-01  2.296467458068633E-04 117584806	  54       0.30       0.40  3.807120407870609E-01  2.108239392187320E-04 117584806	  54       0.30       0.40  3.807120407870609E-01  2.108239392187320E-04 117584806	  54       0.30       0.40  4.419198204739489E-01  2.521997691357070E-04 117584806	  54       0.30       0.40  4.419198204739489E-01  2.521997691357070E-04 117584806	  54       0.30       0.40  4.092149366166079E-01  2.296467458068633E-04 117584806
  55       0.40       0.50  4.020096716131162E-01  2.280405228639293E-04 115804859	  55       0.40       0.50  4.020096716131162E-01  2.280405228639293E-04 115804859	  55       0.40       0.50  3.739091039325469E-01  2.094190383132599E-04 115804859	  55       0.40       0.50  3.739091039325469E-01  2.094190383132599E-04 115804859	  55       0.40       0.50  4.342683500626535E-01  2.503273123443074E-04 115804859	  55       0.40       0.50  4.342683500626535E-01  2.503273123443074E-04 115804859	  55       0.40       0.50  4.020096716131162E-01  2.280405228639293E-04 115804859
  56       0.50       0.60  3.930945672041647E-01  2.283657255510405E-04 113619106	  56       0.50       0.60  3.930945672041647E-01  2.283657255510405E-04 113619106	  56       0.50       0.60  3.655292537434739E-01  2.096761372787029E-04 113619106	  56       0.50       0.60  3.655292537434739E-01  2.096761372787029E-04 113619106	  56       0.50       0.60  4.247518223239283E-01  2.507422943348236E-04 113619106	  56       0.50       0.60  4.247518223239283E-01  2.507422943348236E-04 113619106	  56       0.50       0.60  3.930945672041647E-01  2.283657255510405E-04 113619106
  57       0.60       0.70  3.824955632011916E-01  2.279401997873135E-04 111019081	  57       0.60       0.70  3.824955632011916E-01  2.279401997873135E-04 111019081	  57       0.60       0.70  3.555328006936755E-01  2.091761304037439E-04 111019081	  57       0.60       0.70  3.555328006936755E-01  2.091761304037439E-04 111019081	  57       0.60       0.70  4.134826877557731E-01  2.504142183602370E-04 111019081	  57       0.60       0.70  4.134826877557731E-01  2.504142183602370E-04 111019081	  57       0.60       0.70  3.824955632011916E-01  2.279401997873135E-04 111019081
  58       0.70       0.80  3.704070820753222E-01  2.282431909325964E-04 108046397	  58       0.70       0.80  3.704070820753222E-01  2.282431909325964E-04 108046397	  58       0.70       0.80  3.441502306939731E-01  2.092943215532719E-04 108046397	  58       0.70       0.80  3.441502306939731E-01  2.092943215532719E-04 108046397	  58       0.70       0.80  4.006048735789698E-01  2.509639444479577E-04 108046397	  58       0.70       0.80  4.006048735789698E-01  2.509639444479577E-04 108046397	  58       0.70       0.80  3.704070820753222E-01  2.282431909325964E-04 108046397
  59       0.80       0.90  3.575106065672804E-01  2.294419131656577E-04 104709856	  59       0.80       0.90  3.575106065672804E-01  2.294419131656577E-04 104709856	  59       0.80       0.90  3.320063744411434E-01  2.102099024685288E-04 104709856	  59       0.80       0.90  3.320063744411434E-01  2.102099024685288E-04 104709856	  59       0.80       0.90  3.868692949871961E-01  2.525347490764293E-04 104709856	  59       0.80       0.90  3.868692949871961E-01  2.525347490764293E-04 104709856	  59       0.80       0.90  3.575106065672804E-01  2.294419131656577E-04 104709856
  60       0.90       1.00  3.425287090881491E-01  2.270647212742544E-04 101021585	  60       0.90       1.00  3.425287090881491E-01  2.270647212742544E-04 101021585	  60       0.90       1.00  3.179223417364218E-01  2.079707860987225E-04 101021585	  60       0.90       1.00  3.179223417364218E-01  2.079707860987225E-04 101021585	  60       0.90       1.00  3.708793273307555E-01  2.499968390096819E-04 101021585	  60       0.90       1.00  3.708793273307555E-01  2.499968390096819E-04 101021585	  60       0.90       1.00  3.425287090881491E-01  2.270647212742544E-04 101021585
  61       1.00       1.10  3.261594029749658E-01  2.264342726032826E-04 97041826	  61       1.00       1.10  3.261594029749658E-01  2.264342726032826E-04 97041826	  61       1.00       1.10  3.025578890428307E-01  2.071885281070058E-04 97041826	  61       1.00       1.10  3.025578890428307E-01  2.071885281070058E-04 97041826	  61       1.00       1.10  3.533779494659097E-01  2.495711471864411E-04 97041826	  61       1.00       1.10  3.533779494659097E-01  2.495711471864411E-04 97041826	  61       1.00       1.10  3.261594029749658E-01  2.264342726032826E-04 97041826
  62       1.10       1.20  3.098677233385165E-01  2.249161564813049E-04 92816697	  62       1.10       1.20  3.098677233385165E-01  2.249161564813049E-04 92816697	  62       1.10       1.20  2.872387010754147E-01  2.056464803933551E-04 92816697	  62       1.10       1.20  2.872387010754147E-01  2.056464803933551E-04 92816697	  62       1.10       1.20  3.359975693273825E-01  2.481130999047978E-04 92816697	  62       1.10       1.20  3.359975693273825E-01  2.481130999047978E-04 92816697	  62       1.10       1.20  3.098677233385165E-01  2.249161564813049E-04 92816697
  63       1.20       1.30  2.916823336641710E-01  2.212811884475685E-04 88358526	  63       1.20       1.30  2.916823336641710E-01  2.212811884475685E-04 88358526	  63       1.20       1.30  2.701918067003458E-01  2.021502756339835E-04 88358526	  63       1.20       1.30  2.701918067003458E-01  2.021502756339835E-04 88358526	  63       1.20       1.30  3.165263420563081E-01  2.443336019512397E-04 88358526	  63       1.20       1.30  3.165263420563081E-01  2.443336019512397E-04 88358526	  63       1.20       1.30  2.916823336641710E-01  2.212811884475685E-04 88358526
  64       1.30       1.40  2.730612750268139E-01  2.188182645329967E-04 83692788	  64       1.30       1.40  2.730612750268139E-01  2.188182645329967E-04 83692788	  64       1.30       1.40  2.527272179665783E-01  1.996406721272357E-04 83692788	  64       1.30       1.40  2.527272179665783E-01  1.996406721272357E-04 83692788	  64       1.30       1.40  2.966008099313522E-01  2.419588576503631E-04 83692788	  64       1.30       1.40  2.966008099313522E-01  2.419588576503631E-04 83692788	  64       1.30       1.40  2.730612750268139E-01  2.188182645329967E-04 83692788
  65       1.40       1.50  2.538032377793337E-01  2.130181800641708E-04 78904141	  65       1.40       1.50  2.538032377793337E-01  2.130181800641708E-04 78904141	  65       1.40       1.50  2.347067320587909E-01  1.941786354289940E-04 78904141	  65       1.40       1.50  2.347067320587909E-01  1.941786354289940E-04 78904141	  65       1.40       1.50  2.759406376179899E-01  2.357815827872765E-04 78904141	  65       1.40       1.50  2.759406376179899E-01  2.357815827872765E-04 78904141	  65       1.40       1.50  2.538032377793337E-01  2.130181800641708E-04 78904141
  66       1.50       1.60  2.345708154759699E-01  2.088285219175018E-04 73992466	  66       1.50       1.60  2.345708154759699E-01  2.088285219175018E-04 73992466	  66       1.50       1.60  2.167073080256471E-01  1.900054546500828E-04 73992466	  66       1.50       1.60  2.167073080256471E-01  1.900054546500828E-04 73992466	  66       1.50       1.60  2.553122670508374E-01  2.316348904667474E-04 73992466	  66       1.50       1.60  2.553122670508374E-01  2.316348904667474E-04 73992466	  66       1.50       1.60  2.345708154759699E-01  2.088285219175018E-04 73992466
  67       1.60       1.70  2.148077427060579E-01  2.035145116952659E-04 69025425	  67       1.60       1.70  2.148077427060579E-01  2.035145116952659E-04 69025425	  67       1.60       1.70  1.982673196925171E-01  1.849840800229259E-04 69025425	  67       1.60       1.70  1.982673196925171E-01  1.849840800229259E-04 69025425	  67       1.60       1.70  2.340401167785346E-01  2.259966976915089E-04 69025425	  67       1.60       1.70  2.340401167785346E-01  2.259966976915089E-04 69025425	  67       1.60       1.70  2.148077427060579E-01  2.035145116952659E-04 69025425
  68       1.70       1.80  1.951075650455507E-01  1.947582714257582E-04 64047285	  68       1.70       1.80  1.951075650455507E-01  1.947582714257582E-04 64047285	  68       1.70       1.80  1.798920136428957E-01  1.768327432928397E-04 64047285	  68       1.70       1.80  1.798920136428957E-01  1.768327432928397E-04 64047285	  68       1.70       1.80  2.128290091706230E-01  2.165408904595004E-04 64047285	  68       1.70       1.80  2.128290091706230E-01  2.165408904595004E-04 64047285	  68       1.70       1.80  1.951075650455507E-01  1.947582714257582E-04 64047285
  69       1.80       1.90  1.758063146937682E-01  1.866182346513031E-04 59090624	  69       1.80       1.90  1.758063146937682E-01  1.866182346513031E-04 59090624	  69       1.80       1.90  1.619094144441828E-01  1.692103915112696E-04 59090624	  69       1.80       1.90  1.619094144441828E-01  1.692103915112696E-04 59090624	  69       1.80       1.90  1.920208606206107E-01  2.077991132388181E-04 59090624	  69       1.80       1.90  1.920208606206107E-01  2.077991132388181E-04 59090624	  69       1.80       1.90  1.758063146937682E-01  1.866182346513031E-04 59090624
  70       1.90       2.00  1.567296430903152E-01  1.756776178967749E-04 54186109	  70       1.90       2.00  1.567296430903152E-01  1.756776178967749E-04 54186109	  70       1.90       2.00  1.441753455861486E-01  1.591670829050107E-04 54186109	  70       1.90       2.00  1.441753455861486E-01  1.591670829050107E-04 54186109	  70       1.90       2.00  1.714029893424626E-01  1.957942589134781E-04 54186109	  70       1.90       2.00  1.714029893424626E-01  1.957942589134781E-04 54186109	  70       1.90       2.00  1.567296430903152E-01  1.756776178967749E-04 54186109
  71       2.00       2.10  1.382364629626524E-01  1.648623206201469E-04 49374153	  71       2.00       2.10  1.382364629626524E-01  1.648623206201469E-04 49374153	  71       2.00       2.10  1.269979000061947E-01  1.491124758879238E-04 49374153	  71       2.00       2.10  1.269979000061947E-01  1.491124758879238E-04 49374153	  71       2.00       2.10  1.513976962968576E-01  1.840926789981103E-04 49374153	  71       2.00       2.10  1.513976962968576E-01  1.840926789981103E-04 49374153	  71       2.00       2.10  1.382364629626524E-01  1.648623206201469E-04 49374153
  72       2.10       2.20  1.209528430735259E-01  1.555962283415589E-04 44669393	  72       2.10       2.20  1.209528430735259E-01  1.555962283415589E-04 44669393	  72       2.10       2.20  1.109757885366771E-01  1.404813545289825E-04 44669393	  72       2.10       2.20  1.109757885366771E-01  1.404813545289825E-04 44669393	  72       2.10       2.20  1.326595696178980E-01  1.740943169068505E-04 44669393	  72       2.10       2.20  1.326595696178980E-01  1.740943169068505E-04 44669393	  72       2.10       2.20  1.209528430735259E-01  1.555962283415589E-04 44669393
  73       2.20       2.30  1.045577393194337E-01  1.436257859972903E-04 40121604	  73       2.20       2.30  1.045577393194337E-01  1.436257859972903E-04 40121604	  73       2.20       2.30  9.579597349925617E-02  1.294600082541254E-04 40121604	  73       2.20       2.30  9.579597349925617E-02  1.294600082541254E-04 40121604	  73       2.20       2.30  1.148606909138755E-01  1.610065016881562E-04 40121604	  73       2.20       2.30  1.148606909138755E-01  1.610065016881562E-04 40121604	  73       2.20       2.30  1.045577393194337E-01  1.436257859972903E-04 40121604
  74       2.30       2.40  8.922714900263377E-02  1.329195994215272E-04 35760541	  74       2.30       2.40  8.922714900263377E-02  1.329195994215272E-04 35760541	  74       2.30       2.40  8.162895966332541E-02  1.196054281106940E-04 35760541	  74       2.30       2.40  8.162895966332541E-02  1.196054281106940E-04 35760541	  74       2.30       2.40  9.818082421747398E-02  1.492822494801834E-04 35760541	  74       2.30       2.40  9.818082421747398E-02  1.492822494801834E-04 35760541	  74       2.30       2.40  8.922714900263377E-02  1.329195994215272E-04 35760541
  75       2.40       2.50  7.519510403876632E-02  1.195033632032502E-04 31602940	  75       2.40       2.50  7.519510403876632E-02  1.195033632032502E-04 31602940	  75       2.40       2.50  6.868812142869600E-02  1.073997123191911E-04 31602940	  75       2.40       2.50  6.868812142869600E-02  1.073997123191911E-04 31602940	  75       2.40       2.50  8.287969128197029E-02  1.344081995125004E-04 31602940	  75       2.40       2.50  8.287969128197029E-02  1.344081995125004E-04 31602940	  75       2.40       2.50  7.519510403876632E-02  1.195033632032502E-04 31602940
  76       2.50       2.60  6.226236386368066E-02  1.071318623154214E-04 27667276	  76       2.50       2.60  6.226236386368066E-02  1.071318623154214E-04 27667276	  76       2.50       2.60  5.677784136902269E-02  9.605635341571045E-05 27667276	  76       2.50       2.60  5.677784136902269E-02  9.605635341571045E-05 27667276	  76       2.50       2.60  6.875592322311043E-02  1.208252569706279E-04 27667276	  76       2.50       2.60  6.875592322311043E-02  1.208252569706279E-04 27667276	  76       2.50       2.60  6.226236386368066E-02  1.071318623154214E-04 27667276
  77       2.60       2.70  5.094438206323955E-02  9.657596533579158E-05 23963518	  77       2.60       2.70  5.094438206323955E-02  9.657596533579158E-05 23963518	  77       2.60       2.70  4.638562267443376E-02  8.648885862884816E-05 23963518	  77       2.60       2.70  4.638562267443376E-02  8.648885862884816E-05 23963518	  77       2.60       2.70  5.635269832170021E-02  1.090525029692522E-04 23963518	  77       2.60       2.70  5.635269832170021E-02  1.090525029692522E-04 23963518	  77       2.60       2.70  5.094438206323955E-02  9.657596533579158E-05 23963518
  78       2.70       2.80  4.089436915145693E-02  8.648537612631234E-05 20547251	  78       2.70       2.80  4.089436915145693E-02  8.648537612631234E-05 20547251	  78       2.70       2.80  3.716730701586833E-02  7.724563467781681E-05 20547251	  78       2.70       2.80  3.716730701586833E-02  7.724563467781681E-05 20547251	  78       2.70       2.80  4.532752318105342E-02  9.795068243483599E-05 20547251	  78       2.70       2.80  4.532752318105342E-02  9.795068243483599E-05 20547251	  78       2.70       2.80  4.089436915145693E-02  8.648537612631234E-05 20547251
  79       2.80       2.90  3.221708842973420E-02  7.357128006535279E-05 17391463	  79       2.80       2.90  3.221708842973420E-02  7.357128006535279E-05 17391463	  79       2.80       2.90  2.922648947948188E-02  6.562419645380638E-05 17391463	  79       2.80       2.90  2.922648947948188E-02  6.562419645380638E-05 17391463	  79       2.80       2.90  3.578367607491077E-02  8.345209318942997E-05 17391463	  79       2.80       2.90  3.578367607491077E-02  8.345209318942997E-05 17391463	  79       2.80       2.90  3.221708842973420E-02  7.357128006535279E-05 17391463
  80       2.90       3.00  2.487018318504150E-02  6.337737795262497E-05 14507064	  80       2.90       3.00  2.487018318504150E-02  6.337737795262497E-05 14507064	  80       2.90       3.00  2.251686239188308E-02  5.636162582253285E-05 14507064	  80       2.90       3.00  2.251686239188308E-02  5.636162582253285E-05 14507064	  80       2.90       3.00  2.768459357295419E-02  7.212936182971119E-05 14507064	  80       2.90       3.00  2.768459357295419E-02  7.212936182971119E-05 14507064	  80       2.90       3.00  2.487018318504150E-02  6.337737795262497E-05 14507064
  81       3.00       3.10  1.870567425224341E-02  5.231886701996869E-05 11920574	  81       3.00       3.10  1.870567425224341E-02  5.231886701996869E-05 11920574	  81       3.00       3.10  1.690077326183577E-02  4.646795589619479E-05 11920574	  81       3.00       3.10  1.690077326183577E-02  4.646795589619479E-05 11920574	  81       3.00       3.10  2.087067070189697E-02  5.963489429139847E-05 11920574	  81       3.00       3.10  2.087067070189697E-02  5.963489429139847E-05 11920574	  81       3.00       3.10  1.870567425224341E-02  5.231886701996869E-05 11920574
  82       3.10       3.20  1.382110672549642E-02  4.346307092707195E-05 9611937	  82       3.10       3.20  1.382110672549642E-02  4.346307092707195E-05 9611937	  82       3.10       3.20  1.245900721674017E-02  3.848697434675647E-05 9611937	  82       3.10       3.20  1.245900721674017E-02  3.848697434675647E-05 9611937	  82       3.10       3.20  1.546021801854660E-02  4.971014483107434E-05 9611937	  82       3.10       3.20  1.546021801854660E-02  4.971014483107434E-05 9611937	  82       3.10       3.20  1.382110672549642E-02  4.346307092707195E-05 9611937
  83       3.20       3.30  9.835022796994868E-03  3.539405140740360E-05 7584352	  83       3.20       3.30  9.835022796994868E-03  3.539405140740360E-05 7584352	  83       3.20       3.30  8.848193274667852E-03  3.128985599414844E-05 7584352	  83       3.20       3.30  8.848193274667852E-03  3.128985599414844E-05 7584352	  83       3.20       3.30  1.102571123330816E-02  4.056038533222632E-05 7584352	  83       3.20       3.30  1.102571123330816E-02  4.056038533222632E-05 7584352	  83       3.20       3.30  9.835022796994868E-03  3.539405140740360E-05 7584352
  84       3.30       3.40  6.799328232544221E-03  2.877477717205973E-05 5825078	  84       3.30       3.40  6.799328232544221E-03  2.877477717205973E-05 5825078	  84       3.30       3.40  6.103210727550459E-03  2.535892103251908E-05 5825078	  84       3.30       3.40  6.103210727550459E-03  2.535892103251908E-05 5825078	  84       3.30       3.40  7.641833898144893E-03  3.309233721884482E-05 5825078	  84       3.30       3.40  7.641833898144893E-03  3.309233721884482E-05 5825078	  84       3.30       3.40  6.799328232544221E-03  2.877477717205973E-05 5825078
  85       3.40       3.50  4.501509763958835E-03  2.234679815435708E-05 4328801	  85       3.40       3.50  4.501509763958835E-03  2.234679815435708E-05 4328801	  85       3.40       3.50  4.030531217826375E-03  1.963488269006318E-05 4328801	  85       3.40       3.50  4.030531217826375E-03  1.963488269006318E-05 4328801	  85       3.40       3.50  5.073528589419376E-03  2.578681329286754E-05 4328801	  85       3.40       3.50  5.073528589419376E-03  2.578681329286754E-05 4328801	  85       3.40       3.50  4.501509763958835E-03  2.234679815435708E-05 4328801
  86       3.50       3.60  2.815899089177564E-03  1.641002407886652E-05 3074694	  86       3.50       3.60  2.815899089177564E-03  1.641002407886652E-05 3074694	  86       3.50       3.60  2.515261927894384E-03  1.437834597676452E-05 3074694	  86       3.50       3.60  2.515261927894384E-03  1.437834597676452E-05 3074694	  86       3.50       3.60  3.182300254327725E-03  1.899691919652129E-05 3074694	  86       3.50       3.60  3.182300254327725E-03  1.899691919652129E-05 3074694	  86       3.50       3.60  2.815899089177564E-03  1.641002407886652E-05 3074694
  87       3.60       3.70  1.640919704730150E-03  1.112637335235594E-05 2048999	  87       3.60       3.70  1.640919704730150E-03  1.112637335235594E-05 2048999	  87       3.60       3.70  1.463070117450139E-03  9.775377487480655E-06 2048999	  87       3.60       3.70  1.463070117450139E-03  9.775377487480655E-06 2048999	  87       3.60       3.70  1.858165885275836E-03  1.284219900920098E-05 2048999	  87       3.60       3.70  1.858165885275836E-03  1.284219900920098E-05 2048999	  87       3.60       3.70  1.640919704730150E-03  1.112637335235594E-05 2048999
  88       3.70       3.80  8.575898314496423E-04  7.446178158202641E-06 1240130	  88       3.70       3.80  8.575898314496423E-04  7.446178158202641E-06 1240130	  88       3.70       3.80  7.625549775252483E-04  6.513530185051025E-06 1240130	  88       3.70       3.80  7.625549775252483E-04  6.513530185051025E-06 1240130	  88       3.70       3.80  9.741034124771576E-04  8.639132782181478E-06 1240130	  88       3.70       3.80  9.741034124771576E-04  8.639132782181478E-06 1240130	  88       3.70       3.80  8.575898314496423E-04  7.446178158202641E-06 1240130
  89       3.80       3.90  3.867013259997228E-04  4.986621476740299E-06 627069	  89       3.80       3.90  3.867013259997228E-04  4.986621476740299E-06 627069	  89       3.80       3.90  3.426862918381819E-04  4.346175599143197E-06 627069	  89       3.80       3.90  3.426862918381819E-04  4.346175599143197E-06 627069	  89       3.80       3.90  4.409381277813334E-04  5.808968612961462E-06 627069	  89       3.80       3.90  4.409381277813334E-04  5.808968612961462E-06 627069	  89       3.80       3.90  3.867013259997228E-04  4.986621476740299E-06 627069
  90       3.90       4.00  9.423861319217647E-05  2.769262460644381E-06 177015	  90       3.90       4.00  9.423861319217647E-05  2.769262460644381E-06 177015	  90       3.90       4.00  8.334863787551116E-05  2.388395820610870E-06 177015	  90       3.90       4.00  8.334863787551116E-05  2.388395820610870E-06 177015	  90       3.90       4.00  1.076807665411604E-04  3.260266133141586E-06 177015	  90       3.90       4.00  1.076807665411604E-04  3.260266133141586E-06 177015	  90       3.90       4.00  9.423861319217647E-05  2.769262460644381E-06 177015
  91       4.00       4.10  0.000000000000000E+00  0.000000000000000E+00 0	  91       4.00       4.10  0.000000000000000E+00  0.000000000000000E+00 0	  91       4.00       4.10  0.000000000000000E+00  0.000000000000000E+00 0	  91       4.00       4.10  0.000000000000000E+00  0.000000000000000E+00 0	  91       4.00       4.10  0.000000000000000E+00  0.000000000000000E+00 0	  91       4.00       4.10  0.000000000000000E+00  0.000000000000000E+00 0	  91       4.00       4.10  0.000000000000000E+00  0.000000000000000E+00 0
  92       4.10       4.20  0.000000000000000E+00  0.000000000000000E+00 0	  92       4.10       4.20  0.000000000000000E+00  0.000000000000000E+00 0	  92       4.10       4.20  0.000000000000000E+00  0.000000000000000E+00 0	  92       4.10       4.20  0.000000000000000E+00  0.000000000000000E+00 0	  92       4.10       4.20  0.000000000000000E+00  0.000000000000000E+00 0	  92       4.10       4.20  0.000000000000000E+00  0.000000000000000E+00 0	  92       4.10       4.20  0.000000000000000E+00  0.000000000000000E+00 0
  93       4.20       4.30  0.000000000000000E+00  0.000000000000000E+00 0	  93       4.20       4.30  0.000000000000000E+00  0.000000000000000E+00 0	  93       4.20       4.30  0.000000000000000E+00  0.000000000000000E+00 0	  93       4.20       4.30  0.000000000000000E+00  0.000000000000000E+00 0	  93       4.20       4.30  0.000000000000000E+00  0.000000000000000E+00 0	  93       4.20       4.30  0.000000000000000E+00  0.000000000000000E+00 0	  93       4.20       4.30  0.000000000000000E+00  0.000000000000000E+00 0
  94       4.30       4.40  0.000000000000000E+00  0.000000000000000E+00 0	  94       4.30       4.40  0.000000000000000E+00  0.000000000000000E+00 0	  94       4.30       4.40  0.000000000000000E+00  0.000000000000000E+00 0	  94       4.30       4.40  0.000000000000000E+00  0.000000000000000E+00 0	  94       4.30       4.40  0.000000000000000E+00  0.000000000000000E+00 0	  94       4.30       4.40  0.000000000000000E+00  0.000000000000000E+00 0	  94       4.30       4.40  0.000000000000000E+00  0.000000000000000E+00 0
  95       4.40       4.50  0.000000000000000E+00  0.000000000000000E+00 0	  95       4.40       4.50  0.000000000000000E+00  0.000000000000000E+00 0	  95       4.40       4.50  0.000000000000000E+00  0.000000000000000E+00 0	  95       4.40       4.50  0.000000000000000E+00  0.000000000000000E+00 0	  95       4.40       4.50  0.000000000000000E+00  0.000000000000000E+00 0	  95       4.40       4.50  0.000000000000000E+00  0.000000000000000E+00 0	  95       4.40       4.50  0.000000000000000E+00  0.000000000000000E+00 0
  96       4.50       4.60  0.000000000000000E+00  0.000000000000000E+00 0	  96       4.50       4.60  0.000000000000000E+00  0.000000000000000E+00 0	  96       4.50       4.60  0.000000000000000E+00  0.000000000000000E+00 0	  96       4.50       4.60  0.000000000000000E+00  0.000000000000000E+00 0	  96       4.50       4.60  0.000000000000000E+00  0.000000000000000E+00 0	  96       4.50       4.60  0.000000000000000E+00  0.000000000000000E+00 0	  96       4.50       4.60  0.000000000000000E+00  0.000000000000000E+00 0
  97       4.60       4.70  0.000000000000000E+00  0.000000000000000E+00 0	  97       4.60       4.70  0.000000000000000E+00  0.000000000000000E+00 0	  97       4.60       4.70  0.000000000000000E+00  0.000000000000000E+00 0	  97       4.60       4.70  0.000000000000000E+00  0.000000000000000E+00 0	  97       4.60       4.70  0.000000000000000E+00  0.000000000000000E+00 0	  97       4.60       4.70  0.000000000000000E+00  0.000000000000000E+00 0	  97       4.60       4.70  0.000000000000000E+00  0.000000000000000E+00 0
  98       4.70       4.80  0.000000000000000E+00  0.000000000000000E+00 0	  98       4.70       4.80  0.000000000000000E+00  0.000000000000000E+00 0	  98       4.70       4.80  0.000000000000000E+00  0.000000000000000E+00 0	  98       4.70       4.80  0.000000000000000E+00  0.000000000000000E+00 0	  98       4.70       4.80  0.000000000000000E+00  0.000000000000000E+00 0	  98       4.70       4.80  0.000000000000000E+00  0.000000000000000E+00 0	  98       4.70       4.80  0.000000000000000E+00  0.000000000000000E+00 0
  99       4.80       4.90  0.000000000000000E+00  0.000000000000000E+00 0	  99       4.80       4.90  0.000000000000000E+00  0.000000000000000E+00 0	  99       4.80       4.90  0.000000000000000E+00  0.000000000000000E+00 0	  99       4.80       4.90  0.000000000000000E+00  0.000000000000000E+00 0	  99       4.80       4.90  0.000000000000000E+00  0.000000000000000E+00 0	  99       4.80       4.90  0.000000000000000E+00  0.000000000000000E+00 0	  99       4.80       4.90  0.000000000000000E+00  0.000000000000000E+00 0
 100       4.90       5.00  0.000000000000000E+00  0.000000000000000E+00 0	 100       4.90       5.00  0.000000000000000E+00  0.000000000000000E+00 0	 100       4.90       5.00  0.000000000000000E+00  0.000000000000000E+00 0	 100       4.90       5.00  0.000000000000000E+00  0.000000000000000E+00 0	 100       4.90       5.00  0.000000000000000E+00  0.000000000000000E+00 0	 100       4.90       5.00  0.000000000000000E+00  0.000000000000000E+00 0	 100       4.90       5.00  0.000000000000000E+00  0.000000000000000E+00 0
# Underflow:                 0.0000000000000000E+00  0.0000000000000000E+00 0
# Overflow:                  0.0000000000000000E+00  0.0000000000000000E+00 0
#-------------------------------------------------------------------------------------	#-------------------------------------------------------------------------------------	#-------------------------------------------------------------------------------------	#-------------------------------------------------------------------------------------	#-------------------------------------------------------------------------------------	#-------------------------------------------------------------------------------------	#-------------------------------------------------------------------------------------
# Sum:                       1.3169060832227916E-01  2.1862629512342551E-05 451479000
#=====================================================================================	#=====================================================================================	#=====================================================================================	#=====================================================================================	#=====================================================================================	#=====================================================================================	#=====================================================================================
