# title = Rapidity Softer Jet
# xlabel = $y_{\text{j}_1}$
# ylabel = $\frac{\text{d}\sigma}{\text{d}y_{\text{j}_1}}\,[\text{fb}]$
# xmin= -4.500E+00
# xmax=  4.500E+00
# ymin=  1.000E-04
# ymax=  4.000E-01
# kmin= -2.000E+01
# kmax=  1.000E+01
# logscale = false
# Renormalization and factorization scale scaled by: 1.0000000000
# Renormalization scaled by: 1.0000000000
# Number of generated events: 6467394395
#	#	#	#	#	#	#
#=====================================================================================	#=====================================================================================	#=====================================================================================	#=====================================================================================	#=====================================================================================	#=====================================================================================	#=====================================================================================
# No.       Left      Right                   Value                   Error Hits
#-------------------------------------------------------------------------------------	#-------------------------------------------------------------------------------------	#-------------------------------------------------------------------------------------	#-------------------------------------------------------------------------------------	#-------------------------------------------------------------------------------------	#-------------------------------------------------------------------------------------	#-------------------------------------------------------------------------------------
   1      -5.00      -4.90  0.000000000000000E+00  0.000000000000000E+00 0	   1      -5.00      -4.90  0.000000000000000E+00  0.000000000000000E+00 0	   1      -5.00      -4.90  0.000000000000000E+00  0.000000000000000E+00 0	   1      -5.00      -4.90  0.000000000000000E+00  0.000000000000000E+00 0	   1      -5.00      -4.90  0.000000000000000E+00  0.000000000000000E+00 0	   1      -5.00      -4.90  0.000000000000000E+00  0.000000000000000E+00 0	   1      -5.00      -4.90  0.000000000000000E+00  0.000000000000000E+00 0
   2      -4.90      -4.80  0.000000000000000E+00  0.000000000000000E+00 0	   2      -4.90      -4.80  0.000000000000000E+00  0.000000000000000E+00 0	   2      -4.90      -4.80  0.000000000000000E+00  0.000000000000000E+00 0	   2      -4.90      -4.80  0.000000000000000E+00  0.000000000000000E+00 0	   2      -4.90      -4.80  0.000000000000000E+00  0.000000000000000E+00 0	   2      -4.90      -4.80  0.000000000000000E+00  0.000000000000000E+00 0	   2      -4.90      -4.80  0.000000000000000E+00  0.000000000000000E+00 0
   3      -4.80      -4.70  0.000000000000000E+00  0.000000000000000E+00 0	   3      -4.80      -4.70  0.000000000000000E+00  0.000000000000000E+00 0	   3      -4.80      -4.70  0.000000000000000E+00  0.000000000000000E+00 0	   3      -4.80      -4.70  0.000000000000000E+00  0.000000000000000E+00 0	   3      -4.80      -4.70  0.000000000000000E+00  0.000000000000000E+00 0	   3      -4.80      -4.70  0.000000000000000E+00  0.000000000000000E+00 0	   3      -4.80      -4.70  0.000000000000000E+00  0.000000000000000E+00 0
   4      -4.70      -4.60  0.000000000000000E+00  0.000000000000000E+00 0	   4      -4.70      -4.60  0.000000000000000E+00  0.000000000000000E+00 0	   4      -4.70      -4.60  0.000000000000000E+00  0.000000000000000E+00 0	   4      -4.70      -4.60  0.000000000000000E+00  0.000000000000000E+00 0	   4      -4.70      -4.60  0.000000000000000E+00  0.000000000000000E+00 0	   4      -4.70      -4.60  0.000000000000000E+00  0.000000000000000E+00 0	   4      -4.70      -4.60  0.000000000000000E+00  0.000000000000000E+00 0
   5      -4.60      -4.50  0.000000000000000E+00  0.000000000000000E+00 0	   5      -4.60      -4.50  0.000000000000000E+00  0.000000000000000E+00 0	   5      -4.60      -4.50  0.000000000000000E+00  0.000000000000000E+00 0	   5      -4.60      -4.50  0.000000000000000E+00  0.000000000000000E+00 0	   5      -4.60      -4.50  0.000000000000000E+00  0.000000000000000E+00 0	   5      -4.60      -4.50  0.000000000000000E+00  0.000000000000000E+00 0	   5      -4.60      -4.50  0.000000000000000E+00  0.000000000000000E+00 0
   6      -4.50      -4.40  0.000000000000000E+00  0.000000000000000E+00 0	   6      -4.50      -4.40  0.000000000000000E+00  0.000000000000000E+00 0	   6      -4.50      -4.40  0.000000000000000E+00  0.000000000000000E+00 0	   6      -4.50      -4.40  0.000000000000000E+00  0.000000000000000E+00 0	   6      -4.50      -4.40  0.000000000000000E+00  0.000000000000000E+00 0	   6      -4.50      -4.40  0.000000000000000E+00  0.000000000000000E+00 0	   6      -4.50      -4.40  0.000000000000000E+00  0.000000000000000E+00 0
   7      -4.40      -4.30  0.000000000000000E+00  0.000000000000000E+00 0	   7      -4.40      -4.30  0.000000000000000E+00  0.000000000000000E+00 0	   7      -4.40      -4.30  0.000000000000000E+00  0.000000000000000E+00 0	   7      -4.40      -4.30  0.000000000000000E+00  0.000000000000000E+00 0	   7      -4.40      -4.30  0.000000000000000E+00  0.000000000000000E+00 0	   7      -4.40      -4.30  0.000000000000000E+00  0.000000000000000E+00 0	   7      -4.40      -4.30  0.000000000000000E+00  0.000000000000000E+00 0
   8      -4.30      -4.20  0.000000000000000E+00  0.000000000000000E+00 0	   8      -4.30      -4.20  0.000000000000000E+00  0.000000000000000E+00 0	   8      -4.30      -4.20  0.000000000000000E+00  0.000000000000000E+00 0	   8      -4.30      -4.20  0.000000000000000E+00  0.000000000000000E+00 0	   8      -4.30      -4.20  0.000000000000000E+00  0.000000000000000E+00 0	   8      -4.30      -4.20  0.000000000000000E+00  0.000000000000000E+00 0	   8      -4.30      -4.20  0.000000000000000E+00  0.000000000000000E+00 0
   9      -4.20      -4.10  0.000000000000000E+00  0.000000000000000E+00 0	   9      -4.20      -4.10  0.000000000000000E+00  0.000000000000000E+00 0	   9      -4.20      -4.10  0.000000000000000E+00  0.000000000000000E+00 0	   9      -4.20      -4.10  0.000000000000000E+00  0.000000000000000E+00 0	   9      -4.20      -4.10  0.000000000000000E+00  0.000000000000000E+00 0	   9      -4.20      -4.10  0.000000000000000E+00  0.000000000000000E+00 0	   9      -4.20      -4.10  0.000000000000000E+00  0.000000000000000E+00 0
  10      -4.10      -4.00  0.000000000000000E+00  0.000000000000000E+00 0	  10      -4.10      -4.00  0.000000000000000E+00  0.000000000000000E+00 0	  10      -4.10      -4.00  0.000000000000000E+00  0.000000000000000E+00 0	  10      -4.10      -4.00  0.000000000000000E+00  0.000000000000000E+00 0	  10      -4.10      -4.00  0.000000000000000E+00  0.000000000000000E+00 0	  10      -4.10      -4.00  0.000000000000000E+00  0.000000000000000E+00 0	  10      -4.10      -4.00  0.000000000000000E+00  0.000000000000000E+00 0
  11      -4.00      -3.90  1.550047000966357E-01  1.697370859780716E-04 67629425	  11      -4.00      -3.90  1.550047000966357E-01  1.697370859780716E-04 67629425	  11      -4.00      -3.90  1.396103314563236E-01  1.506167189588440E-04 67629425	  11      -4.00      -3.90  1.396103314563236E-01  1.506167189588440E-04 67629425	  11      -4.00      -3.90  1.736511489153162E-01  1.936978418788403E-04 67629425	  11      -4.00      -3.90  1.736511489153162E-01  1.936978418788403E-04 67629425	  11      -4.00      -3.90  1.550047000966357E-01  1.697370859780716E-04 67629425
  12      -3.90      -3.80  1.753607037386908E-01  1.840295693273771E-04 70899044	  12      -3.90      -3.80  1.753607037386908E-01  1.840295693273771E-04 70899044	  12      -3.90      -3.80  1.583466273816618E-01  1.634521690060566E-04 70899044	  12      -3.90      -3.80  1.583466273816618E-01  1.634521690060566E-04 70899044	  12      -3.90      -3.80  1.958927880510688E-01  2.098057746312195E-04 70899044	  12      -3.90      -3.80  1.958927880510688E-01  2.098057746312195E-04 70899044	  12      -3.90      -3.80  1.753607037386908E-01  1.840295693273771E-04 70899044
  13      -3.80      -3.70  1.951639874169855E-01  1.934488759668928E-04 73754650	  13      -3.80      -3.70  1.951639874169855E-01  1.934488759668928E-04 73754650	  13      -3.80      -3.70  1.766966784561550E-01  1.725277841055304E-04 73754650	  13      -3.80      -3.70  1.766966784561550E-01  1.725277841055304E-04 73754650	  13      -3.80      -3.70  2.173594422337205E-01  2.194906459539146E-04 73754650	  13      -3.80      -3.70  2.173594422337205E-01  2.194906459539146E-04 73754650	  13      -3.80      -3.70  1.951639874169855E-01  1.934488759668928E-04 73754650
  14      -3.70      -3.60  2.142361590640142E-01  2.053494649400993E-04 76118173	  14      -3.70      -3.60  2.142361590640142E-01  2.053494649400993E-04 76118173	  14      -3.70      -3.60  1.944512405363900E-01  1.834798992605389E-04 76118173	  14      -3.70      -3.60  1.944512405363900E-01  1.834798992605389E-04 76118173	  14      -3.70      -3.60  2.379235812856995E-01  2.325163166653487E-04 76118173	  14      -3.70      -3.60  2.379235812856995E-01  2.325163166653487E-04 76118173	  14      -3.70      -3.60  2.142361590640142E-01  2.053494649400993E-04 76118173
  15      -3.60      -3.50  2.324521514043386E-01  2.168899514203227E-04 77997373	  15      -3.60      -3.50  2.324521514043386E-01  2.168899514203227E-04 77997373	  15      -3.60      -3.50  2.114754119816341E-01  1.941866434167307E-04 77997373	  15      -3.60      -3.50  2.114754119816341E-01  1.941866434167307E-04 77997373	  15      -3.60      -3.50  2.574773925143235E-01  2.449981274923914E-04 77997373	  15      -3.60      -3.50  2.574773925143235E-01  2.449981274923914E-04 77997373	  15      -3.60      -3.50  2.324521514043386E-01  2.168899514203227E-04 77997373
  16      -3.50      -3.40  2.493922965317685E-01  2.258224871021591E-04 79431071	  16      -3.50      -3.40  2.493922965317685E-01  2.258224871021591E-04 79431071	  16      -3.50      -3.40  2.274252941138896E-01  2.027773202843088E-04 79431071	  16      -3.50      -3.40  2.274252941138896E-01  2.027773202843088E-04 79431071	  16      -3.50      -3.40  2.755010836013380E-01  2.542269622819645E-04 79431071	  16      -3.50      -3.40  2.755010836013380E-01  2.542269622819645E-04 79431071	  16      -3.50      -3.40  2.493922965317685E-01  2.258224871021591E-04 79431071
  17      -3.40      -3.30  2.640738328880096E-01  2.323881401276121E-04 80412794	  17      -3.40      -3.30  2.640738328880096E-01  2.323881401276121E-04 80412794	  17      -3.40      -3.30  2.413631973051784E-01  2.092923704762638E-04 80412794	  17      -3.40      -3.30  2.413631973051784E-01  2.092923704762638E-04 80412794	  17      -3.40      -3.30  2.909663767302150E-01  2.607157152749390E-04 80412794	  17      -3.40      -3.30  2.909663767302150E-01  2.607157152749390E-04 80412794	  17      -3.40      -3.30  2.640738328880096E-01  2.323881401276121E-04 80412794
  18      -3.30      -3.20  2.768540241829731E-01  2.356016530102076E-04 80974909	  18      -3.30      -3.20  2.768540241829731E-01  2.356016530102076E-04 80974909	  18      -3.30      -3.20  2.535876977755649E-01  2.127049236288463E-04 80974909	  18      -3.30      -3.20  2.535876977755649E-01  2.127049236288463E-04 80974909	  18      -3.30      -3.20  3.043092955372690E-01  2.635992143972040E-04 80974909	  18      -3.30      -3.20  3.043092955372690E-01  2.635992143972040E-04 80974909	  18      -3.30      -3.20  2.768540241829731E-01  2.356016530102076E-04 80974909
  19      -3.20      -3.10  2.871278031721006E-01  2.427649641740660E-04 81159676	  19      -3.20      -3.10  2.871278031721006E-01  2.427649641740660E-04 81159676	  19      -3.20      -3.10  2.635557127801135E-01  2.191820480462710E-04 81159676	  19      -3.20      -3.10  2.635557127801135E-01  2.191820480462710E-04 81159676	  19      -3.20      -3.10  3.148454256063847E-01  2.716600614748534E-04 81159676	  19      -3.20      -3.10  3.148454256063847E-01  2.716600614748534E-04 81159676	  19      -3.20      -3.10  2.871278031721006E-01  2.427649641740660E-04 81159676
  20      -3.10      -3.00  2.943360029008435E-01  2.387771883396472E-04 80969043	  20      -3.10      -3.00  2.943360029008435E-01  2.387771883396472E-04 80969043	  20      -3.10      -3.00  2.707091456592323E-01  2.165633628117088E-04 80969043	  20      -3.10      -3.00  2.707091456592323E-01  2.165633628117088E-04 80969043	  20      -3.10      -3.00  3.220252389387250E-01  2.657620241158447E-04 80969043	  20      -3.10      -3.00  3.220252389387250E-01  2.657620241158447E-04 80969043	  20      -3.10      -3.00  2.943360029008435E-01  2.387771883396472E-04 80969043
  21      -3.00      -2.90  2.990434868470672E-01  2.387374622716826E-04 80470011	  21      -3.00      -2.90  2.990434868470672E-01  2.387374622716826E-04 80470011	  21      -3.00      -2.90  2.755906648350213E-01  2.170953328509982E-04 80470011	  21      -3.00      -2.90  2.755906648350213E-01  2.170953328509982E-04 80470011	  21      -3.00      -2.90  3.264326762196293E-01  2.649167089755643E-04 80470011	  21      -3.00      -2.90  3.264326762196293E-01  2.649167089755643E-04 80470011	  21      -3.00      -2.90  2.990434868470672E-01  2.387374622716826E-04 80470011
  22      -2.90      -2.80  3.012924455550919E-01  2.390586847068169E-04 79665390	  22      -2.90      -2.80  3.012924455550919E-01  2.390586847068169E-04 79665390	  22      -2.90      -2.80  2.781748817875164E-01  2.178469675445589E-04 79665390	  22      -2.90      -2.80  2.781748817875164E-01  2.178469675445589E-04 79665390	  22      -2.90      -2.80  3.282006351011216E-01  2.646246906661240E-04 79665390	  22      -2.90      -2.80  3.282006351011216E-01  2.646246906661240E-04 79665390	  22      -2.90      -2.80  3.012924455550919E-01  2.390586847068169E-04 79665390
  23      -2.80      -2.70  3.000390058444020E-01  2.315385236117261E-04 78569748	  23      -2.80      -2.70  3.000390058444020E-01  2.315385236117261E-04 78569748	  23      -2.80      -2.70  2.775104715139941E-01  2.114427633762027E-04 78569748	  23      -2.80      -2.70  2.775104715139941E-01  2.114427633762027E-04 78569748	  23      -2.80      -2.70  3.261752496293845E-01  2.556916498727834E-04 78569748	  23      -2.80      -2.70  3.261752496293845E-01  2.556916498727834E-04 78569748	  23      -2.80      -2.70  3.000390058444020E-01  2.315385236117261E-04 78569748
  24      -2.70      -2.60  2.969395507967042E-01  2.280644374642215E-04 77240780	  24      -2.70      -2.60  2.969395507967042E-01  2.280644374642215E-04 77240780	  24      -2.70      -2.60  2.751267097233066E-01  2.087364085669451E-04 77240780	  24      -2.70      -2.60  2.751267097233066E-01  2.087364085669451E-04 77240780	  24      -2.70      -2.60  3.221606231226553E-01  2.512072983305576E-04 77240780	  24      -2.70      -2.60  3.221606231226553E-01  2.512072983305576E-04 77240780	  24      -2.70      -2.60  2.969395507967042E-01  2.280644374642215E-04 77240780
  25      -2.60      -2.50  2.914499675345153E-01  2.223329904770052E-04 75665290	  25      -2.60      -2.50  2.914499675345153E-01  2.223329904770052E-04 75665290	  25      -2.60      -2.50  2.704848996135079E-01  2.039592403905194E-04 75665290	  25      -2.60      -2.50  2.704848996135079E-01  2.039592403905194E-04 75665290	  25      -2.60      -2.50  3.156112192682503E-01  2.442425041121227E-04 75665290	  25      -2.60      -2.50  3.156112192682503E-01  2.442425041121227E-04 75665290	  25      -2.60      -2.50  2.914499675345153E-01  2.223329904770052E-04 75665290
  26      -2.50      -2.40  2.831610951814804E-01  2.109222022929087E-04 73900844	  26      -2.50      -2.40  2.831610951814804E-01  2.109222022929087E-04 73900844	  26      -2.50      -2.40  2.632142427218067E-01  1.938326517304115E-04 73900844	  26      -2.50      -2.40  2.632142427218067E-01  1.938326517304115E-04 73900844	  26      -2.50      -2.40  3.060724608193147E-01  2.312789586592600E-04 73900844	  26      -2.50      -2.40  3.060724608193147E-01  2.312789586592600E-04 73900844	  26      -2.50      -2.40  2.831610951814804E-01  2.109222022929087E-04 73900844
  27      -2.40      -2.30  2.732882060770009E-01  2.054433147880757E-04 71942225	  27      -2.40      -2.30  2.732882060770009E-01  2.054433147880757E-04 71942225	  27      -2.40      -2.30  2.544282368009838E-01  1.890888244948779E-04 71942225	  27      -2.40      -2.30  2.544282368009838E-01  1.890888244948779E-04 71942225	  27      -2.40      -2.30  2.948776824761339E-01  2.248397099121968E-04 71942225	  27      -2.40      -2.30  2.948776824761339E-01  2.248397099121968E-04 71942225	  27      -2.40      -2.30  2.732882060770009E-01  2.054433147880757E-04 71942225
  28      -2.30      -2.20  2.620554598029313E-01  1.927397915621355E-04 69807132	  28      -2.30      -2.20  2.620554598029313E-01  1.927397915621355E-04 69807132	  28      -2.30      -2.20  2.443173393357283E-01  1.779368165659392E-04 69807132	  28      -2.30      -2.20  2.443173393357283E-01  1.779368165659392E-04 69807132	  28      -2.30      -2.20  2.822942670207205E-01  2.102060812333165E-04 69807132	  28      -2.30      -2.20  2.822942670207205E-01  2.102060812333165E-04 69807132	  28      -2.30      -2.20  2.620554598029313E-01  1.927397915621355E-04 69807132
  29      -2.20      -2.10  2.494915286638736E-01  1.823477362790507E-04 67559749	  29      -2.20      -2.10  2.494915286638736E-01  1.823477362790507E-04 67559749	  29      -2.20      -2.10  2.329303133007344E-01  1.686358178298554E-04 67559749	  29      -2.20      -2.10  2.329303133007344E-01  1.686358178298554E-04 67559749	  29      -2.20      -2.10  2.683235486877012E-01  1.984755914572959E-04 67559749	  29      -2.20      -2.10  2.683235486877012E-01  1.984755914572959E-04 67559749	  29      -2.20      -2.10  2.494915286638736E-01  1.823477362790507E-04 67559749
  30      -2.10      -2.00  2.356315196655724E-01  1.718956512989234E-04 65164636	  30      -2.10      -2.00  2.356315196655724E-01  1.718956512989234E-04 65164636	  30      -2.10      -2.00  2.202771234389448E-01  1.592712221327142E-04 65164636	  30      -2.10      -2.00  2.202771234389448E-01  1.592712221327142E-04 65164636	  30      -2.10      -2.00  2.530316542179576E-01  1.866910066319169E-04 65164636	  30      -2.10      -2.00  2.530316542179576E-01  1.866910066319169E-04 65164636	  30      -2.10      -2.00  2.356315196655724E-01  1.718956512989234E-04 65164636
  31      -2.00      -1.90  2.213343784299598E-01  1.619094368494234E-04 62659961	  31      -2.00      -1.90  2.213343784299598E-01  1.619094368494234E-04 62659961	  31      -2.00      -1.90  2.071569603299314E-01  1.502221603904817E-04 62659961	  31      -2.00      -1.90  2.071569603299314E-01  1.502221603904817E-04 62659961	  31      -2.00      -1.90  2.373482497618919E-01  1.755717648309525E-04 62659961	  31      -2.00      -1.90  2.373482497618919E-01  1.755717648309525E-04 62659961	  31      -2.00      -1.90  2.213343784299598E-01  1.619094368494234E-04 62659961
  32      -1.90      -1.80  2.065472090261148E-01  1.521049330976646E-04 60029819	  32      -1.90      -1.80  2.065472090261148E-01  1.521049330976646E-04 60029819	  32      -1.90      -1.80  1.935429198299778E-01  1.411630089855933E-04 60029819	  32      -1.90      -1.80  1.935429198299778E-01  1.411630089855933E-04 60029819	  32      -1.90      -1.80  2.211850868015535E-01  1.649284066575923E-04 60029819	  32      -1.90      -1.80  2.211850868015535E-01  1.649284066575923E-04 60029819	  32      -1.90      -1.80  2.065472090261148E-01  1.521049330976646E-04 60029819
  33      -1.80      -1.70  1.908904489402614E-01  1.382374935292561E-04 57347856	  33      -1.80      -1.70  1.908904489402614E-01  1.382374935292561E-04 57347856	  33      -1.80      -1.70  1.790714571490423E-01  1.287266585485377E-04 57347856	  33      -1.80      -1.70  1.790714571490423E-01  1.287266585485377E-04 57347856	  33      -1.80      -1.70  2.041467622774977E-01  1.492729731296998E-04 57347856	  33      -1.80      -1.70  2.041467622774977E-01  1.492729731296998E-04 57347856	  33      -1.80      -1.70  1.908904489402614E-01  1.382374935292561E-04 57347856
  34      -1.70      -1.60  1.757264013355985E-01  1.284418862532519E-04 54577603	  34      -1.70      -1.60  1.757264013355985E-01  1.284418862532519E-04 54577603	  34      -1.70      -1.60  1.650107874039850E-01  1.196967623504551E-04 54577603	  34      -1.70      -1.60  1.650107874039850E-01  1.196967623504551E-04 54577603	  34      -1.70      -1.60  1.877034753420356E-01  1.385739851385404E-04 54577603	  34      -1.70      -1.60  1.877034753420356E-01  1.385739851385404E-04 54577603	  34      -1.70      -1.60  1.757264013355985E-01  1.284418862532519E-04 54577603
  35      -1.60      -1.50  1.608511551196823E-01  1.180502007659547E-04 51774713	  35      -1.60      -1.50  1.608511551196823E-01  1.180502007659547E-04 51774713	  35      -1.60      -1.50  1.511834223267943E-01  1.101815374093881E-04 51774713	  35      -1.60      -1.50  1.511834223267943E-01  1.101815374093881E-04 51774713	  35      -1.60      -1.50  1.716195338572606E-01  1.271445709016244E-04 51774713	  35      -1.60      -1.50  1.716195338572606E-01  1.271445709016244E-04 51774713	  35      -1.60      -1.50  1.608511551196823E-01  1.180502007659547E-04 51774713
  36      -1.50      -1.40  1.460942800481767E-01  1.076292811243824E-04 48969729	  36      -1.50      -1.40  1.460942800481767E-01  1.076292811243824E-04 48969729	  36      -1.50      -1.40  1.374319586435281E-01  1.006179458481082E-04 48969729	  36      -1.50      -1.40  1.374319586435281E-01  1.006179458481082E-04 48969729	  36      -1.50      -1.40  1.557083484956387E-01  1.156849244331617E-04 48969729	  36      -1.50      -1.40  1.557083484956387E-01  1.156849244331617E-04 48969729	  36      -1.50      -1.40  1.460942800481767E-01  1.076292811243824E-04 48969729
  37      -1.40      -1.30  1.314290280010141E-01  9.778517238622040E-05 46217402	  37      -1.40      -1.30  1.314290280010141E-01  9.778517238622040E-05 46217402	  37      -1.40      -1.30  1.237348313960272E-01  9.154402549639486E-05 46217402	  37      -1.40      -1.30  1.237348313960272E-01  9.154402549639486E-05 46217402	  37      -1.40      -1.30  1.399375924325925E-01  1.049276413105151E-04 46217402	  37      -1.40      -1.30  1.399375924325925E-01  1.049276413105151E-04 46217402	  37      -1.40      -1.30  1.314290280010141E-01  9.778517238622040E-05 46217402
  38      -1.30      -1.20  1.177912626754559E-01  8.835328877454368E-05 43564438	  38      -1.30      -1.20  1.177912626754559E-01  8.835328877454368E-05 43564438	  38      -1.30      -1.20  1.109664674281682E-01  8.281651107597286E-05 43564438	  38      -1.30      -1.20  1.109664674281682E-01  8.281651107597286E-05 43564438	  38      -1.30      -1.20  1.253132061996011E-01  9.466310251423726E-05 43564438	  38      -1.30      -1.20  1.253132061996011E-01  9.466310251423726E-05 43564438	  38      -1.30      -1.20  1.177912626754559E-01  8.835328877454368E-05 43564438
  39      -1.20      -1.10  1.045837251758782E-01  7.912230129342892E-05 41013532	  39      -1.20      -1.10  1.045837251758782E-01  7.912230129342892E-05 41013532	  39      -1.20      -1.10  9.858220881166944E-02  7.423012893394933E-05 41013532	  39      -1.20      -1.10  9.858220881166944E-02  7.423012893394933E-05 41013532	  39      -1.20      -1.10  1.111756929687510E-01  8.468348006242737E-05 41013532	  39      -1.20      -1.10  1.111756929687510E-01  8.468348006242737E-05 41013532	  39      -1.20      -1.10  1.045837251758782E-01  7.912230129342892E-05 41013532
  40      -1.10      -1.00  9.235488686156974E-02  7.204945414635640E-05 38614852	  40      -1.10      -1.00  9.235488686156974E-02  7.204945414635640E-05 38614852	  40      -1.10      -1.00  8.709541633031691E-02  6.760922730775803E-05 38614852	  40      -1.10      -1.00  8.709541633031691E-02  6.760922730775803E-05 38614852	  40      -1.10      -1.00  9.811334087521933E-02  7.708814399545677E-05 38614852	  40      -1.10      -1.00  9.811334087521933E-02  7.708814399545677E-05 38614852	  40      -1.10      -1.00  9.235488686156974E-02  7.204945414635640E-05 38614852
  41      -1.00      -0.90  8.075563175627846E-02  6.339867835941490E-05 36386833	  41      -1.00      -0.90  8.075563175627846E-02  6.339867835941490E-05 36386833	  41      -1.00      -0.90  7.618465545022227E-02  5.959794211732202E-05 36386833	  41      -1.00      -0.90  7.618465545022227E-02  5.959794211732202E-05 36386833	  41      -1.00      -0.90  8.574459001501065E-02  6.768320801245231E-05 36386833	  41      -1.00      -0.90  8.574459001501065E-02  6.768320801245231E-05 36386833	  41      -1.00      -0.90  8.075563175627846E-02  6.339867835941490E-05 36386833
  42      -0.90      -0.80  7.015662436637246E-02  5.601407020035026E-05 34340879	  42      -0.90      -0.80  7.015662436637246E-02  5.601407020035026E-05 34340879	  42      -0.90      -0.80  6.620445582097662E-02  5.270917044437760E-05 34340879	  42      -0.90      -0.80  6.620445582097662E-02  5.270917044437760E-05 34340879	  42      -0.90      -0.80  7.445678191875250E-02  5.972244868139857E-05 34340879	  42      -0.90      -0.80  7.445678191875250E-02  5.972244868139857E-05 34340879	  42      -0.90      -0.80  7.015662436637246E-02  5.601407020035026E-05 34340879
  43      -0.80      -0.70  6.045694461677287E-02  4.960707544276803E-05 32474067	  43      -0.80      -0.70  6.045694461677287E-02  4.960707544276803E-05 32474067	  43      -0.80      -0.70  5.705425975083534E-02  4.667132719962733E-05 32474067	  43      -0.80      -0.70  5.705425975083534E-02  4.667132719962733E-05 32474067	  43      -0.80      -0.70  6.414980680821200E-02  5.289974547201179E-05 32474067	  43      -0.80      -0.70  6.414980680821200E-02  5.289974547201179E-05 32474067	  43      -0.80      -0.70  6.045694461677287E-02  4.960707544276803E-05 32474067
  44      -0.70      -0.60  5.184381520741785E-02  4.361658211760116E-05 30833616	  44      -0.70      -0.60  5.184381520741785E-02  4.361658211760116E-05 30833616	  44      -0.70      -0.60  4.892256038844676E-02  4.106298658557812E-05 30833616	  44      -0.70      -0.60  4.892256038844676E-02  4.106298658557812E-05 30833616	  44      -0.70      -0.60  5.500673094162781E-02  4.646686179630141E-05 30833616	  44      -0.70      -0.60  5.500673094162781E-02  4.646686179630141E-05 30833616	  44      -0.70      -0.60  5.184381520741785E-02  4.361658211760116E-05 30833616
  45      -0.60      -0.50  4.429764094233609E-02  3.761649293382931E-05 29400626	  45      -0.60      -0.50  4.429764094233609E-02  3.761649293382931E-05 29400626	  45      -0.60      -0.50  4.179361938524338E-02  3.544618120607831E-05 29400626	  45      -0.60      -0.50  4.179361938524338E-02  3.544618120607831E-05 29400626	  45      -0.60      -0.50  4.700279909539858E-02  4.002616859035385E-05 29400626	  45      -0.60      -0.50  4.700279909539858E-02  4.002616859035385E-05 29400626	  45      -0.60      -0.50  4.429764094233609E-02  3.761649293382931E-05 29400626
  46      -0.50      -0.40  3.789061210915487E-02  3.276824600392221E-05 28158184	  46      -0.50      -0.40  3.789061210915487E-02  3.276824600392221E-05 28158184	  46      -0.50      -0.40  3.573436426354111E-02  3.088111458436109E-05 28158184	  46      -0.50      -0.40  3.573436426354111E-02  3.088111458436109E-05 28158184	  46      -0.50      -0.40  4.021613308829974E-02  3.485682412967400E-05 28158184	  46      -0.50      -0.40  4.021613308829974E-02  3.485682412967400E-05 28158184	  46      -0.50      -0.40  3.789061210915487E-02  3.276824600392221E-05 28158184
  47      -0.40      -0.30  3.268459990778251E-02  2.859325086513487E-05 27162576	  47      -0.40      -0.30  3.268459990778251E-02  2.859325086513487E-05 27162576	  47      -0.40      -0.30  3.080960365915269E-02  2.694482632909476E-05 27162576	  47      -0.40      -0.30  3.080960365915269E-02  2.694482632909476E-05 27162576	  47      -0.40      -0.30  3.470396996509582E-02  3.041360194620319E-05 27162576	  47      -0.40      -0.30  3.470396996509582E-02  3.041360194620319E-05 27162576	  47      -0.40      -0.30  3.268459990778251E-02  2.859325086513487E-05 27162576
  48      -0.30      -0.20  2.879160363615119E-02  2.535289917325470E-05 26383154	  48      -0.30      -0.20  2.879160363615119E-02  2.535289917325470E-05 26383154	  48      -0.30      -0.20  2.712370134320017E-02  2.388489878324433E-05 26383154	  48      -0.30      -0.20  2.712370134320017E-02  2.388489878324433E-05 26383154	  48      -0.30      -0.20  3.058611860384402E-02  2.697031029578999E-05 26383154	  48      -0.30      -0.20  3.058611860384402E-02  2.697031029578999E-05 26383154	  48      -0.30      -0.20  2.879160363615119E-02  2.535289917325470E-05 26383154
  49      -0.20      -0.10  2.615771250132543E-02  2.264999877610416E-05 25833333	  49      -0.20      -0.10  2.615771250132543E-02  2.264999877610416E-05 25833333	  49      -0.20      -0.10  2.463108591443885E-02  2.135773490247837E-05 25833333	  49      -0.20      -0.10  2.463108591443885E-02  2.135773490247837E-05 25833333	  49      -0.20      -0.10  2.779877945490600E-02  2.406250399373312E-05 25833333	  49      -0.20      -0.10  2.779877945490600E-02  2.406250399373312E-05 25833333	  49      -0.20      -0.10  2.615771250132543E-02  2.264999877610416E-05 25833333
  50      -0.10       0.00  2.483545787544900E-02  2.169221964594869E-05 25512589	  50      -0.10       0.00  2.483545787544900E-02  2.169221964594869E-05 25512589	  50      -0.10       0.00  2.337850597484774E-02  2.045595469662667E-05 25512589	  50      -0.10       0.00  2.337850597484774E-02  2.045595469662667E-05 25512589	  50      -0.10       0.00  2.640110337239702E-02  2.304055142543017E-05 25512589	  50      -0.10       0.00  2.640110337239702E-02  2.304055142543017E-05 25512589	  50      -0.10       0.00  2.483545787544900E-02  2.169221964594869E-05 25512589
  51       0.00       0.10  2.479609908815202E-02  2.191091914536403E-05 25415287	  51       0.00       0.10  2.479609908815202E-02  2.191091914536403E-05 25415287	  51       0.00       0.10  2.334104850964385E-02  2.066948339897075E-05 25415287	  51       0.00       0.10  2.334104850964385E-02  2.066948339897075E-05 25415287	  51       0.00       0.10  2.635978261836960E-02  2.326276906538123E-05 25415287	  51       0.00       0.10  2.635978261836960E-02  2.326276906538123E-05 25415287	  51       0.00       0.10  2.479609908815202E-02  2.191091914536403E-05 25415287
  52       0.10       0.20  2.612200965331919E-02  2.365410889163982E-05 25562624	  52       0.10       0.20  2.612200965331919E-02  2.365410889163982E-05 25562624	  52       0.10       0.20  2.459553899920053E-02  2.232023606125160E-05 25562624	  52       0.10       0.20  2.459553899920053E-02  2.232023606125160E-05 25562624	  52       0.10       0.20  2.776335487581125E-02  2.510822861116058E-05 25562624	  52       0.10       0.20  2.776335487581125E-02  2.510822861116058E-05 25562624	  52       0.10       0.20  2.612200965331919E-02  2.365410889163982E-05 25562624
  53       0.20       0.30  2.882689394281550E-02  2.662443310401880E-05 25912554	  53       0.20       0.30  2.882689394281550E-02  2.662443310401880E-05 25912554	  53       0.20       0.30  2.715752187530268E-02  2.513359625511260E-05 25912554	  53       0.20       0.30  2.715752187530268E-02  2.513359625511260E-05 25912554	  53       0.20       0.30  3.062292551336487E-02  2.825282847319876E-05 25912554	  53       0.20       0.30  3.062292551336487E-02  2.825282847319876E-05 25912554	  53       0.20       0.30  2.882689394281550E-02  2.662443310401880E-05 25912554
  54       0.30       0.40  3.274145455235051E-02  3.053036173800765E-05 26511480	  54       0.30       0.40  3.274145455235051E-02  3.053036173800765E-05 26511480	  54       0.30       0.40  3.086288177429145E-02  2.881830441722282E-05 26511480	  54       0.30       0.40  3.086288177429145E-02  2.881830441722282E-05 26511480	  54       0.30       0.40  3.476473634494953E-02  3.240747213895193E-05 26511480	  54       0.30       0.40  3.476473634494953E-02  3.240747213895193E-05 26511480	  54       0.30       0.40  3.274145455235051E-02  3.053036173800765E-05 26511480
  55       0.40       0.50  3.787924263445727E-02  3.513996605807507E-05 27344430	  55       0.40       0.50  3.787924263445727E-02  3.513996605807507E-05 27344430	  55       0.40       0.50  3.572315689273326E-02  3.316337694057386E-05 27344430	  55       0.40       0.50  3.572315689273326E-02  3.316337694057386E-05 27344430	  55       0.40       0.50  4.020485325519189E-02  3.731550240296956E-05 27344430	  55       0.40       0.50  4.020485325519189E-02  3.731550240296956E-05 27344430	  55       0.40       0.50  3.787924263445727E-02  3.513996605807507E-05 27344430
  56       0.50       0.60  4.430212956675040E-02  4.048026037846727E-05 28396990	  56       0.50       0.60  4.430212956675040E-02  4.048026037846727E-05 28396990	  56       0.50       0.60  4.179903460130520E-02  3.820054483929125E-05 28396990	  56       0.50       0.60  4.179903460130520E-02  3.820054483929125E-05 28396990	  56       0.50       0.60  4.700613177176480E-02  4.299694317459259E-05 28396990	  56       0.50       0.60  4.700613177176480E-02  4.299694317459259E-05 28396990	  56       0.50       0.60  4.430212956675040E-02  4.048026037846727E-05 28396990
  57       0.60       0.70  5.187751976785663E-02  4.637356965464779E-05 29666902	  57       0.60       0.70  5.187751976785663E-02  4.637356965464779E-05 29666902	  57       0.60       0.70  4.895585698160541E-02  4.373700728521690E-05 29666902	  57       0.60       0.70  4.895585698160541E-02  4.373700728521690E-05 29666902	  57       0.60       0.70  5.504056196839308E-02  4.929637437357495E-05 29666902	  57       0.60       0.70  5.504056196839308E-02  4.929637437357495E-05 29666902	  57       0.60       0.70  5.187751976785663E-02  4.637356965464779E-05 29666902
  58       0.70       0.80  6.045898899538062E-02  5.275153574118042E-05 31173281	  58       0.70       0.80  6.045898899538062E-02  5.275153574118042E-05 31173281	  58       0.70       0.80  5.705503281461538E-02  4.971953202355270E-05 31173281	  58       0.70       0.80  5.705503281461538E-02  4.971953202355270E-05 31173281	  58       0.70       0.80  6.415359231209651E-02  5.612744529163370E-05 31173281	  58       0.70       0.80  6.415359231209651E-02  5.612744529163370E-05 31173281	  58       0.70       0.80  6.045898899538062E-02  5.275153574118042E-05 31173281
  59       0.80       0.90  7.003568712343849E-02  5.976183146046560E-05 32875482	  59       0.80       0.90  7.003568712343849E-02  5.976183146046560E-05 32875482	  59       0.80       0.90  6.608822524368985E-02  5.628614204690478E-05 32875482	  59       0.80       0.90  6.608822524368985E-02  5.628614204690478E-05 32875482	  59       0.80       0.90  7.433121195101684E-02  6.364940890862143E-05 32875482	  59       0.80       0.90  7.433121195101684E-02  6.364940890862143E-05 32875482	  59       0.80       0.90  7.003568712343849E-02  5.976183146046560E-05 32875482
  60       0.90       1.00  8.076772785193342E-02  6.748767571392721E-05 34779967	  60       0.90       1.00  8.076772785193342E-02  6.748767571392721E-05 34779967	  60       0.90       1.00  7.619718079287872E-02  6.350962213007829E-05 34779967	  60       0.90       1.00  7.619718079287872E-02  6.350962213007829E-05 34779967	  60       0.90       1.00  8.575595986559316E-02  7.195464079249263E-05 34779967	  60       0.90       1.00  8.575595986559316E-02  7.195464079249263E-05 34779967	  60       0.90       1.00  8.076772785193342E-02  6.748767571392721E-05 34779967
  61       1.00       1.10  9.234319650957616E-02  7.555479153410436E-05 36876344	  61       1.00       1.10  9.234319650957616E-02  7.555479153410436E-05 36876344	  61       1.00       1.10  8.709036689993647E-02  7.105738684334643E-05 36876344	  61       1.00       1.10  8.709036689993647E-02  7.105738684334643E-05 36876344	  61       1.00       1.10  9.809307087631823E-02  8.062078206628224E-05 36876344	  61       1.00       1.10  9.809307087631823E-02  8.062078206628224E-05 36876344	  61       1.00       1.10  9.234319650957616E-02  7.555479153410436E-05 36876344
  62       1.10       1.20  1.045225179125372E-01  8.379188218296939E-05 39148068	  62       1.10       1.20  1.045225179125372E-01  8.379188218296939E-05 39148068	  62       1.10       1.20  9.852645693558670E-02  7.871313619576538E-05 39148068	  62       1.10       1.20  9.852645693558670E-02  7.871313619576538E-05 39148068	  62       1.10       1.20  1.111079066870007E-01  8.953880212393492E-05 39148068	  62       1.10       1.20  1.111079066870007E-01  8.953880212393492E-05 39148068	  62       1.10       1.20  1.045225179125372E-01  8.379188218296939E-05 39148068
  63       1.20       1.30  1.178092794844521E-01  9.338081815040995E-05 41575641	  63       1.20       1.30  1.178092794844521E-01  9.338081815040995E-05 41575641	  63       1.20       1.30  1.109823772167889E-01  8.761609359542500E-05 41575641	  63       1.20       1.30  1.109823772167889E-01  8.761609359542500E-05 41575641	  63       1.20       1.30  1.253338863615216E-01  9.993053667764140E-05 41575641	  63       1.20       1.30  1.253338863615216E-01  9.993053667764140E-05 41575641	  63       1.20       1.30  1.178092794844521E-01  9.338081815040995E-05 41575641
  64       1.30       1.40  1.316320906851375E-01  1.031645767716101E-04 44114956	  64       1.30       1.40  1.316320906851375E-01  1.031645767716101E-04 44114956	  64       1.30       1.40  1.239230619585488E-01  9.667570415370754E-05 44114956	  64       1.30       1.40  1.239230619585488E-01  9.667570415370754E-05 44114956	  64       1.30       1.40  1.401578505684568E-01  1.105665488467209E-04 44114956	  64       1.30       1.40  1.401578505684568E-01  1.105665488467209E-04 44114956	  64       1.30       1.40  1.316320906851375E-01  1.031645767716101E-04 44114956
  65       1.40       1.50  1.461389059266777E-01  1.134202269092305E-04 46763173	  65       1.40       1.50  1.461389059266777E-01  1.134202269092305E-04 46763173	  65       1.40       1.50  1.374687192601025E-01  1.061375694567117E-04 46763173	  65       1.40       1.50  1.374687192601025E-01  1.061375694567117E-04 46763173	  65       1.40       1.50  1.557628086883344E-01  1.217624711168137E-04 46763173	  65       1.40       1.50  1.557628086883344E-01  1.217624711168137E-04 46763173	  65       1.40       1.50  1.461389059266777E-01  1.134202269092305E-04 46763173
  66       1.50       1.60  1.607884618949126E-01  1.232215677872082E-04 49479083	  66       1.50       1.60  1.607884618949126E-01  1.232215677872082E-04 49479083	  66       1.50       1.60  1.511268712021874E-01  1.151796109146436E-04 49479083	  66       1.50       1.60  1.511268712021874E-01  1.151796109146436E-04 49479083	  66       1.50       1.60  1.715493102064264E-01  1.324648308357403E-04 49479083	  66       1.50       1.60  1.715493102064264E-01  1.324648308357403E-04 49479083	  66       1.50       1.60  1.607884618949126E-01  1.232215677872082E-04 49479083
  67       1.60       1.70  1.758767488481044E-01  1.343731832988687E-04 52191331	  67       1.60       1.70  1.758767488481044E-01  1.343731832988687E-04 52191331	  67       1.60       1.70  1.651568447206241E-01  1.254245927983404E-04 52191331	  67       1.60       1.70  1.651568447206241E-01  1.254245927983404E-04 52191331	  67       1.60       1.70  1.878574503051499E-01  1.446922836463459E-04 52191331	  67       1.60       1.70  1.878574503051499E-01  1.446922836463459E-04 52191331	  67       1.60       1.70  1.758767488481044E-01  1.343731832988687E-04 52191331
  68       1.70       1.80  1.911853664722522E-01  1.456491759726022E-04 54872328	  68       1.70       1.80  1.911853664722522E-01  1.456491759726022E-04 54872328	  68       1.70       1.80  1.793480060197527E-01  1.357419323256485E-04 54872328	  68       1.70       1.80  1.793480060197527E-01  1.357419323256485E-04 54872328	  68       1.70       1.80  2.044626549508886E-01  1.571173010611965E-04 54872328	  68       1.70       1.80  2.044626549508886E-01  1.571173010611965E-04 54872328	  68       1.70       1.80  1.911853664722522E-01  1.456491759726022E-04 54872328
  69       1.80       1.90  2.064073343521554E-01  1.568546174730268E-04 57457806	  69       1.80       1.90  2.064073343521554E-01  1.568546174730268E-04 57457806	  69       1.80       1.90  1.934117654516526E-01  1.459322188493951E-04 57457806	  69       1.80       1.90  1.934117654516526E-01  1.459322188493951E-04 57457806	  69       1.80       1.90  2.210359085503912E-01  1.695489558589364E-04 57457806	  69       1.80       1.90  2.210359085503912E-01  1.695489558589364E-04 57457806	  69       1.80       1.90  2.064073343521554E-01  1.568546174730268E-04 57457806
  70       1.90       2.00  2.211576787645175E-01  1.673396947967053E-04 60002235	  70       1.90       2.00  2.211576787645175E-01  1.673396947967053E-04 60002235	  70       1.90       2.00  2.070116012176360E-01  1.554821623317963E-04 60002235	  70       1.90       2.00  2.070116012176360E-01  1.554821623317963E-04 60002235	  70       1.90       2.00  2.371321646037501E-01  1.811558583235032E-04 60002235	  70       1.90       2.00  2.371321646037501E-01  1.811558583235032E-04 60002235	  70       1.90       2.00  2.211576787645175E-01  1.673396947967053E-04 60002235
  71       2.00       2.10  2.357498426063798E-01  1.797028764813877E-04 62433922	  71       2.00       2.10  2.357498426063798E-01  1.797028764813877E-04 62433922	  71       2.00       2.10  2.203853446120804E-01  1.666536401393536E-04 62433922	  71       2.00       2.10  2.203853446120804E-01  1.666536401393536E-04 62433922	  71       2.00       2.10  2.531621616751545E-01  1.949670175831148E-04 62433922	  71       2.00       2.10  2.531621616751545E-01  1.949670175831148E-04 62433922	  71       2.00       2.10  2.357498426063798E-01  1.797028764813877E-04 62433922
  72       2.10       2.20  2.496348139516022E-01  1.912748661991204E-04 64748802	  72       2.10       2.20  2.496348139516022E-01  1.912748661991204E-04 64748802	  72       2.10       2.20  2.330633430934656E-01  1.770483711840972E-04 64748802	  72       2.10       2.20  2.330633430934656E-01  1.770483711840972E-04 64748802	  72       2.10       2.20  2.684786527459936E-01  2.079768054006433E-04 64748802	  72       2.10       2.20  2.684786527459936E-01  2.079768054006433E-04 64748802	  72       2.10       2.20  2.496348139516022E-01  1.912748661991204E-04 64748802
  73       2.20       2.30  2.618112817263684E-01  2.006229002388934E-04 66927140	  73       2.20       2.30  2.618112817263684E-01  2.006229002388934E-04 66927140	  73       2.20       2.30  2.441064723203942E-01  1.854117141779586E-04 66927140	  73       2.20       2.30  2.441064723203942E-01  1.854117141779586E-04 66927140	  73       2.20       2.30  2.820092862456462E-01  2.185321584585883E-04 66927140	  73       2.20       2.30  2.820092862456462E-01  2.185321584585883E-04 66927140	  73       2.20       2.30  2.618112817263684E-01  2.006229002388934E-04 66927140
  74       2.30       2.40  2.732497934207090E-01  2.116382615735147E-04 68935317	  74       2.30       2.40  2.732497934207090E-01  2.116382615735147E-04 68935317	  74       2.30       2.40  2.543950346602168E-01  1.951682023600532E-04 68935317	  74       2.30       2.40  2.543950346602168E-01  1.951682023600532E-04 68935317	  74       2.30       2.40  2.948331799457241E-01  2.311013252185390E-04 68935317	  74       2.30       2.40  2.948331799457241E-01  2.311013252185390E-04 68935317	  74       2.30       2.40  2.732497934207090E-01  2.116382615735147E-04 68935317
  75       2.40       2.50  2.832791494856026E-01  2.215337314356316E-04 70807166	  75       2.40       2.50  2.832791494856026E-01  2.215337314356316E-04 70807166	  75       2.40       2.50  2.633258888967358E-01  2.038797264290513E-04 70807166	  75       2.40       2.50  2.633258888967358E-01  2.038797264290513E-04 70807166	  75       2.40       2.50  3.061976232653324E-01  2.424695163163869E-04 70807166	  75       2.40       2.50  3.061976232653324E-01  2.424695163163869E-04 70807166	  75       2.40       2.50  2.832791494856026E-01  2.215337314356316E-04 70807166
  76       2.50       2.60  2.912722762707210E-01  2.312595092835400E-04 72457946	  76       2.50       2.60  2.912722762707210E-01  2.312595092835400E-04 72457946	  76       2.50       2.60  2.703324752188829E-01  2.123906722194374E-04 72457946	  76       2.50       2.60  2.703324752188829E-01  2.123906722194374E-04 72457946	  76       2.50       2.60  3.154016288658245E-01  2.537097532941071E-04 72457946	  76       2.50       2.60  3.154016288658245E-01  2.537097532941071E-04 72457946	  76       2.50       2.60  2.912722762707210E-01  2.312595092835400E-04 72457946
  77       2.60       2.70  2.970653305468187E-01  2.380443658218460E-04 73937112	  77       2.60       2.70  2.970653305468187E-01  2.380443658218460E-04 73937112	  77       2.60       2.70  2.752520328796074E-01  2.181947006401833E-04 73937112	  77       2.60       2.70  2.752520328796074E-01  2.181947006401833E-04 73937112	  77       2.60       2.70  3.222858607430027E-01  2.617423108066943E-04 73937112	  77       2.60       2.70  3.222858607430027E-01  2.617423108066943E-04 73937112	  77       2.60       2.70  2.970653305468187E-01  2.380443658218460E-04 73937112
  78       2.70       2.80  2.996984167213128E-01  2.420397232881483E-04 75145695	  78       2.70       2.80  2.996984167213128E-01  2.420397232881483E-04 75145695	  78       2.70       2.80  2.772066338103278E-01  2.213524128536551E-04 75145695	  78       2.70       2.80  2.772066338103278E-01  2.213524128536551E-04 75145695	  78       2.70       2.80  3.257904225768707E-01  2.668269340911597E-04 75145695	  78       2.70       2.80  3.257904225768707E-01  2.668269340911597E-04 75145695	  78       2.70       2.80  2.996984167213128E-01  2.420397232881483E-04 75145695
  79       2.80       2.90  3.010877620214638E-01  2.478722891028801E-04 76118031	  79       2.80       2.90  3.010877620214638E-01  2.478722891028801E-04 76118031	  79       2.80       2.90  2.779911018626046E-01  2.262098922520470E-04 76118031	  79       2.80       2.90  2.779911018626046E-01  2.262098922520470E-04 76118031	  79       2.80       2.90  3.279706219812739E-01  2.739110979881129E-04 76118031	  79       2.80       2.90  3.279706219812739E-01  2.739110979881129E-04 76118031	  79       2.80       2.90  3.010877620214638E-01  2.478722891028801E-04 76118031
  80       2.90       3.00  2.991328364561994E-01  2.507634569695286E-04 76832235	  80       2.90       3.00  2.991328364561994E-01  2.507634569695286E-04 76832235	  80       2.90       3.00  2.756654846635955E-01  2.283464661285110E-04 76832235	  80       2.90       3.00  2.756654846635955E-01  2.283464661285110E-04 76832235	  80       2.90       3.00  3.265400381411181E-01  2.777976633854460E-04 76832235	  80       2.90       3.00  3.265400381411181E-01  2.777976633854460E-04 76832235	  80       2.90       3.00  2.991328364561994E-01  2.507634569695286E-04 76832235
  81       3.00       3.10  2.942387209289740E-01  2.506541187991960E-04 77217784	  81       3.00       3.10  2.942387209289740E-01  2.506541187991960E-04 77217784	  81       3.00       3.10  2.706312067434145E-01  2.277230226389468E-04 77217784	  81       3.00       3.10  2.706312067434145E-01  2.277230226389468E-04 77217784	  81       3.00       3.10  3.219028574094604E-01  2.784143506736283E-04 77217784	  81       3.00       3.10  3.219028574094604E-01  2.784143506736283E-04 77217784	  81       3.00       3.10  2.942387209289740E-01  2.506541187991960E-04 77217784
  82       3.10       3.20  2.868904941056247E-01  2.503069601804375E-04 77251960	  82       3.10       3.20  2.868904941056247E-01  2.503069601804375E-04 77251960	  82       3.10       3.20  2.633396557218097E-01  2.268689339809054E-04 77251960	  82       3.10       3.20  2.633396557218097E-01  2.268689339809054E-04 77251960	  82       3.10       3.20  3.145830932905457E-01  2.787813296560623E-04 77251960	  82       3.10       3.20  3.145830932905457E-01  2.787813296560623E-04 77251960	  82       3.10       3.20  2.868904941056247E-01  2.503069601804375E-04 77251960
  83       3.20       3.30  2.769109512894652E-01  2.482738210077832E-04 76945145	  83       3.20       3.30  2.769109512894652E-01  2.482738210077832E-04 76945145	  83       3.20       3.30  2.536316095254820E-01  2.244179266972241E-04 76945145	  83       3.20       3.30  2.536316095254820E-01  2.244179266972241E-04 76945145	  83       3.20       3.30  3.043837628676779E-01  2.773743888679515E-04 76945145	  83       3.20       3.30  3.043837628676779E-01  2.773743888679515E-04 76945145	  83       3.20       3.30  2.769109512894652E-01  2.482738210077832E-04 76945145
  84       3.30       3.40  2.646582324362070E-01  2.443639773558670E-04 76259644	  84       3.30       3.40  2.646582324362070E-01  2.443639773558670E-04 76259644	  84       3.30       3.40  2.418757699935258E-01  2.204110788413534E-04 76259644	  84       3.30       3.40  2.418757699935258E-01  2.204110788413534E-04 76259644	  84       3.30       3.40  2.916409158395273E-01  2.736652371658945E-04 76259644	  84       3.30       3.40  2.916409158395273E-01  2.736652371658945E-04 76259644	  84       3.30       3.40  2.646582324362070E-01  2.443639773558670E-04 76259644
  85       3.40       3.50  2.491591626337689E-01  2.372121774839841E-04 75136400	  85       3.40       3.50  2.491591626337689E-01  2.372121774839841E-04 75136400	  85       3.40       3.50  2.272037088613867E-01  2.133885406419108E-04 75136400	  85       3.40       3.50  2.272037088613867E-01  2.133885406419108E-04 75136400	  85       3.40       3.50  2.752549521119214E-01  2.664810368917924E-04 75136400	  85       3.40       3.50  2.752549521119214E-01  2.664810368917924E-04 75136400	  85       3.40       3.50  2.491591626337689E-01  2.372121774839841E-04 75136400
  86       3.50       3.60  2.324905998743506E-01  2.294596846959144E-04 73608092	  86       3.50       3.60  2.324905998743506E-01  2.294596846959144E-04 73608092	  86       3.50       3.60  2.115322831135922E-01  2.059273060939710E-04 73608092	  86       3.50       3.60  2.115322831135922E-01  2.059273060939710E-04 73608092	  86       3.50       3.60  2.574895318400827E-01  2.584720609023298E-04 73608092	  86       3.50       3.60  2.574895318400827E-01  2.584720609023298E-04 73608092	  86       3.50       3.60  2.324905998743506E-01  2.294596846959144E-04 73608092
  87       3.60       3.70  2.137830584070592E-01  2.205525941922543E-04 71640829	  87       3.60       3.70  2.137830584070592E-01  2.205525941922543E-04 71640829	  87       3.60       3.70  1.940399527243253E-01  1.973222013931383E-04 71640829	  87       3.60       3.70  1.940399527243253E-01  1.973222013931383E-04 71640829	  87       3.60       3.70  2.374214169749504E-01  2.493263096306820E-04 71640829	  87       3.60       3.70  2.374214169749504E-01  2.493263096306820E-04 71640829	  87       3.60       3.70  2.137830584070592E-01  2.205525941922543E-04 71640829
  88       3.70       3.80  1.944805417085201E-01  2.114743237679707E-04 69217499	  88       3.70       3.80  1.944805417085201E-01  2.114743237679707E-04 69217499	  88       3.70       3.80  1.760785011202009E-01  1.887147957069642E-04 69217499	  88       3.70       3.80  1.760785011202009E-01  1.887147957069642E-04 69217499	  88       3.70       3.80  2.165972785104910E-01  2.397508413201090E-04 69217499	  88       3.70       3.80  2.165972785104910E-01  2.397508413201090E-04 69217499	  88       3.70       3.80  1.944805417085201E-01  2.114743237679707E-04 69217499
  89       3.80       3.90  1.751196196431948E-01  2.002786065217619E-04 66369831	  89       3.80       3.90  1.751196196431948E-01  2.002786065217619E-04 66369831	  89       3.80       3.90  1.581393744274995E-01  1.781696045825651E-04 66369831	  89       3.80       3.90  1.581393744274995E-01  1.781696045825651E-04 66369831	  89       3.80       3.90  1.956078093173212E-01  2.278772799027161E-04 66369831	  89       3.80       3.90  1.956078093173212E-01  2.278772799027161E-04 66369831	  89       3.80       3.90  1.751196196431948E-01  2.002786065217619E-04 66369831
  90       3.90       4.00  1.549253581632128E-01  1.862454344069040E-04 63049763	  90       3.90       4.00  1.549253581632128E-01  1.862454344069040E-04 63049763	  90       3.90       4.00  1.395283329592523E-01  1.652525515922653E-04 63049763	  90       3.90       4.00  1.395283329592523E-01  1.652525515922653E-04 63049763	  90       3.90       4.00  1.735783823543271E-01  2.125552194158700E-04 63049763	  90       3.90       4.00  1.735783823543271E-01  2.125552194158700E-04 63049763	  90       3.90       4.00  1.549253581632128E-01  1.862454344069040E-04 63049763
  91       4.00       4.10  0.000000000000000E+00  0.000000000000000E+00 0	  91       4.00       4.10  0.000000000000000E+00  0.000000000000000E+00 0	  91       4.00       4.10  0.000000000000000E+00  0.000000000000000E+00 0	  91       4.00       4.10  0.000000000000000E+00  0.000000000000000E+00 0	  91       4.00       4.10  0.000000000000000E+00  0.000000000000000E+00 0	  91       4.00       4.10  0.000000000000000E+00  0.000000000000000E+00 0	  91       4.00       4.10  0.000000000000000E+00  0.000000000000000E+00 0
  92       4.10       4.20  0.000000000000000E+00  0.000000000000000E+00 0	  92       4.10       4.20  0.000000000000000E+00  0.000000000000000E+00 0	  92       4.10       4.20  0.000000000000000E+00  0.000000000000000E+00 0	  92       4.10       4.20  0.000000000000000E+00  0.000000000000000E+00 0	  92       4.10       4.20  0.000000000000000E+00  0.000000000000000E+00 0	  92       4.10       4.20  0.000000000000000E+00  0.000000000000000E+00 0	  92       4.10       4.20  0.000000000000000E+00  0.000000000000000E+00 0
  93       4.20       4.30  0.000000000000000E+00  0.000000000000000E+00 0	  93       4.20       4.30  0.000000000000000E+00  0.000000000000000E+00 0	  93       4.20       4.30  0.000000000000000E+00  0.000000000000000E+00 0	  93       4.20       4.30  0.000000000000000E+00  0.000000000000000E+00 0	  93       4.20       4.30  0.000000000000000E+00  0.000000000000000E+00 0	  93       4.20       4.30  0.000000000000000E+00  0.000000000000000E+00 0	  93       4.20       4.30  0.000000000000000E+00  0.000000000000000E+00 0
  94       4.30       4.40  0.000000000000000E+00  0.000000000000000E+00 0	  94       4.30       4.40  0.000000000000000E+00  0.000000000000000E+00 0	  94       4.30       4.40  0.000000000000000E+00  0.000000000000000E+00 0	  94       4.30       4.40  0.000000000000000E+00  0.000000000000000E+00 0	  94       4.30       4.40  0.000000000000000E+00  0.000000000000000E+00 0	  94       4.30       4.40  0.000000000000000E+00  0.000000000000000E+00 0	  94       4.30       4.40  0.000000000000000E+00  0.000000000000000E+00 0
  95       4.40       4.50  0.000000000000000E+00  0.000000000000000E+00 0	  95       4.40       4.50  0.000000000000000E+00  0.000000000000000E+00 0	  95       4.40       4.50  0.000000000000000E+00  0.000000000000000E+00 0	  95       4.40       4.50  0.000000000000000E+00  0.000000000000000E+00 0	  95       4.40       4.50  0.000000000000000E+00  0.000000000000000E+00 0	  95       4.40       4.50  0.000000000000000E+00  0.000000000000000E+00 0	  95       4.40       4.50  0.000000000000000E+00  0.000000000000000E+00 0
  96       4.50       4.60  0.000000000000000E+00  0.000000000000000E+00 0	  96       4.50       4.60  0.000000000000000E+00  0.000000000000000E+00 0	  96       4.50       4.60  0.000000000000000E+00  0.000000000000000E+00 0	  96       4.50       4.60  0.000000000000000E+00  0.000000000000000E+00 0	  96       4.50       4.60  0.000000000000000E+00  0.000000000000000E+00 0	  96       4.50       4.60  0.000000000000000E+00  0.000000000000000E+00 0	  96       4.50       4.60  0.000000000000000E+00  0.000000000000000E+00 0
  97       4.60       4.70  0.000000000000000E+00  0.000000000000000E+00 0	  97       4.60       4.70  0.000000000000000E+00  0.000000000000000E+00 0	  97       4.60       4.70  0.000000000000000E+00  0.000000000000000E+00 0	  97       4.60       4.70  0.000000000000000E+00  0.000000000000000E+00 0	  97       4.60       4.70  0.000000000000000E+00  0.000000000000000E+00 0	  97       4.60       4.70  0.000000000000000E+00  0.000000000000000E+00 0	  97       4.60       4.70  0.000000000000000E+00  0.000000000000000E+00 0
  98       4.70       4.80  0.000000000000000E+00  0.000000000000000E+00 0	  98       4.70       4.80  0.000000000000000E+00  0.000000000000000E+00 0	  98       4.70       4.80  0.000000000000000E+00  0.000000000000000E+00 0	  98       4.70       4.80  0.000000000000000E+00  0.000000000000000E+00 0	  98       4.70       4.80  0.000000000000000E+00  0.000000000000000E+00 0	  98       4.70       4.80  0.000000000000000E+00  0.000000000000000E+00 0	  98       4.70       4.80  0.000000000000000E+00  0.000000000000000E+00 0
  99       4.80       4.90  0.000000000000000E+00  0.000000000000000E+00 0	  99       4.80       4.90  0.000000000000000E+00  0.000000000000000E+00 0	  99       4.80       4.90  0.000000000000000E+00  0.000000000000000E+00 0	  99       4.80       4.90  0.000000000000000E+00  0.000000000000000E+00 0	  99       4.80       4.90  0.000000000000000E+00  0.000000000000000E+00 0	  99       4.80       4.90  0.000000000000000E+00  0.000000000000000E+00 0	  99       4.80       4.90  0.000000000000000E+00  0.000000000000000E+00 0
 100       4.90       5.00  0.000000000000000E+00  0.000000000000000E+00 0	 100       4.90       5.00  0.000000000000000E+00  0.000000000000000E+00 0	 100       4.90       5.00  0.000000000000000E+00  0.000000000000000E+00 0	 100       4.90       5.00  0.000000000000000E+00  0.000000000000000E+00 0	 100       4.90       5.00  0.000000000000000E+00  0.000000000000000E+00 0	 100       4.90       5.00  0.000000000000000E+00  0.000000000000000E+00 0	 100       4.90       5.00  0.000000000000000E+00  0.000000000000000E+00 0
# Underflow:                 0.0000000000000000E+00  0.0000000000000000E+00 0
# Overflow:                  0.0000000000000000E+00  0.0000000000000000E+00 0
#-------------------------------------------------------------------------------------	#-------------------------------------------------------------------------------------	#-------------------------------------------------------------------------------------	#-------------------------------------------------------------------------------------	#-------------------------------------------------------------------------------------	#-------------------------------------------------------------------------------------	#-------------------------------------------------------------------------------------
# Sum:                       1.3169060832228341E-01  2.1862990802362222E-05 451479000
#=====================================================================================	#=====================================================================================	#=====================================================================================	#=====================================================================================	#=====================================================================================	#=====================================================================================	#=====================================================================================
