# title = Rapidity Neutrino e
# xlabel = $y_{\nu_{\text{e}}}$
# ylabel = $\frac{\text{d}\sigma}{\text{d}y_{\nu_{\text{e}}}}\,[\text{fb}]$
# xmin= -2.500E+00
# xmax=  2.500E+00
# ymin=  1.000E-04
# ymax=  6.000E-01
# kmin= -2.000E+01
# kmax=  1.000E+01
# logscale = false
# Renormalization and factorization scale scaled by: 1.0000000000
# Renormalization scaled by: 1.0000000000
# Number of generated events: 6467394395
#	#	#	#	#	#	#
#=====================================================================================	#=====================================================================================	#=====================================================================================	#=====================================================================================	#=====================================================================================	#=====================================================================================	#=====================================================================================
# No.       Left      Right                   Value                   Error Hits
#-------------------------------------------------------------------------------------	#-------------------------------------------------------------------------------------	#-------------------------------------------------------------------------------------	#-------------------------------------------------------------------------------------	#-------------------------------------------------------------------------------------	#-------------------------------------------------------------------------------------	#-------------------------------------------------------------------------------------
   1      -5.00      -4.90  5.785220285729847E-04  6.845799921620859E-06 733983	   1      -5.00      -4.90  5.785220285729847E-04  6.845799921620859E-06 733983	   1      -5.00      -4.90  5.261735151897998E-04  6.143515379592778E-06 733983	   1      -5.00      -4.90  5.261735151897998E-04  6.143515379592778E-06 733983	   1      -5.00      -4.90  6.408584229064774E-04  7.714226789745054E-06 733983	   1      -5.00      -4.90  6.408584229064774E-04  7.714226789745054E-06 733983	   1      -5.00      -4.90  5.785220285729847E-04  6.845799921620859E-06 733983
   2      -4.90      -4.80  7.161436209878251E-04  8.208201648882049E-06 885702	   2      -4.90      -4.80  7.161436209878251E-04  8.208201648882049E-06 885702	   2      -4.90      -4.80  6.509035513475869E-04  7.343599274153142E-06 885702	   2      -4.90      -4.80  6.509035513475869E-04  7.343599274153142E-06 885702	   2      -4.90      -4.80  7.939262098627582E-04  9.280683584419739E-06 885702	   2      -4.90      -4.80  7.939262098627582E-04  9.280683584419739E-06 885702	   2      -4.90      -4.80  7.161436209878251E-04  8.208201648882049E-06 885702
   3      -4.80      -4.70  8.940539860652279E-04  8.769881042462273E-06 1071279	   3      -4.80      -4.70  8.940539860652279E-04  8.769881042462273E-06 1071279	   3      -4.80      -4.70  8.126352914700035E-04  7.888928199071255E-06 1071279	   3      -4.80      -4.70  8.126352914700035E-04  7.888928199071255E-06 1071279	   3      -4.80      -4.70  9.910814316344801E-04  9.851274022993457E-06 1071279	   3      -4.80      -4.70  9.910814316344801E-04  9.851274022993457E-06 1071279	   3      -4.80      -4.70  8.940539860652279E-04  8.769881042462273E-06 1071279
   4      -4.70      -4.60  1.114974378897128E-03  8.498319906857302E-06 1290058	   4      -4.70      -4.60  1.114974378897128E-03  8.498319906857302E-06 1290058	   4      -4.70      -4.60  1.013268407620181E-03  7.640026990690966E-06 1290058	   4      -4.70      -4.60  1.013268407620181E-03  7.640026990690966E-06 1290058	   4      -4.70      -4.60  1.236193712622393E-03  9.558260460727575E-06 1290058	   4      -4.70      -4.60  1.236193712622393E-03  9.558260460727575E-06 1290058	   4      -4.70      -4.60  1.114974378897128E-03  8.498319906857302E-06 1290058
   5      -4.60      -4.50  1.399840116133388E-03  9.682410063485881E-06 1544958	   5      -4.60      -4.50  1.399840116133388E-03  9.682410063485881E-06 1544958	   5      -4.60      -4.50  1.271095240106080E-03  8.640842017365634E-06 1544958	   5      -4.60      -4.50  1.271095240106080E-03  8.640842017365634E-06 1544958	   5      -4.60      -4.50  1.553529234974844E-03  1.098694763360507E-05 1544958	   5      -4.60      -4.50  1.553529234974844E-03  1.098694763360507E-05 1544958	   5      -4.60      -4.50  1.399840116133388E-03  9.682410063485881E-06 1544958
   6      -4.50      -4.40  1.773228844557161E-03  1.230038289713479E-05 1851270	   6      -4.50      -4.40  1.773228844557161E-03  1.230038289713479E-05 1851270	   6      -4.50      -4.40  1.610132943049845E-03  1.099436954774167E-05 1851270	   6      -4.50      -4.40  1.610132943049845E-03  1.099436954774167E-05 1851270	   6      -4.50      -4.40  1.967946132896856E-03  1.392970422118122E-05 1851270	   6      -4.50      -4.40  1.967946132896856E-03  1.392970422118122E-05 1851270	   6      -4.50      -4.40  1.773228844557161E-03  1.230038289713479E-05 1851270
   7      -4.40      -4.30  2.207691255757314E-03  1.441935165262186E-05 2213341	   7      -4.40      -4.30  2.207691255757314E-03  1.441935165262186E-05 2213341	   7      -4.40      -4.30  2.004467869040660E-03  1.279767315517538E-05 2213341	   7      -4.40      -4.30  2.004467869040660E-03  1.279767315517538E-05 2213341	   7      -4.40      -4.30  2.450292014470463E-03  1.645797210925661E-05 2213341	   7      -4.40      -4.30  2.450292014470463E-03  1.645797210925661E-05 2213341	   7      -4.40      -4.30  2.207691255757314E-03  1.441935165262186E-05 2213341
   8      -4.30      -4.20  2.783156868421208E-03  1.540201027607407E-05 2636244	   8      -4.30      -4.20  2.783156868421208E-03  1.540201027607407E-05 2636244	   8      -4.30      -4.20  2.527334848239772E-03  1.376562982428436E-05 2636244	   8      -4.30      -4.20  2.527334848239772E-03  1.376562982428436E-05 2636244	   8      -4.30      -4.20  3.088364897741472E-03  1.743657674612780E-05 2636244	   8      -4.30      -4.20  3.088364897741472E-03  1.743657674612780E-05 2636244	   8      -4.30      -4.20  2.783156868421208E-03  1.540201027607407E-05 2636244
   9      -4.20      -4.10  3.550984499075267E-03  1.966622486650639E-05 3128052	   9      -4.20      -4.10  3.550984499075267E-03  1.966622486650639E-05 3128052	   9      -4.20      -4.10  3.224089174148538E-03  1.745027677511659E-05 3128052	   9      -4.20      -4.10  3.224089174148538E-03  1.745027677511659E-05 3128052	   9      -4.20      -4.10  3.941155367512237E-03  2.245651409830661E-05 3128052	   9      -4.20      -4.10  3.941155367512237E-03  2.245651409830661E-05 3128052	   9      -4.20      -4.10  3.550984499075267E-03  1.966622486650639E-05 3128052
  10      -4.10      -4.00  4.508349445500589E-03  3.015225820314504E-05 3704774	  10      -4.10      -4.00  4.508349445500589E-03  3.015225820314504E-05 3704774	  10      -4.10      -4.00  4.092156543369175E-03  2.648607383668719E-05 3704774	  10      -4.10      -4.00  4.092156543369175E-03  2.648607383668719E-05 3704774	  10      -4.10      -4.00  5.005598691646565E-03  3.480887747526530E-05 3704774	  10      -4.10      -4.00  5.005598691646565E-03  3.480887747526530E-05 3704774	  10      -4.10      -4.00  4.508349445500589E-03  3.015225820314504E-05 3704774
  11      -4.00      -3.90  5.642160952254780E-03  2.616057917291143E-05 4368727	  11      -4.00      -3.90  5.642160952254780E-03  2.616057917291143E-05 4368727	  11      -4.00      -3.90  5.123740200694953E-03  2.328353225740329E-05 4368727	  11      -4.00      -3.90  5.123740200694953E-03  2.328353225740329E-05 4368727	  11      -4.00      -3.90  6.260793982468448E-03  2.976250478337117E-05 4368727	  11      -4.00      -3.90  6.260793982468448E-03  2.976250478337117E-05 4368727	  11      -4.00      -3.90  5.642160952254780E-03  2.616057917291143E-05 4368727
  12      -3.90      -3.80  7.000119734680376E-03  2.873963567256827E-05 5132991	  12      -3.90      -3.80  7.000119734680376E-03  2.873963567256827E-05 5132991	  12      -3.90      -3.80  6.361543595358324E-03  2.557718347231418E-05 5132991	  12      -3.90      -3.80  6.361543595358324E-03  2.557718347231418E-05 5132991	  12      -3.90      -3.80  7.760895444683025E-03  3.270548664189573E-05 5132991	  12      -3.90      -3.80  7.760895444683025E-03  3.270548664189573E-05 5132991	  12      -3.90      -3.80  7.000119734680376E-03  2.873963567256827E-05 5132991
  13      -3.80      -3.70  8.786817053515361E-03  3.892591970005726E-05 6014960	  13      -3.80      -3.70  8.786817053515361E-03  3.892591970005726E-05 6014960	  13      -3.80      -3.70  7.987734837637072E-03  3.419738397872985E-05 6014960	  13      -3.80      -3.70  7.987734837637072E-03  3.419738397872985E-05 6014960	  13      -3.80      -3.70  9.738501013352512E-03  4.495915104835174E-05 6014960	  13      -3.80      -3.70  9.738501013352512E-03  4.495915104835174E-05 6014960	  13      -3.80      -3.70  8.786817053515361E-03  3.892591970005726E-05 6014960
  14      -3.70      -3.60  1.089043028019689E-02  3.653236810595973E-05 7021654	  14      -3.70      -3.60  1.089043028019689E-02  3.653236810595973E-05 7021654	  14      -3.70      -3.60  9.906401796671878E-03  3.254911109580414E-05 7021654	  14      -3.70      -3.60  9.906401796671878E-03  3.254911109580414E-05 7021654	  14      -3.70      -3.60  1.206096330289615E-02  4.152124820409033E-05 7021654	  14      -3.70      -3.60  1.206096330289615E-02  4.152124820409033E-05 7021654	  14      -3.70      -3.60  1.089043028019689E-02  3.653236810595973E-05 7021654
  15      -3.60      -3.50  1.351102150178259E-02  4.662605006294044E-05 8168086	  15      -3.60      -3.50  1.351102150178259E-02  4.662605006294044E-05 8168086	  15      -3.60      -3.50  1.229486984243287E-02  4.147136737005415E-05 8168086	  15      -3.60      -3.50  1.229486984243287E-02  4.147136737005415E-05 8168086	  15      -3.60      -3.50  1.495691114598127E-02  5.307478896245270E-05 8168086	  15      -3.60      -3.50  1.495691114598127E-02  5.307478896245270E-05 8168086	  15      -3.60      -3.50  1.351102150178259E-02  4.662605006294044E-05 8168086
  16      -3.50      -3.40  1.659912099657456E-02  5.179409850500318E-05 9471704	  16      -3.50      -3.40  1.659912099657456E-02  5.179409850500318E-05 9471704	  16      -3.50      -3.40  1.511780052892114E-02  4.571359865997179E-05 9471704	  16      -3.50      -3.40  1.511780052892114E-02  4.571359865997179E-05 9471704	  16      -3.50      -3.40  1.835781006780709E-02  5.951126416539471E-05 9471704	  16      -3.50      -3.40  1.835781006780709E-02  5.951126416539471E-05 9471704	  16      -3.50      -3.40  1.659912099657456E-02  5.179409850500318E-05 9471704
  17      -3.40      -3.30  2.042470230147515E-02  5.893947242355085E-05 10938031	  17      -3.40      -3.30  2.042470230147515E-02  5.893947242355085E-05 10938031	  17      -3.40      -3.30  1.861759532649587E-02  5.259227706414021E-05 10938031	  17      -3.40      -3.30  1.861759532649587E-02  5.259227706414021E-05 10938031	  17      -3.40      -3.30  2.256693974444920E-02  6.685319352421580E-05 10938031	  17      -3.40      -3.30  2.256693974444920E-02  6.685319352421580E-05 10938031	  17      -3.40      -3.30  2.042470230147515E-02  5.893947242355085E-05 10938031
  18      -3.30      -3.20  2.472039183035041E-02  6.559948731263509E-05 12587551	  18      -3.30      -3.20  2.472039183035041E-02  6.559948731263509E-05 12587551	  18      -3.30      -3.20  2.254674650928911E-02  5.854094716754737E-05 12587551	  18      -3.30      -3.20  2.254674650928911E-02  5.854094716754737E-05 12587551	  18      -3.30      -3.20  2.729480755989357E-02  7.437456876092363E-05 12587551	  18      -3.30      -3.20  2.729480755989357E-02  7.437456876092363E-05 12587551	  18      -3.30      -3.20  2.472039183035041E-02  6.559948731263509E-05 12587551
  19      -3.20      -3.10  2.991948901748666E-02  8.250768700774936E-05 14436020	  19      -3.20      -3.10  2.991948901748666E-02  8.250768700774936E-05 14436020	  19      -3.20      -3.10  2.731676971564364E-02  7.366553453268573E-05 14436020	  19      -3.20      -3.10  2.731676971564364E-02  7.366553453268573E-05 14436020	  19      -3.20      -3.10  3.299714942440585E-02  9.346587532678633E-05 14436020	  19      -3.20      -3.10  3.299714942440585E-02  9.346587532678633E-05 14436020	  19      -3.20      -3.10  2.991948901748666E-02  8.250768700774936E-05 14436020
  20      -3.10      -3.00  3.595408289107804E-02  8.268329105140498E-05 16504268	  20      -3.10      -3.00  3.595408289107804E-02  8.268329105140498E-05 16504268	  20      -3.10      -3.00  3.284915247314717E-02  7.392645723636912E-05 16504268	  20      -3.10      -3.00  3.284915247314717E-02  7.392645723636912E-05 16504268	  20      -3.10      -3.00  3.962219538750708E-02  9.356900927466603E-05 16504268	  20      -3.10      -3.00  3.962219538750708E-02  9.356900927466603E-05 16504268	  20      -3.10      -3.00  3.595408289107804E-02  8.268329105140498E-05 16504268
  21      -3.00      -2.90  4.289563824780460E-02  9.360031110936349E-05 18796567	  21      -3.00      -2.90  4.289563824780460E-02  9.360031110936349E-05 18796567	  21      -3.00      -2.90  3.922513145908711E-02  8.372014667698347E-05 18796567	  21      -3.00      -2.90  3.922513145908711E-02  8.372014667698347E-05 18796567	  21      -3.00      -2.90  4.722605100947803E-02  1.058723511738365E-04 18796567	  21      -3.00      -2.90  4.722605100947803E-02  1.058723511738365E-04 18796567	  21      -3.00      -2.90  4.289563824780460E-02  9.360031110936349E-05 18796567
  22      -2.90      -2.80  5.062143756721202E-02  1.022087233557086E-04 21338832	  22      -2.90      -2.80  5.062143756721202E-02  1.022087233557086E-04 21338832	  22      -2.90      -2.80  4.632650085347030E-02  9.145532180727023E-05 21338832	  22      -2.90      -2.80  4.632650085347030E-02  9.145532180727023E-05 21338832	  22      -2.90      -2.80  5.568283335279579E-02  1.155589884367328E-04 21338832	  22      -2.90      -2.80  5.568283335279579E-02  1.155589884367328E-04 21338832	  22      -2.90      -2.80  5.062143756721202E-02  1.022087233557086E-04 21338832
  23      -2.80      -2.70  5.933986889815349E-02  1.129638269052364E-04 24146035	  23      -2.80      -2.70  5.933986889815349E-02  1.129638269052364E-04 24146035	  23      -2.80      -2.70  5.435575943792258E-02  1.012261980162368E-04 24146035	  23      -2.80      -2.70  5.435575943792258E-02  1.012261980162368E-04 24146035	  23      -2.80      -2.70  6.520435962310379E-02  1.275036625286196E-04 24146035	  23      -2.80      -2.70  6.520435962310379E-02  1.275036625286196E-04 24146035	  23      -2.80      -2.70  5.933986889815349E-02  1.129638269052364E-04 24146035
  24      -2.70      -2.60  6.904593211816833E-02  1.192956045251888E-04 27200498	  24      -2.70      -2.60  6.904593211816833E-02  1.192956045251888E-04 27200498	  24      -2.70      -2.60  6.331439656881566E-02  1.071836685180073E-04 27200498	  24      -2.70      -2.60  6.331439656881566E-02  1.071836685180073E-04 27200498	  24      -2.70      -2.60  7.577872659461347E-02  1.342659705421651E-04 27200498	  24      -2.70      -2.60  7.577872659461347E-02  1.342659705421651E-04 27200498	  24      -2.70      -2.60  6.904593211816833E-02  1.192956045251888E-04 27200498
  25      -2.60      -2.50  8.009407889670922E-02  1.351293719484598E-04 30505259	  25      -2.60      -2.50  8.009407889670922E-02  1.351293719484598E-04 30505259	  25      -2.60      -2.50  7.349943848636972E-02  1.214330263641352E-04 30505259	  25      -2.60      -2.50  7.349943848636972E-02  1.214330263641352E-04 30505259	  25      -2.60      -2.50  8.783310634992476E-02  1.520484128857863E-04 30505259	  25      -2.60      -2.50  8.783310634992476E-02  1.520484128857863E-04 30505259	  25      -2.60      -2.50  8.009407889670922E-02  1.351293719484598E-04 30505259
  26      -2.50      -2.40  9.199892143116004E-02  1.442467893205350E-04 34047987	  26      -2.50      -2.40  9.199892143116004E-02  1.442467893205350E-04 34047987	  26      -2.50      -2.40  8.450537862128206E-02  1.299314668446357E-04 34047987	  26      -2.50      -2.40  8.450537862128206E-02  1.299314668446357E-04 34047987	  26      -2.50      -2.40  1.007789857288513E-01  1.618413576914178E-04 34047987	  26      -2.50      -2.40  1.007789857288513E-01  1.618413576914178E-04 34047987	  26      -2.50      -2.40  9.199892143116004E-02  1.442467893205350E-04 34047987
  27      -2.40      -2.30  1.045684117064141E-01  1.520570478672455E-04 37820545	  27      -2.40      -2.30  1.045684117064141E-01  1.520570478672455E-04 37820545	  27      -2.40      -2.30  9.612252894738708E-02  1.371531684028645E-04 37820545	  27      -2.40      -2.30  9.612252894738708E-02  1.371531684028645E-04 37820545	  27      -2.40      -2.30  1.144541289900723E-01  1.703559526516839E-04 37820545	  27      -2.40      -2.30  1.144541289900723E-01  1.703559526516839E-04 37820545	  27      -2.40      -2.30  1.045684117064141E-01  1.520570478672455E-04 37820545
  28      -2.30      -2.20  1.186841129903909E-01  1.652767183469943E-04 41785014	  28      -2.30      -2.20  1.186841129903909E-01  1.652767183469943E-04 41785014	  28      -2.30      -2.20  1.091998562020036E-01  1.491690959544529E-04 41785014	  28      -2.30      -2.20  1.091998562020036E-01  1.491690959544529E-04 41785014	  28      -2.30      -2.20  1.297686613617202E-01  1.850285635042418E-04 41785014	  28      -2.30      -2.20  1.297686613617202E-01  1.850285635042418E-04 41785014	  28      -2.30      -2.20  1.186841129903909E-01  1.652767183469943E-04 41785014
  29      -2.20      -2.10  1.329237943640020E-01  1.756897112408159E-04 45921113	  29      -2.20      -2.10  1.329237943640020E-01  1.756897112408159E-04 45921113	  29      -2.20      -2.10  1.223957412625203E-01  1.585627522615133E-04 45921113	  29      -2.20      -2.10  1.223957412625203E-01  1.585627522615133E-04 45921113	  29      -2.20      -2.10  1.452139186948846E-01  1.967275854009869E-04 45921113	  29      -2.20      -2.10  1.452139186948846E-01  1.967275854009869E-04 45921113	  29      -2.20      -2.10  1.329237943640020E-01  1.756897112408159E-04 45921113
  30      -2.10      -2.00  1.479758539447523E-01  1.827678854320416E-04 50215826	  30      -2.10      -2.00  1.479758539447523E-01  1.827678854320416E-04 50215826	  30      -2.10      -2.00  1.363756288344944E-01  1.653316405899811E-04 50215826	  30      -2.10      -2.00  1.363756288344944E-01  1.653316405899811E-04 50215826	  30      -2.10      -2.00  1.614982476578436E-01  2.040921211691635E-04 50215826	  30      -2.10      -2.00  1.614982476578436E-01  2.040921211691635E-04 50215826	  30      -2.10      -2.00  1.479758539447523E-01  1.827678854320416E-04 50215826
  31      -2.00      -1.90  1.639315238919883E-01  1.893538719023008E-04 54602951	  31      -2.00      -1.90  1.639315238919883E-01  1.893538719023008E-04 54602951	  31      -2.00      -1.90  1.512006862231561E-01  1.716149520501002E-04 54602951	  31      -2.00      -1.90  1.512006862231561E-01  1.716149520501002E-04 54602951	  31      -2.00      -1.90  1.787531704946751E-01  2.109890661062508E-04 54602951	  31      -2.00      -1.90  1.787531704946751E-01  2.109890661062508E-04 54602951	  31      -2.00      -1.90  1.639315238919883E-01  1.893538719023008E-04 54602951
  32      -1.90      -1.80  1.805231014569197E-01  1.968070010961055E-04 59096183	  32      -1.90      -1.80  1.805231014569197E-01  1.968070010961055E-04 59096183	  32      -1.90      -1.80  1.666316937146386E-01  1.785332033785816E-04 59096183	  32      -1.90      -1.80  1.666316937146386E-01  1.785332033785816E-04 59096183	  32      -1.90      -1.80  1.966758964255984E-01  2.190525016749036E-04 59096183	  32      -1.90      -1.80  1.966758964255984E-01  2.190525016749036E-04 59096183	  32      -1.90      -1.80  1.805231014569197E-01  1.968070010961055E-04 59096183
  33      -1.80      -1.70  1.969839472689282E-01  2.037836080376028E-04 63623425	  33      -1.80      -1.70  1.969839472689282E-01  2.037836080376028E-04 63623425	  33      -1.80      -1.70  1.819598801312420E-01  1.850873127916050E-04 63623425	  33      -1.80      -1.70  1.819598801312420E-01  1.850873127916050E-04 63623425	  33      -1.80      -1.70  2.144335464885713E-01  2.265158444209090E-04 63623425	  33      -1.80      -1.70  2.144335464885713E-01  2.265158444209090E-04 63623425	  33      -1.80      -1.70  1.969839472689282E-01  2.037836080376028E-04 63623425
  34      -1.70      -1.60  2.137694639875587E-01  2.118534243733189E-04 68145257	  34      -1.70      -1.60  2.137694639875587E-01  2.118534243733189E-04 68145257	  34      -1.70      -1.60  1.976011020574586E-01  1.921243426849103E-04 68145257	  34      -1.70      -1.60  1.976011020574586E-01  1.921243426849103E-04 68145257	  34      -1.70      -1.60  2.325278583596281E-01  2.359796077746556E-04 68145257	  34      -1.70      -1.60  2.325278583596281E-01  2.359796077746556E-04 68145257	  34      -1.70      -1.60  2.137694639875587E-01  2.118534243733189E-04 68145257
  35      -1.60      -1.50  2.306577544595701E-01  2.110251482770152E-04 72673937	  35      -1.60      -1.50  2.306577544595701E-01  2.110251482770152E-04 72673937	  35      -1.60      -1.50  2.133537324521360E-01  1.921424480267554E-04 72673937	  35      -1.60      -1.50  2.133537324521360E-01  1.921424480267554E-04 72673937	  35      -1.60      -1.50  2.507113711765992E-01  2.338981818573756E-04 72673937	  35      -1.60      -1.50  2.507113711765992E-01  2.338981818573756E-04 72673937	  35      -1.60      -1.50  2.306577544595701E-01  2.110251482770152E-04 72673937
  36      -1.50      -1.40  2.472458260360234E-01  2.138511162339050E-04 77119882	  36      -1.50      -1.40  2.472458260360234E-01  2.138511162339050E-04 77119882	  36      -1.50      -1.40  2.288552289896800E-01  1.949528098486855E-04 77119882	  36      -1.50      -1.40  2.288552289896800E-01  1.949528098486855E-04 77119882	  36      -1.50      -1.40  2.685344158343358E-01  2.367008253243855E-04 77119882	  36      -1.50      -1.40  2.685344158343358E-01  2.367008253243855E-04 77119882	  36      -1.50      -1.40  2.472458260360234E-01  2.138511162339050E-04 77119882
  37      -1.40      -1.30  2.641989914115071E-01  2.194195988096541E-04 81495303	  37      -1.40      -1.30  2.641989914115071E-01  2.194195988096541E-04 81495303	  37      -1.40      -1.30  2.446828563732264E-01  2.001227644989711E-04 81495303	  37      -1.40      -1.30  2.446828563732264E-01  2.001227644989711E-04 81495303	  37      -1.40      -1.30  2.867705665427198E-01  2.427366803041466E-04 81495303	  37      -1.40      -1.30  2.867705665427198E-01  2.427366803041466E-04 81495303	  37      -1.40      -1.30  2.641989914115071E-01  2.194195988096541E-04 81495303
  38      -1.30      -1.20  2.799912707502507E-01  2.200679684918444E-04 85729282	  38      -1.30      -1.20  2.799912707502507E-01  2.200679684918444E-04 85729282	  38      -1.30      -1.20  2.594675224073275E-01  2.008916535825214E-04 85729282	  38      -1.30      -1.20  2.594675224073275E-01  2.008916535825214E-04 85729282	  38      -1.30      -1.20  3.037036442440405E-01  2.432199145621605E-04 85729282	  38      -1.30      -1.20  3.037036442440405E-01  2.432199145621605E-04 85729282	  38      -1.30      -1.20  2.799912707502507E-01  2.200679684918444E-04 85729282
  39      -1.20      -1.10  2.958386000564793E-01  2.213396279858015E-04 89796485	  39      -1.20      -1.10  2.958386000564793E-01  2.213396279858015E-04 89796485	  39      -1.20      -1.10  2.742846021825782E-01  2.022480517435577E-04 89796485	  39      -1.20      -1.10  2.742846021825782E-01  2.022480517435577E-04 89796485	  39      -1.20      -1.10  3.207219742198240E-01  2.443564042704335E-04 89796485	  39      -1.20      -1.10  3.207219742198240E-01  2.443564042704335E-04 89796485	  39      -1.20      -1.10  2.958386000564793E-01  2.213396279858015E-04 89796485
  40      -1.10      -1.00  3.101736666894119E-01  2.209766178331160E-04 93666246	  40      -1.10      -1.00  3.101736666894119E-01  2.209766178331160E-04 93666246	  40      -1.10      -1.00  2.877292577573513E-01  2.020866500615608E-04 93666246	  40      -1.10      -1.00  2.877292577573513E-01  2.020866500615608E-04 93666246	  40      -1.10      -1.00  3.360612008423733E-01  2.437344229051766E-04 93666246	  40      -1.10      -1.00  3.360612008423733E-01  2.437344229051766E-04 93666246	  40      -1.10      -1.00  3.101736666894119E-01  2.209766178331160E-04 93666246
  41      -1.00      -0.90  3.243597868876786E-01  2.221900121420270E-04 97300579	  41      -1.00      -0.90  3.243597868876786E-01  2.221900121420270E-04 97300579	  41      -1.00      -0.90  3.010212576506524E-01  2.033174991589896E-04 97300579	  41      -1.00      -0.90  3.010212576506524E-01  2.033174991589896E-04 97300579	  41      -1.00      -0.90  3.512575617753244E-01  2.448941372275061E-04 97300579	  41      -1.00      -0.90  3.512575617753244E-01  2.448941372275061E-04 97300579	  41      -1.00      -0.90  3.243597868876786E-01  2.221900121420270E-04 97300579
  42      -0.90      -0.80  3.370138273218909E-01  2.206810964664607E-04 100674636	  42      -0.90      -0.80  3.370138273218909E-01  2.206810964664607E-04 100674636	  42      -0.90      -0.80  3.128747939072714E-01  2.020480232807312E-04 100674636	  42      -0.90      -0.80  3.128747939072714E-01  2.020480232807312E-04 100674636	  42      -0.90      -0.80  3.648198153645932E-01  2.430860253501357E-04 100674636	  42      -0.90      -0.80  3.648198153645932E-01  2.430860253501357E-04 100674636	  42      -0.90      -0.80  3.370138273218909E-01  2.206810964664607E-04 100674636
  43      -0.80      -0.70  3.487848426372361E-01  2.199346987906410E-04 103770181	  43      -0.80      -0.70  3.487848426372361E-01  2.199346987906410E-04 103770181	  43      -0.80      -0.70  3.239411609298836E-01  2.015232185299720E-04 103770181	  43      -0.80      -0.70  3.239411609298836E-01  2.015232185299720E-04 103770181	  43      -0.80      -0.70  3.773798606481247E-01  2.420505603900980E-04 103770181	  43      -0.80      -0.70  3.773798606481247E-01  2.420505603900980E-04 103770181	  43      -0.80      -0.70  3.487848426372361E-01  2.199346987906410E-04 103770181
  44      -0.70      -0.60  3.588621092257339E-01  2.187361578406922E-04 106514036	  44      -0.70      -0.60  3.588621092257339E-01  2.187361578406922E-04 106514036	  44      -0.70      -0.60  3.333986828880285E-01  2.004103927838071E-04 106514036	  44      -0.70      -0.60  3.333986828880285E-01  2.004103927838071E-04 106514036	  44      -0.70      -0.60  3.881559091702238E-01  2.407777392552570E-04 106514036	  44      -0.70      -0.60  3.881559091702238E-01  2.407777392552570E-04 106514036	  44      -0.70      -0.60  3.588621092257339E-01  2.187361578406922E-04 106514036
  45      -0.60      -0.50  3.677742702584967E-01  2.172818822445060E-04 108931722	  45      -0.60      -0.50  3.677742702584967E-01  2.172818822445060E-04 108931722	  45      -0.60      -0.50  3.417735881296790E-01  1.992792562581588E-04 108931722	  45      -0.60      -0.50  3.417735881296790E-01  1.992792562581588E-04 108931722	  45      -0.60      -0.50  3.976710279081035E-01  2.388724439743752E-04 108931722	  45      -0.60      -0.50  3.976710279081035E-01  2.388724439743752E-04 108931722	  45      -0.60      -0.50  3.677742702584967E-01  2.172818822445060E-04 108931722
  46      -0.50      -0.40  3.759589054234744E-01  2.178635054072318E-04 110986154	  46      -0.50      -0.40  3.759589054234744E-01  2.178635054072318E-04 110986154	  46      -0.50      -0.40  3.494535464702637E-01  1.997345028302846E-04 110986154	  46      -0.50      -0.40  3.494535464702637E-01  1.997345028302846E-04 110986154	  46      -0.50      -0.40  4.064255606743056E-01  2.396289181860366E-04 110986154	  46      -0.50      -0.40  4.064255606743056E-01  2.396289181860366E-04 110986154	  46      -0.50      -0.40  3.759589054234744E-01  2.178635054072318E-04 110986154
  47      -0.40      -0.30  3.825192106448558E-01  2.152278655202733E-04 112669317	  47      -0.40      -0.30  3.825192106448558E-01  2.152278655202733E-04 112669317	  47      -0.40      -0.30  3.556082083408080E-01  1.975164706094785E-04 112669317	  47      -0.40      -0.30  3.556082083408080E-01  1.975164706094785E-04 112669317	  47      -0.40      -0.30  4.134437755795310E-01  2.364502828943323E-04 112669317	  47      -0.40      -0.30  4.134437755795310E-01  2.364502828943323E-04 112669317	  47      -0.40      -0.30  3.825192106448558E-01  2.152278655202733E-04 112669317
  48      -0.30      -0.20  3.868376635159291E-01  2.141507719270464E-04 113905430	  48      -0.30      -0.20  3.868376635159291E-01  2.141507719270464E-04 113905430	  48      -0.30      -0.20  3.596913250342766E-01  1.966310907759938E-04 113905430	  48      -0.30      -0.20  3.596913250342766E-01  1.966310907759938E-04 113905430	  48      -0.30      -0.20  4.180208589738967E-01  2.351249248456090E-04 113905430	  48      -0.30      -0.20  4.180208589738967E-01  2.351249248456090E-04 113905430	  48      -0.30      -0.20  3.868376635159291E-01  2.141507719270464E-04 113905430
  49      -0.20      -0.10  3.902280923486856E-01  2.152785853611592E-04 114758980	  49      -0.20      -0.10  3.902280923486856E-01  2.152785853611592E-04 114758980	  49      -0.20      -0.10  3.628600612714292E-01  1.975773806551931E-04 114758980	  49      -0.20      -0.10  3.628600612714292E-01  1.975773806551931E-04 114758980	  49      -0.20      -0.10  4.216644909474790E-01  2.364858486042975E-04 114758980	  49      -0.20      -0.10  4.216644909474790E-01  2.364858486042975E-04 114758980	  49      -0.20      -0.10  3.902280923486856E-01  2.152785853611592E-04 114758980
  50      -0.10       0.00  3.916750786187968E-01  2.133052070708402E-04 115167994	  50      -0.10       0.00  3.916750786187968E-01  2.133052070708402E-04 115167994	  50      -0.10       0.00  3.642237562227951E-01  1.958383709683018E-04 115167994	  50      -0.10       0.00  3.642237562227951E-01  1.958383709683018E-04 115167994	  50      -0.10       0.00  4.232045894112299E-01  2.342209662262299E-04 115167994	  50      -0.10       0.00  4.232045894112299E-01  2.342209662262299E-04 115167994	  50      -0.10       0.00  3.916750786187968E-01  2.133052070708402E-04 115167994
  51       0.00       0.10  3.919646599620964E-01  2.145014572183165E-04 115180755	  51       0.00       0.10  3.919646599620964E-01  2.145014572183165E-04 115180755	  51       0.00       0.10  3.644935237786835E-01  1.968850382662202E-04 115180755	  51       0.00       0.10  3.644935237786835E-01  1.968850382662202E-04 115180755	  51       0.00       0.10  4.235165048399023E-01  2.356185524183701E-04 115180755	  51       0.00       0.10  4.235165048399023E-01  2.356185524183701E-04 115180755	  51       0.00       0.10  3.919646599620964E-01  2.145014572183165E-04 115180755
  52       0.10       0.20  3.903630490279772E-01  2.138329989566586E-04 114740564	  52       0.10       0.20  3.903630490279772E-01  2.138329989566586E-04 114740564	  52       0.10       0.20  3.629896093689268E-01  1.963758154356732E-04 114740564	  52       0.10       0.20  3.629896093689268E-01  1.963758154356732E-04 114740564	  52       0.10       0.20  4.218048167526793E-01  2.347227323307583E-04 114740564	  52       0.10       0.20  4.218048167526793E-01  2.347227323307583E-04 114740564	  52       0.10       0.20  3.903630490279772E-01  2.138329989566586E-04 114740564
  53       0.20       0.30  3.870851645091054E-01  2.141956125469240E-04 113895398	  53       0.20       0.30  3.870851645091054E-01  2.141956125469240E-04 113895398	  53       0.20       0.30  3.599106349195544E-01  1.966644650791223E-04 113895398	  53       0.20       0.30  3.599106349195544E-01  1.966644650791223E-04 113895398	  53       0.20       0.30  4.183032179327364E-01  2.351888109810505E-04 113895398	  53       0.20       0.30  4.183032179327364E-01  2.351888109810505E-04 113895398	  53       0.20       0.30  3.870851645091054E-01  2.141956125469240E-04 113895398
  54       0.30       0.40  3.822546048702801E-01  2.139821879235816E-04 112591323	  54       0.30       0.40  3.822546048702801E-01  2.139821879235816E-04 112591323	  54       0.30       0.40  3.553675696810576E-01  1.964783067928562E-04 112591323	  54       0.30       0.40  3.553675696810576E-01  1.964783067928562E-04 112591323	  54       0.30       0.40  4.131497779477223E-01  2.349323387598499E-04 112591323	  54       0.30       0.40  4.131497779477223E-01  2.349323387598499E-04 112591323	  54       0.30       0.40  3.822546048702801E-01  2.139821879235816E-04 112591323
  55       0.40       0.50  3.759263418389259E-01  2.158608011178335E-04 110879709	  55       0.40       0.50  3.759263418389259E-01  2.158608011178335E-04 110879709	  55       0.40       0.50  3.494300449596219E-01  1.980798934259073E-04 110879709	  55       0.40       0.50  3.494300449596219E-01  1.980798934259073E-04 110879709	  55       0.40       0.50  4.063818415585850E-01  2.371754297357789E-04 110879709	  55       0.40       0.50  4.063818415585850E-01  2.371754297357789E-04 110879709	  55       0.40       0.50  3.759263418389259E-01  2.158608011178335E-04 110879709
  56       0.50       0.60  3.682427928489661E-01  2.165868764508934E-04 108788845	  56       0.50       0.60  3.682427928489661E-01  2.165868764508934E-04 108788845	  56       0.50       0.60  3.422063128198844E-01  1.987458564509754E-04 108788845	  56       0.50       0.60  3.422063128198844E-01  1.987458564509754E-04 108788845	  56       0.50       0.60  3.981816100821722E-01  2.379572183872481E-04 108788845	  56       0.50       0.60  3.981816100821722E-01  2.379572183872481E-04 108788845	  56       0.50       0.60  3.682427928489661E-01  2.165868764508934E-04 108788845
  57       0.60       0.70  3.591300866404308E-01  2.173528601232985E-04 106328884	  57       0.60       0.70  3.591300866404308E-01  2.173528601232985E-04 106328884	  57       0.60       0.70  3.336509218772653E-01  1.993668168104577E-04 106328884	  57       0.60       0.70  3.336509218772653E-01  1.993668168104577E-04 106328884	  57       0.60       0.70  3.884412392230328E-01  2.389174157682319E-04 106328884	  57       0.60       0.70  3.884412392230328E-01  2.389174157682319E-04 106328884	  57       0.60       0.70  3.591300866404308E-01  2.173528601232985E-04 106328884
  58       0.70       0.80  3.485718260156223E-01  2.192063649776841E-04 103511426	  58       0.70       0.80  3.485718260156223E-01  2.192063649776841E-04 103511426	  58       0.70       0.80  3.237409806261182E-01  2.009604692937001E-04 103511426	  58       0.70       0.80  3.237409806261182E-01  2.009604692937001E-04 103511426	  58       0.70       0.80  3.771521361111162E-01  2.410858929715315E-04 103511426	  58       0.70       0.80  3.771521361111162E-01  2.410858929715315E-04 103511426	  58       0.70       0.80  3.485718260156223E-01  2.192063649776841E-04 103511426
  59       0.80       0.90  3.366199242981204E-01  2.184074756492096E-04 100364943	  59       0.80       0.90  3.366199242981204E-01  2.184074756492096E-04 100364943	  59       0.80       0.90  3.125242192169732E-01  2.001734871442820E-04 100364943	  59       0.80       0.90  3.125242192169732E-01  2.001734871442820E-04 100364943	  59       0.80       0.90  3.643718170518493E-01  2.402853222580444E-04 100364943	  59       0.80       0.90  3.643718170518493E-01  2.402853222580444E-04 100364943	  59       0.80       0.90  3.366199242981204E-01  2.184074756492096E-04 100364943
  60       0.90       1.00  3.244536024455373E-01  2.189645061046431E-04 96908329	  60       0.90       1.00  3.244536024455373E-01  2.189645061046431E-04 96908329	  60       0.90       1.00  3.011049640628884E-01  2.006052880032336E-04 96908329	  60       0.90       1.00  3.011049640628884E-01  2.006052880032336E-04 96908329	  60       0.90       1.00  3.513644603340469E-01  2.410088839356657E-04 96908329	  60       0.90       1.00  3.513644603340469E-01  2.410088839356657E-04 96908329	  60       0.90       1.00  3.244536024455373E-01  2.189645061046431E-04 96908329
  61       1.00       1.10  3.102415553384361E-01  2.181311450496065E-04 93172072	  61       1.00       1.10  3.102415553384361E-01  2.181311450496065E-04 93172072	  61       1.00       1.10  2.877972497571590E-01  1.997441560944415E-04 93172072	  61       1.00       1.10  2.877972497571590E-01  1.997441560944415E-04 93172072	  61       1.00       1.10  3.361277226925871E-01  2.402198377626990E-04 93172072	  61       1.00       1.10  3.361277226925871E-01  2.402198377626990E-04 93172072	  61       1.00       1.10  3.102415553384361E-01  2.181311450496065E-04 93172072
  62       1.10       1.20  2.953734306516011E-01  2.176261710516378E-04 89199053	  62       1.10       1.20  2.953734306516011E-01  2.176261710516378E-04 89199053	  62       1.10       1.20  2.738521208892847E-01  1.991142948731064E-04 89199053	  62       1.10       1.20  2.738521208892847E-01  1.991142948731064E-04 89199053	  62       1.10       1.20  3.202189475648092E-01  2.398882423334558E-04 89199053	  62       1.10       1.20  3.202189475648092E-01  2.398882423334558E-04 89199053	  62       1.10       1.20  2.953734306516011E-01  2.176261710516378E-04 89199053
  63       1.20       1.30  2.800664517046152E-01  2.168620041858020E-04 85008637	  63       1.20       1.30  2.800664517046152E-01  2.168620041858020E-04 85008637	  63       1.20       1.30  2.595355140369749E-01  1.983076941941847E-04 85008637	  63       1.20       1.30  2.595355140369749E-01  1.983076941941847E-04 85008637	  63       1.20       1.30  3.037876657716458E-01  2.391886127395753E-04 85008637	  63       1.20       1.30  3.037876657716458E-01  2.391886127395753E-04 85008637	  63       1.20       1.30  2.800664517046152E-01  2.168620041858020E-04 85008637
  64       1.30       1.40  2.641853393088548E-01  2.153092461087755E-04 80662079	  64       1.30       1.40  2.641853393088548E-01  2.153092461087755E-04 80662079	  64       1.30       1.40  2.446803569997109E-01  1.967431355126448E-04 80662079	  64       1.30       1.40  2.446803569997109E-01  1.967431355126448E-04 80662079	  64       1.30       1.40  2.867420617310132E-01  2.376807363697051E-04 80662079	  64       1.30       1.40  2.867420617310132E-01  2.376807363697051E-04 80662079	  64       1.30       1.40  2.641853393088548E-01  2.153092461087755E-04 80662079
  65       1.40       1.50  2.477225950995946E-01  2.126277960251186E-04 76184124	  65       1.40       1.50  2.477225950995946E-01  2.126277960251186E-04 76184124	  65       1.40       1.50  2.292831202957632E-01  1.940885640877051E-04 76184124	  65       1.40       1.50  2.292831202957632E-01  1.940885640877051E-04 76184124	  65       1.40       1.50  2.690709150275080E-01  2.349962036929628E-04 76184124	  65       1.40       1.50  2.690709150275080E-01  2.349962036929628E-04 76184124	  65       1.40       1.50  2.477225950995946E-01  2.126277960251186E-04 76184124
  66       1.50       1.60  2.308305530584322E-01  2.091446823906365E-04 71598713	  66       1.50       1.60  2.308305530584322E-01  2.091446823906365E-04 71598713	  66       1.50       1.60  2.135163226471290E-01  1.907230150733714E-04 71598713	  66       1.50       1.60  2.135163226471290E-01  1.907230150733714E-04 71598713	  66       1.50       1.60  2.508964153416369E-01  2.313995194616355E-04 71598713	  66       1.50       1.60  2.508964153416369E-01  2.313995194616355E-04 71598713	  66       1.50       1.60  2.308305530584322E-01  2.091446823906365E-04 71598713
  67       1.60       1.70  2.137863223242133E-01  2.046357512875873E-04 66965628	  67       1.60       1.70  2.137863223242133E-01  2.046357512875873E-04 66965628	  67       1.60       1.70  1.976155002962867E-01  1.863621895128025E-04 66965628	  67       1.60       1.70  1.976155002962867E-01  1.863621895128025E-04 66965628	  67       1.60       1.70  2.325479600997035E-01  2.267601383469634E-04 66965628	  67       1.60       1.70  2.325479600997035E-01  2.267601383469634E-04 66965628	  67       1.60       1.70  2.137863223242133E-01  2.046357512875873E-04 66965628
  68       1.70       1.80  1.971109584765265E-01  2.002661877491905E-04 62317277	  68       1.70       1.80  1.971109584765265E-01  2.002661877491905E-04 62317277	  68       1.70       1.80  1.820804787221438E-01  1.822706652823547E-04 62317277	  68       1.70       1.80  1.820804787221438E-01  1.822706652823547E-04 62317277	  68       1.70       1.80  2.145670509276571E-01  2.220619713754035E-04 62317277	  68       1.70       1.80  2.145670509276571E-01  2.220619713754035E-04 62317277	  68       1.70       1.80  1.971109584765265E-01  2.002661877491905E-04 62317277
  69       1.80       1.90  1.802197307853969E-01  1.929745437143889E-04 57680133	  69       1.80       1.90  1.802197307853969E-01  1.929745437143889E-04 57680133	  69       1.80       1.90  1.663534183069156E-01  1.754718041708212E-04 57680133	  69       1.80       1.90  1.663534183069156E-01  1.754718041708212E-04 57680133	  69       1.80       1.90  1.963433520009389E-01  2.142088728531904E-04 57680133	  69       1.80       1.90  1.963433520009389E-01  2.142088728531904E-04 57680133	  69       1.80       1.90  1.802197307853969E-01  1.929745437143889E-04 57680133
  70       1.90       2.00  1.638089838025402E-01  1.870605729403020E-04 53102216	  70       1.90       2.00  1.638089838025402E-01  1.870605729403020E-04 53102216	  70       1.90       2.00  1.510887928016991E-01  1.698708042195761E-04 53102216	  70       1.90       2.00  1.510887928016991E-01  1.698708042195761E-04 53102216	  70       1.90       2.00  1.786174413265641E-01  2.079452874926714E-04 53102216	  70       1.90       2.00  1.786174413265641E-01  2.079452874926714E-04 53102216	  70       1.90       2.00  1.638089838025402E-01  1.870605729403020E-04 53102216
  71       2.00       2.10  1.481122610348733E-01  1.792959629921439E-04 48639593	  71       2.00       2.10  1.481122610348733E-01  1.792959629921439E-04 48639593	  71       2.00       2.10  1.365003988954634E-01  1.625990587885302E-04 48639593	  71       2.00       2.10  1.365003988954634E-01  1.625990587885302E-04 48639593	  71       2.00       2.10  1.616483234421110E-01  1.996222195101725E-04 48639593	  71       2.00       2.10  1.616483234421110E-01  1.996222195101725E-04 48639593	  71       2.00       2.10  1.481122610348733E-01  1.792959629921439E-04 48639593
  72       2.10       2.20  1.329824076278141E-01  1.705246401025576E-04 44281480	  72       2.10       2.20  1.329824076278141E-01  1.705246401025576E-04 44281480	  72       2.10       2.20  1.224602780035819E-01  1.545126064754310E-04 44281480	  72       2.10       2.20  1.224602780035819E-01  1.545126064754310E-04 44281480	  72       2.10       2.20  1.452637102979132E-01  1.900392331997327E-04 44281480	  72       2.10       2.20  1.452637102979132E-01  1.900392331997327E-04 44281480	  72       2.10       2.20  1.329824076278141E-01  1.705246401025576E-04 44281480
  73       2.20       2.30  1.185049595306929E-01  1.610304579547477E-04 40078541	  73       2.20       2.30  1.185049595306929E-01  1.610304579547477E-04 40078541	  73       2.20       2.30  1.090332555795430E-01  1.457422445428858E-04 40078541	  73       2.20       2.30  1.090332555795430E-01  1.457422445428858E-04 40078541	  73       2.20       2.30  1.295752329824924E-01  1.796971122094126E-04 40078541	  73       2.20       2.30  1.295752329824924E-01  1.796971122094126E-04 40078541	  73       2.20       2.30  1.185049595306929E-01  1.610304579547477E-04 40078541
  74       2.30       2.40  1.046953259856621E-01  1.500068549266330E-04 36089756	  74       2.30       2.40  1.046953259856621E-01  1.500068549266330E-04 36089756	  74       2.30       2.40  9.625112214492333E-02  1.356067650889255E-04 36089756	  74       2.30       2.40  9.625112214492333E-02  1.356067650889255E-04 36089756	  74       2.30       2.40  1.145762338755896E-01  1.676246020917942E-04 36089756	  74       2.30       2.40  1.145762338755896E-01  1.676246020917942E-04 36089756	  74       2.30       2.40  1.046953259856621E-01  1.500068549266330E-04 36089756
  75       2.40       2.50  9.158094416611383E-02  1.390971719286572E-04 32304745	  75       2.40       2.50  9.158094416611383E-02  1.390971719286572E-04 32304745	  75       2.40       2.50  8.412097318365463E-02  1.255740563498470E-04 32304745	  75       2.40       2.50  8.412097318365463E-02  1.255740563498470E-04 32304745	  75       2.40       2.50  1.003214938887080E-01  1.556733063301139E-04 32304745	  75       2.40       2.50  1.003214938887080E-01  1.556733063301139E-04 32304745	  75       2.40       2.50  9.158094416611383E-02  1.390971719286572E-04 32304745
  76       2.50       2.60  8.004616674201405E-02  1.304232931001195E-04 28758516	  76       2.50       2.60  8.004616674201405E-02  1.304232931001195E-04 28758516	  76       2.50       2.60  7.345696916351378E-02  1.175702957739144E-04 28758516	  76       2.50       2.60  7.345696916351378E-02  1.175702957739144E-04 28758516	  76       2.50       2.60  8.777802450339056E-02  1.462097092233687E-04 28758516	  76       2.50       2.60  8.777802450339056E-02  1.462097092233687E-04 28758516	  76       2.50       2.60  8.004616674201405E-02  1.304232931001195E-04 28758516
  77       2.60       2.70  6.932550692820903E-02  1.192545515108054E-04 25480884	  77       2.60       2.70  6.932550692820903E-02  1.192545515108054E-04 25480884	  77       2.60       2.70  6.356244679921168E-02  1.073788247151441E-04 25480884	  77       2.60       2.70  6.356244679921168E-02  1.073788247151441E-04 25480884	  77       2.60       2.70  7.609711029114540E-02  1.338640079721314E-04 25480884	  77       2.60       2.70  7.609711029114540E-02  1.338640079721314E-04 25480884	  77       2.60       2.70  6.932550692820903E-02  1.192545515108054E-04 25480884
  78       2.70       2.80  5.950197350461522E-02  1.077925311544481E-04 22465186	  78       2.70       2.80  5.950197350461522E-02  1.077925311544481E-04 22465186	  78       2.70       2.80  5.450467290398132E-02  9.698117865945190E-05 22465186	  78       2.70       2.80  5.450467290398132E-02  9.698117865945190E-05 22465186	  78       2.70       2.80  6.538251980755309E-02  1.211107703591856E-04 22465186	  78       2.70       2.80  6.538251980755309E-02  1.211107703591856E-04 22465186	  78       2.70       2.80  5.950197350461522E-02  1.077925311544481E-04 22465186
  79       2.80       2.90  5.043196130635503E-02  1.006605525688898E-04 19718496	  79       2.80       2.90  5.043196130635503E-02  1.006605525688898E-04 19718496	  79       2.80       2.90  4.616227084500773E-02  9.040588333901315E-05 19718496	  79       2.80       2.90  4.616227084500773E-02  9.040588333901315E-05 19718496	  79       2.80       2.90  5.546079859231550E-02  1.132993598745605E-04 19718496	  79       2.80       2.90  5.546079859231550E-02  1.132993598745605E-04 19718496	  79       2.80       2.90  5.043196130635503E-02  1.006605525688898E-04 19718496
  80       2.90       3.00  4.283957560191629E-02  8.872333839589038E-05 17245587	  80       2.90       3.00  4.283957560191629E-02  8.872333839589038E-05 17245587	  80       2.90       3.00  3.917506850831812E-02  7.971920811395427E-05 17245587	  80       2.90       3.00  3.917506850831812E-02  7.971920811395427E-05 17245587	  80       2.90       3.00  4.716232686035233E-02  9.983077230086247E-05 17245587	  80       2.90       3.00  4.716232686035233E-02  9.983077230086247E-05 17245587	  80       2.90       3.00  4.283957560191629E-02  8.872333839589038E-05 17245587
  81       3.00       3.10  3.588676035650762E-02  7.891114914132050E-05 15018655	  81       3.00       3.10  3.588676035650762E-02  7.891114914132050E-05 15018655	  81       3.00       3.10  3.279059763515053E-02  7.085317960113913E-05 15018655	  81       3.00       3.10  3.279059763515053E-02  7.085317960113913E-05 15018655	  81       3.00       3.10  3.954346515788491E-02  8.885980256752292E-05 15018655	  81       3.00       3.10  3.954346515788491E-02  8.885980256752292E-05 15018655	  81       3.00       3.10  3.588676035650762E-02  7.891114914132050E-05 15018655
  82       3.10       3.20  2.991621887978070E-02  6.950825004964474E-05 13032283	  82       3.10       3.20  2.991621887978070E-02  6.950825004964474E-05 13032283	  82       3.10       3.20  2.731084717366054E-02  6.228928288610489E-05 13032283	  82       3.10       3.20  2.731084717366054E-02  6.228928288610489E-05 13032283	  82       3.10       3.20  3.299780007099885E-02  7.845385381351001E-05 13032283	  82       3.10       3.20  3.299780007099885E-02  7.845385381351001E-05 13032283	  82       3.10       3.20  2.991621887978070E-02  6.950825004964474E-05 13032283
  83       3.20       3.30  2.477556652243939E-02  6.094775043700216E-05 11265960	  83       3.20       3.30  2.477556652243939E-02  6.094775043700216E-05 11265960	  83       3.20       3.30  2.259768868211396E-02  5.460461933076107E-05 11265960	  83       3.20       3.30  2.259768868211396E-02  5.460461933076107E-05 11265960	  83       3.20       3.30  2.735513636464647E-02  6.881354501629472E-05 11265960	  83       3.20       3.30  2.735513636464647E-02  6.881354501629472E-05 11265960	  83       3.20       3.30  2.477556652243939E-02  6.094775043700216E-05 11265960
  84       3.30       3.40  2.032362564646051E-02  5.437561486560014E-05 9712099	  84       3.30       3.40  2.032362564646051E-02  5.437561486560014E-05 9712099	  84       3.30       3.40  1.852302975529921E-02  4.861120693545619E-05 9712099	  84       3.30       3.40  1.852302975529921E-02  4.861120693545619E-05 9712099	  84       3.30       3.40  2.245886546343158E-02  6.154514693461818E-05 9712099	  84       3.30       3.40  2.245886546343158E-02  6.154514693461818E-05 9712099	  84       3.30       3.40  2.032362564646051E-02  5.437561486560014E-05 9712099
  85       3.40       3.50  1.656400086667674E-02  4.683185099629267E-05 8330343	  85       3.40       3.50  1.656400086667674E-02  4.683185099629267E-05 8330343	  85       3.40       3.50  1.508467601060750E-02  4.190454387971578E-05 8330343	  85       3.40       3.50  1.508467601060750E-02  4.190454387971578E-05 8330343	  85       3.40       3.50  1.832048916674990E-02  5.295032024276780E-05 8330343	  85       3.40       3.50  1.832048916674990E-02  5.295032024276780E-05 8330343	  85       3.40       3.50  1.656400086667674E-02  4.683185099629267E-05 8330343
  86       3.50       3.60  1.344765298453170E-02  4.011114776946435E-05 7123334	  86       3.50       3.60  1.344765298453170E-02  4.011114776946435E-05 7123334	  86       3.50       3.60  1.223862780156239E-02  3.591926385911507E-05 7123334	  86       3.50       3.60  1.223862780156239E-02  3.591926385911507E-05 7123334	  86       3.50       3.60  1.488463828714939E-02  4.531432020793404E-05 7123334	  86       3.50       3.60  1.488463828714939E-02  4.531432020793404E-05 7123334	  86       3.50       3.60  1.344765298453170E-02  4.011114776946435E-05 7123334
  87       3.60       3.70  1.088607681868150E-02  3.596943414518093E-05 6074912	  87       3.60       3.70  1.088607681868150E-02  3.596943414518093E-05 6074912	  87       3.60       3.70  9.901644833619784E-03  3.215447809854452E-05 6074912	  87       3.60       3.70  9.901644833619784E-03  3.215447809854452E-05 6074912	  87       3.60       3.70  1.205720810256281E-02  4.071774019831584E-05 6074912	  87       3.60       3.70  1.205720810256281E-02  4.071774019831584E-05 6074912	  87       3.60       3.70  1.088607681868150E-02  3.596943414518093E-05 6074912
  88       3.70       3.80  8.802150280240272E-03  3.146463191459519E-05 5161147	  88       3.70       3.80  8.802150280240272E-03  3.146463191459519E-05 5161147	  88       3.70       3.80  8.001152493772510E-03  2.809365668836672E-05 5161147	  88       3.70       3.80  8.001152493772510E-03  2.809365668836672E-05 5161147	  88       3.70       3.80  9.756262746033185E-03  3.567264068777607E-05 5161147	  88       3.70       3.80  9.756262746033185E-03  3.567264068777607E-05 5161147	  88       3.70       3.80  8.802150280240272E-03  3.146463191459519E-05 5161147
  89       3.80       3.90  7.014789559911915E-03  2.673974148500389E-05 4365910	  89       3.80       3.90  7.014789559911915E-03  2.673974148500389E-05 4365910	  89       3.80       3.90  6.375677044937942E-03  2.392658908133538E-05 4365910	  89       3.80       3.90  6.375677044937942E-03  2.392658908133538E-05 4365910	  89       3.80       3.90  7.775905632050700E-03  3.023088196225759E-05 4365910	  89       3.80       3.90  7.775905632050700E-03  3.023088196225759E-05 4365910	  89       3.80       3.90  7.014789559911915E-03  2.673974148500389E-05 4365910
  90       3.90       4.00  5.597853963976268E-03  2.370223255120897E-05 3682474	  90       3.90       4.00  5.597853963976268E-03  2.370223255120897E-05 3682474	  90       3.90       4.00  5.086244324446956E-03  2.120447803823328E-05 3682474	  90       3.90       4.00  5.086244324446956E-03  2.120447803823328E-05 3682474	  90       3.90       4.00  6.207553024635664E-03  2.680351679014055E-05 3682474	  90       3.90       4.00  6.207553024635664E-03  2.680351679014055E-05 3682474	  90       3.90       4.00  5.597853963976268E-03  2.370223255120897E-05 3682474
  91       4.00       4.10  4.480164101092926E-03  2.024339374194245E-05 3098877	  91       4.00       4.10  4.480164101092926E-03  2.024339374194245E-05 3098877	  91       4.00       4.10  4.069938368451821E-03  1.809466837299424E-05 3098877	  91       4.00       4.10  4.069938368451821E-03  1.809466837299424E-05 3098877	  91       4.00       4.10  4.969295956041976E-03  2.291828529215013E-05 3098877	  91       4.00       4.10  4.969295956041976E-03  2.291828529215013E-05 3098877	  91       4.00       4.10  4.480164101092926E-03  2.024339374194245E-05 3098877
  92       4.10       4.20  3.546942125798252E-03  1.745957142014555E-05 2595219	  92       4.10       4.20  3.546942125798252E-03  1.745957142014555E-05 2595219	  92       4.10       4.20  3.221085916861488E-03  1.565119738955523E-05 2595219	  92       4.10       4.20  3.221085916861488E-03  1.565119738955523E-05 2595219	  92       4.10       4.20  3.935722580098685E-03  1.969862204836607E-05 2595219	  92       4.10       4.20  3.935722580098685E-03  1.969862204836607E-05 2595219	  92       4.10       4.20  3.546942125798252E-03  1.745957142014555E-05 2595219
  93       4.20       4.30  2.845080638038048E-03  1.630566504773807E-05 2173729	  93       4.20       4.30  2.845080638038048E-03  1.630566504773807E-05 2173729	  93       4.20       4.30  2.583113504001197E-03  1.462965665337068E-05 2173729	  93       4.20       4.30  2.583113504001197E-03  1.462965665337068E-05 2173729	  93       4.20       4.30  3.157778781121594E-03  1.837577817614811E-05 2173729	  93       4.20       4.30  3.157778781121594E-03  1.837577817614811E-05 2173729	  93       4.20       4.30  2.845080638038048E-03  1.630566504773807E-05 2173729
  94       4.30       4.40  2.230808342241803E-03  1.341246564971670E-05 1808477	  94       4.30       4.40  2.230808342241803E-03  1.341246564971670E-05 1808477	  94       4.30       4.40  2.026201716270825E-03  1.200994326000342E-05 1808477	  94       4.30       4.40  2.026201716270825E-03  1.200994326000342E-05 1808477	  94       4.30       4.40  2.474903628338705E-03  1.515576753396988E-05 1808477	  94       4.30       4.40  2.474903628338705E-03  1.515576753396988E-05 1808477	  94       4.30       4.40  2.230808342241803E-03  1.341246564971670E-05 1808477
  95       4.40       4.50  1.768272864111212E-03  1.264212173709904E-05 1507468	  95       4.40       4.50  1.768272864111212E-03  1.264212173709904E-05 1507468	  95       4.40       4.50  1.605750684524805E-03  1.126656930476917E-05 1507468	  95       4.40       4.50  1.605750684524805E-03  1.126656930476917E-05 1507468	  95       4.40       4.50  1.962226162464953E-03  1.435906359626409E-05 1507468	  95       4.40       4.50  1.962226162464953E-03  1.435906359626409E-05 1507468	  95       4.40       4.50  1.768272864111212E-03  1.264212173709904E-05 1507468
  96       4.50       4.60  1.418251151549149E-03  1.083716385253399E-05 1251381	  96       4.50       4.60  1.418251151549149E-03  1.083716385253399E-05 1251381	  96       4.50       4.60  1.288077713952533E-03  9.729678919330829E-06 1251381	  96       4.50       4.60  1.288077713952533E-03  9.729678919330829E-06 1251381	  96       4.50       4.60  1.573624610983871E-03  1.220549039509145E-05 1251381	  96       4.50       4.60  1.573624610983871E-03  1.220549039509145E-05 1251381	  96       4.50       4.60  1.418251151549149E-03  1.083716385253399E-05 1251381
  97       4.60       4.70  1.139556042780155E-03  9.704339651172211E-06 1036185	  97       4.60       4.70  1.139556042780155E-03  9.704339651172211E-06 1036185	  97       4.60       4.70  1.034250316816674E-03  8.656245453306128E-06 1036185	  97       4.60       4.70  1.034250316816674E-03  8.656245453306128E-06 1036185	  97       4.60       4.70  1.265429258269621E-03  1.100725732546358E-05 1036185	  97       4.60       4.70  1.265429258269621E-03  1.100725732546358E-05 1036185	  97       4.60       4.70  1.139556042780155E-03  9.704339651172211E-06 1036185
  98       4.70       4.80  9.077144344936752E-04  9.722639528743957E-06 858343	  98       4.70       4.80  9.077144344936752E-04  9.722639528743957E-06 858343	  98       4.70       4.80  8.246468098429837E-04  8.676627251606183E-06 858343	  98       4.70       4.80  8.246468098429837E-04  8.676627251606183E-06 858343	  98       4.70       4.80  1.006825473436545E-03  1.101994617928046E-05 858343	  98       4.70       4.80  1.006825473436545E-03  1.101994617928046E-05 858343	  98       4.70       4.80  9.077144344936752E-04  9.722639528743957E-06 858343
  99       4.80       4.90  7.164383141282950E-04  7.037420638438258E-06 707753	  99       4.80       4.90  7.164383141282950E-04  7.037420638438258E-06 707753	  99       4.80       4.90  6.509544481357741E-04  6.321047398861706E-06 707753	  99       4.80       4.90  6.509544481357741E-04  6.321047398861706E-06 707753	  99       4.80       4.90  7.945761003439828E-04  7.921347170498676E-06 707753	  99       4.80       4.90  7.945761003439828E-04  7.921347170498676E-06 707753	  99       4.80       4.90  7.164383141282950E-04  7.037420638438258E-06 707753
 100       4.90       5.00  5.846278127105054E-04  6.772315151405282E-06 584002	 100       4.90       5.00  5.846278127105054E-04  6.772315151405282E-06 584002	 100       4.90       5.00  5.313624374796387E-04  6.075322630362900E-06 584002	 100       4.90       5.00  5.313624374796387E-04  6.075322630362900E-06 584002	 100       4.90       5.00  6.481584509776626E-04  7.630311737412507E-06 584002	 100       4.90       5.00  6.481584509776626E-04  7.630311737412507E-06 584002	 100       4.90       5.00  5.846278127105054E-04  6.772315151405282E-06 584002
# Underflow:                 1.2529998686983563E-04  1.5425995480868773E-06 355299
# Overflow:                  3.7250866647804259E-04  2.6456457428884802E-06 276659
#-------------------------------------------------------------------------------------	#-------------------------------------------------------------------------------------	#-------------------------------------------------------------------------------------	#-------------------------------------------------------------------------------------	#-------------------------------------------------------------------------------------	#-------------------------------------------------------------------------------------	#-------------------------------------------------------------------------------------
# Sum:                       1.3169060832228249E-01  2.1862749058867730E-05 451479000
#=====================================================================================	#=====================================================================================	#=====================================================================================	#=====================================================================================	#=====================================================================================	#=====================================================================================	#=====================================================================================
