# title = Rapidity separation Jets
# xlabel = $\Delta y_{\text{j}_1 \text{j}_2}$
# ylabel = $\frac{\text{d}\sigma}{\text{d}\Delta y_{\text{j}_1 \text{j}_2}}\,[\text{fb}]$
# xmin= -9.000E+00
# xmax=  9.000E+00
# ymin=  1.000E-04
# ymax=  3.000E-01
# kmin= -2.000E+01
# kmax=  1.000E+01
# logscale = false
# Renormalization and factorization scale scaled by: 1.0000000000
# Renormalization scaled by: 1.0000000000
# Number of generated events: 6937080
#	#	#	#	#	#	#
#=====================================================================================	#=====================================================================================	#=====================================================================================	#=====================================================================================	#=====================================================================================	#=====================================================================================	#=====================================================================================
# No.       Left      Right                   Value                   Error Hits
#-------------------------------------------------------------------------------------	#-------------------------------------------------------------------------------------	#-------------------------------------------------------------------------------------	#-------------------------------------------------------------------------------------	#-------------------------------------------------------------------------------------	#-------------------------------------------------------------------------------------	#-------------------------------------------------------------------------------------
   1      -9.00      -8.75  0.000000000000000E+00  0.000000000000000E+00 0	   1      -9.00      -8.75  0.000000000000000E+00  0.000000000000000E+00 0	   1      -9.00      -8.75  0.000000000000000E+00  0.000000000000000E+00 0	   1      -9.00      -8.75  0.000000000000000E+00  0.000000000000000E+00 0	   1      -9.00      -8.75  0.000000000000000E+00  0.000000000000000E+00 0	   1      -9.00      -8.75  0.000000000000000E+00  0.000000000000000E+00 0	   1      -9.00      -8.75  0.000000000000000E+00  0.000000000000000E+00 0
   2      -8.75      -8.50  0.000000000000000E+00  0.000000000000000E+00 0	   2      -8.75      -8.50  0.000000000000000E+00  0.000000000000000E+00 0	   2      -8.75      -8.50  0.000000000000000E+00  0.000000000000000E+00 0	   2      -8.75      -8.50  0.000000000000000E+00  0.000000000000000E+00 0	   2      -8.75      -8.50  0.000000000000000E+00  0.000000000000000E+00 0	   2      -8.75      -8.50  0.000000000000000E+00  0.000000000000000E+00 0	   2      -8.75      -8.50  0.000000000000000E+00  0.000000000000000E+00 0
   3      -8.50      -8.25  0.000000000000000E+00  0.000000000000000E+00 0	   3      -8.50      -8.25  0.000000000000000E+00  0.000000000000000E+00 0	   3      -8.50      -8.25  0.000000000000000E+00  0.000000000000000E+00 0	   3      -8.50      -8.25  0.000000000000000E+00  0.000000000000000E+00 0	   3      -8.50      -8.25  0.000000000000000E+00  0.000000000000000E+00 0	   3      -8.50      -8.25  0.000000000000000E+00  0.000000000000000E+00 0	   3      -8.50      -8.25  0.000000000000000E+00  0.000000000000000E+00 0
   4      -8.25      -8.00  0.000000000000000E+00  0.000000000000000E+00 0	   4      -8.25      -8.00  0.000000000000000E+00  0.000000000000000E+00 0	   4      -8.25      -8.00  0.000000000000000E+00  0.000000000000000E+00 0	   4      -8.25      -8.00  0.000000000000000E+00  0.000000000000000E+00 0	   4      -8.25      -8.00  0.000000000000000E+00  0.000000000000000E+00 0	   4      -8.25      -8.00  0.000000000000000E+00  0.000000000000000E+00 0	   4      -8.25      -8.00  0.000000000000000E+00  0.000000000000000E+00 0
   5      -8.00      -7.75  1.440811059648854E-03  2.775957647753276E-04 2256018	   5      -8.00      -7.75  1.440811059648854E-03  2.775957647753276E-04 2256018	   5      -8.00      -7.75  1.248399376042323E-03  2.409565853545673E-04 2256018	   5      -8.00      -7.75  1.248399376042323E-03  2.409565853545673E-04 2256018	   5      -8.00      -7.75  1.688295634746509E-03  3.252772405321511E-04 2256018	   5      -8.00      -7.75  1.688295634746509E-03  3.252772405321511E-04 2256018	   5      -8.00      -7.75  1.440811059648854E-03  2.775957647753276E-04 2256018
   6      -7.75      -7.50  5.491731467685904E-03  6.482667625456982E-04 8023882	   6      -7.75      -7.50  5.491731467685904E-03  6.482667625456982E-04 8023882	   6      -7.75      -7.50  4.726301496815410E-03  5.583610576446042E-04 8023882	   6      -7.75      -7.50  4.726301496815410E-03  5.583610576446042E-04 8023882	   6      -7.75      -7.50  6.481645441557271E-03  7.640345723597361E-04 8023882	   6      -7.75      -7.50  6.481645441557271E-03  7.640345723597361E-04 8023882	   6      -7.75      -7.50  5.491731467685904E-03  6.482667625456982E-04 8023882
   7      -7.50      -7.25  1.276044113572828E-02  1.190851458343608E-03 16059350	   7      -7.50      -7.25  1.276044113572828E-02  1.190851458343608E-03 16059350	   7      -7.50      -7.25  1.112252684344780E-02  1.045309980211041E-03 16059350	   7      -7.50      -7.25  1.112252684344780E-02  1.045309980211041E-03 16059350	   7      -7.50      -7.25  1.484862957252790E-02  1.377209832336871E-03 16059350	   7      -7.50      -7.25  1.484862957252790E-02  1.377209832336871E-03 16059350	   7      -7.50      -7.25  1.276044113572828E-02  1.190851458343608E-03 16059350
   8      -7.25      -7.00  2.105303605335878E-02  1.616845501358071E-03 26613775	   8      -7.25      -7.00  2.105303605335878E-02  1.616845501358071E-03 26613775	   8      -7.25      -7.00  1.851418453304325E-02  1.410554423057043E-03 26613775	   8      -7.25      -7.00  1.851418453304325E-02  1.410554423057043E-03 26613775	   8      -7.25      -7.00  2.424419009699569E-02  1.880321609637774E-03 26613775	   8      -7.25      -7.00  2.424419009699569E-02  1.880321609637774E-03 26613775	   8      -7.25      -7.00  2.105303605335878E-02  1.616845501358071E-03 26613775
   9      -7.00      -6.75  3.923623202948435E-02  2.865713566711966E-03 39844099	   9      -7.00      -6.75  3.923623202948435E-02  2.865713566711966E-03 39844099	   9      -7.00      -6.75  3.453098646905449E-02  2.502903179529085E-03 39844099	   9      -7.00      -6.75  3.453098646905449E-02  2.502903179529085E-03 39844099	   9      -7.00      -6.75  4.513865018320490E-02  3.326355820720968E-03 39844099	   9      -7.00      -6.75  4.513865018320490E-02  3.326355820720968E-03 39844099	   9      -7.00      -6.75  3.923623202948435E-02  2.865713566711966E-03 39844099
  10      -6.75      -6.50  5.342706994950075E-02  2.518722450533359E-03 55810397	  10      -6.75      -6.50  5.342706994950075E-02  2.518722450533359E-03 55810397	  10      -6.75      -6.50  4.756898582626327E-02  2.234397228607670E-03 55810397	  10      -6.75      -6.50  4.756898582626327E-02  2.234397228607670E-03 55810397	  10      -6.75      -6.50  6.065499528643573E-02  2.871949787211519E-03 55810397	  10      -6.75      -6.50  6.065499528643573E-02  2.871949787211519E-03 55810397	  10      -6.75      -6.50  5.342706994950075E-02  2.518722450533359E-03 55810397
  11      -6.50      -6.25  7.321295062004675E-02  2.741006178862993E-03 74520216	  11      -6.50      -6.25  7.321295062004675E-02  2.741006178862993E-03 74520216	  11      -6.50      -6.25  6.558000265880393E-02  2.440081950960623E-03 74520216	  11      -6.50      -6.25  6.558000265880393E-02  2.440081950960623E-03 74520216	  11      -6.50      -6.25  8.254096059018630E-02  3.113455202226074E-03 74520216	  11      -6.50      -6.25  8.254096059018630E-02  3.113455202226074E-03 74520216	  11      -6.50      -6.25  7.321295062004675E-02  2.741006178862993E-03 74520216
  12      -6.25      -6.00  1.007752153022288E-01  4.211662267601954E-03 95760564	  12      -6.25      -6.00  1.007752153022288E-01  4.211662267601954E-03 95760564	  12      -6.25      -6.00  9.094897735459842E-02  3.786154016207824E-03 95760564	  12      -6.25      -6.00  9.094897735459842E-02  3.786154016207824E-03 95760564	  12      -6.25      -6.00  1.126456123528637E-01  4.733673184363536E-03 95760564	  12      -6.25      -6.00  1.126456123528637E-01  4.733673184363536E-03 95760564	  12      -6.25      -6.00  1.007752153022288E-01  4.211662267601954E-03 95760564
  13      -6.00      -5.75  1.049249831200592E-01  3.474734321283347E-03 119318318	  13      -6.00      -5.75  1.049249831200592E-01  3.474734321283347E-03 119318318	  13      -6.00      -5.75  9.526430576568384E-02  3.140066958693603E-03 119318318	  13      -6.00      -5.75  9.526430576568384E-02  3.140066958693603E-03 119318318	  13      -6.00      -5.75  1.164895817612692E-01  3.880870402757457E-03 119318318	  13      -6.00      -5.75  1.164895817612692E-01  3.880870402757457E-03 119318318	  13      -6.00      -5.75  1.049249831200592E-01  3.474734321283347E-03 119318318
  14      -5.75      -5.50  1.323266142291240E-01  4.152349050240171E-03 144737158	  14      -5.75      -5.50  1.323266142291240E-01  4.152349050240171E-03 144737158	  14      -5.75      -5.50  1.207524456675188E-01  3.727536410732934E-03 144737158	  14      -5.75      -5.50  1.207524456675188E-01  3.727536410732934E-03 144737158	  14      -5.75      -5.50  1.460581010767036E-01  4.670552738873729E-03 144737158	  14      -5.75      -5.50  1.460581010767036E-01  4.670552738873729E-03 144737158	  14      -5.75      -5.50  1.323266142291240E-01  4.152349050240171E-03 144737158
  15      -5.50      -5.25  1.620681899221520E-01  3.879920746690062E-03 171288703	  15      -5.50      -5.25  1.620681899221520E-01  3.879920746690062E-03 171288703	  15      -5.50      -5.25  1.488149790642093E-01  3.529608924212389E-03 171288703	  15      -5.50      -5.25  1.488149790642093E-01  3.529608924212389E-03 171288703	  15      -5.50      -5.25  1.776135592699148E-01  4.300452167162928E-03 171288703	  15      -5.50      -5.25  1.776135592699148E-01  4.300452167162928E-03 171288703	  15      -5.50      -5.25  1.620681899221520E-01  3.879920746690062E-03 171288703
  16      -5.25      -5.00  1.763361905234391E-01  4.030643381424489E-03 197815753	  16      -5.25      -5.00  1.763361905234391E-01  4.030643381424489E-03 197815753	  16      -5.25      -5.00  1.631049483687912E-01  3.692138049085755E-03 197815753	  16      -5.25      -5.00  1.631049483687912E-01  3.692138049085755E-03 197815753	  16      -5.25      -5.00  1.916248940771468E-01  4.430987784028442E-03 197815753	  16      -5.25      -5.00  1.916248940771468E-01  4.430987784028442E-03 197815753	  16      -5.25      -5.00  1.763361905234391E-01  4.030643381424489E-03 197815753
  17      -5.00      -4.75  1.903027306390263E-01  3.485092536998711E-03 223074857	  17      -5.00      -4.75  1.903027306390263E-01  3.485092536998711E-03 223074857	  17      -5.00      -4.75  1.768618592701959E-01  3.201002657176749E-03 223074857	  17      -5.00      -4.75  1.768618592701959E-01  3.201002657176749E-03 223074857	  17      -5.00      -4.75  2.056886154855644E-01  3.820949444991937E-03 223074857	  17      -5.00      -4.75  2.056886154855644E-01  3.820949444991937E-03 223074857	  17      -5.00      -4.75  1.903027306390263E-01  3.485092536998711E-03 223074857
  18      -4.75      -4.50  1.971108792456486E-01  3.125139466576711E-03 245429096	  18      -4.75      -4.50  1.971108792456486E-01  3.125139466576711E-03 245429096	  18      -4.75      -4.50  1.840749577185048E-01  2.889264044326198E-03 245429096	  18      -4.75      -4.50  1.840749577185048E-01  2.889264044326198E-03 245429096	  18      -4.75      -4.50  2.118689150588555E-01  3.400966695799525E-03 245429096	  18      -4.75      -4.50  2.118689150588555E-01  3.400966695799525E-03 245429096	  18      -4.75      -4.50  1.971108792456486E-01  3.125139466576711E-03 245429096
  19      -4.50      -4.25  1.999466477864370E-01  3.298489188171968E-03 263365290	  19      -4.50      -4.25  1.999466477864370E-01  3.298489188171968E-03 263365290	  19      -4.50      -4.25  1.877099059327103E-01  3.059605014677074E-03 263365290	  19      -4.50      -4.25  1.877099059327103E-01  3.059605014677074E-03 263365290	  19      -4.50      -4.25  2.136241080051942E-01  3.576772762933544E-03 263365290	  19      -4.50      -4.25  2.136241080051942E-01  3.576772762933544E-03 263365290	  19      -4.50      -4.25  1.999466477864370E-01  3.298489188171968E-03 263365290
  20      -4.25      -4.00  1.849828649993563E-01  2.704006564055695E-03 275335539	  20      -4.25      -4.00  1.849828649993563E-01  2.704006564055695E-03 275335539	  20      -4.25      -4.00  1.743863087795859E-01  2.513754606507420E-03 275335539	  20      -4.25      -4.00  1.743863087795859E-01  2.513754606507420E-03 275335539	  20      -4.25      -4.00  1.966934441316013E-01  2.925124188976055E-03 275335539	  20      -4.25      -4.00  1.966934441316013E-01  2.925124188976055E-03 275335539	  20      -4.25      -4.00  1.849828649993563E-01  2.704006564055695E-03 275335539
  21      -4.00      -3.75  1.801464915866225E-01  2.442368659454223E-03 280083933	  21      -4.00      -3.75  1.801464915866225E-01  2.442368659454223E-03 280083933	  21      -4.00      -3.75  1.702869338887369E-01  2.287650617247877E-03 280083933	  21      -4.00      -3.75  1.702869338887369E-01  2.287650617247877E-03 280083933	  21      -4.00      -3.75  1.909711356977653E-01  2.619085167930677E-03 280083933	  21      -4.00      -3.75  1.909711356977653E-01  2.619085167930677E-03 280083933	  21      -4.00      -3.75  1.801464915866225E-01  2.442368659454223E-03 280083933
  22      -3.75      -3.50  1.647131638112747E-01  2.227002778257306E-03 277066735	  22      -3.75      -3.50  1.647131638112747E-01  2.227002778257306E-03 277066735	  22      -3.75      -3.50  1.560910871343232E-01  2.087530094975112E-03 277066735	  22      -3.75      -3.50  1.560910871343232E-01  2.087530094975112E-03 277066735	  22      -3.75      -3.50  1.741083304299049E-01  2.386243290310812E-03 277066735	  22      -3.75      -3.50  1.741083304299049E-01  2.386243290310812E-03 277066735	  22      -3.75      -3.50  1.647131638112747E-01  2.227002778257306E-03 277066735
  23      -3.50      -3.25  1.434803596543357E-01  1.934346989634163E-03 266452968	  23      -3.50      -3.25  1.434803596543357E-01  1.934346989634163E-03 266452968	  23      -3.50      -3.25  1.362898925624728E-01  1.823405288440891E-03 266452968	  23      -3.50      -3.25  1.362898925624728E-01  1.823405288440891E-03 266452968	  23      -3.50      -3.25  1.512661550159612E-01  2.060081274826411E-03 266452968	  23      -3.50      -3.25  1.512661550159612E-01  2.060081274826411E-03 266452968	  23      -3.50      -3.25  1.434803596543357E-01  1.934346989634163E-03 266452968
  24      -3.25      -3.00  1.167043716711406E-01  1.545936385659306E-03 249151184	  24      -3.25      -3.00  1.167043716711406E-01  1.545936385659306E-03 249151184	  24      -3.25      -3.00  1.110291794810058E-01  1.455869602153814E-03 249151184	  24      -3.25      -3.00  1.110291794810058E-01  1.455869602153814E-03 249151184	  24      -3.25      -3.00  1.228202477817318E-01  1.647724949135893E-03 249151184	  24      -3.25      -3.00  1.228202477817318E-01  1.647724949135893E-03 249151184	  24      -3.25      -3.00  1.167043716711406E-01  1.545936385659306E-03 249151184
  25      -3.00      -2.75  9.212436134077605E-02  1.226220632714305E-03 226811358	  25      -3.00      -2.75  9.212436134077605E-02  1.226220632714305E-03 226811358	  25      -3.00      -2.75  8.782650841041093E-02  1.160334486775743E-03 226811358	  25      -3.00      -2.75  8.782650841041093E-02  1.160334486775743E-03 226811358	  25      -3.00      -2.75  9.672917865499102E-02  1.299973410699709E-03 226811358	  25      -3.00      -2.75  9.672917865499102E-02  1.299973410699709E-03 226811358	  25      -3.00      -2.75  9.212436134077605E-02  1.226220632714305E-03 226811358
  26      -2.75      -2.50  7.101174036358873E-02  1.051019532395802E-03 201409665	  26      -2.75      -2.50  7.101174036358873E-02  1.051019532395802E-03 201409665	  26      -2.75      -2.50  6.775724275449783E-02  9.974219943010803E-04 201409665	  26      -2.75      -2.50  6.775724275449783E-02  9.974219943010803E-04 201409665	  26      -2.75      -2.50  7.449486844374485E-02  1.110528911858747E-03 201409665	  26      -2.75      -2.50  7.449486844374485E-02  1.110528911858747E-03 201409665	  26      -2.75      -2.50  7.101174036358873E-02  1.051019532395802E-03 201409665
  27      -2.50      -2.25  0.000000000000000E+00  0.000000000000000E+00 0	  27      -2.50      -2.25  0.000000000000000E+00  0.000000000000000E+00 0	  27      -2.50      -2.25  0.000000000000000E+00  0.000000000000000E+00 0	  27      -2.50      -2.25  0.000000000000000E+00  0.000000000000000E+00 0	  27      -2.50      -2.25  0.000000000000000E+00  0.000000000000000E+00 0	  27      -2.50      -2.25  0.000000000000000E+00  0.000000000000000E+00 0	  27      -2.50      -2.25  0.000000000000000E+00  0.000000000000000E+00 0
  28      -2.25      -2.00  0.000000000000000E+00  0.000000000000000E+00 0	  28      -2.25      -2.00  0.000000000000000E+00  0.000000000000000E+00 0	  28      -2.25      -2.00  0.000000000000000E+00  0.000000000000000E+00 0	  28      -2.25      -2.00  0.000000000000000E+00  0.000000000000000E+00 0	  28      -2.25      -2.00  0.000000000000000E+00  0.000000000000000E+00 0	  28      -2.25      -2.00  0.000000000000000E+00  0.000000000000000E+00 0	  28      -2.25      -2.00  0.000000000000000E+00  0.000000000000000E+00 0
  29      -2.00      -1.75  0.000000000000000E+00  0.000000000000000E+00 0	  29      -2.00      -1.75  0.000000000000000E+00  0.000000000000000E+00 0	  29      -2.00      -1.75  0.000000000000000E+00  0.000000000000000E+00 0	  29      -2.00      -1.75  0.000000000000000E+00  0.000000000000000E+00 0	  29      -2.00      -1.75  0.000000000000000E+00  0.000000000000000E+00 0	  29      -2.00      -1.75  0.000000000000000E+00  0.000000000000000E+00 0	  29      -2.00      -1.75  0.000000000000000E+00  0.000000000000000E+00 0
  30      -1.75      -1.50  0.000000000000000E+00  0.000000000000000E+00 0	  30      -1.75      -1.50  0.000000000000000E+00  0.000000000000000E+00 0	  30      -1.75      -1.50  0.000000000000000E+00  0.000000000000000E+00 0	  30      -1.75      -1.50  0.000000000000000E+00  0.000000000000000E+00 0	  30      -1.75      -1.50  0.000000000000000E+00  0.000000000000000E+00 0	  30      -1.75      -1.50  0.000000000000000E+00  0.000000000000000E+00 0	  30      -1.75      -1.50  0.000000000000000E+00  0.000000000000000E+00 0
  31      -1.50      -1.25  0.000000000000000E+00  0.000000000000000E+00 0	  31      -1.50      -1.25  0.000000000000000E+00  0.000000000000000E+00 0	  31      -1.50      -1.25  0.000000000000000E+00  0.000000000000000E+00 0	  31      -1.50      -1.25  0.000000000000000E+00  0.000000000000000E+00 0	  31      -1.50      -1.25  0.000000000000000E+00  0.000000000000000E+00 0	  31      -1.50      -1.25  0.000000000000000E+00  0.000000000000000E+00 0	  31      -1.50      -1.25  0.000000000000000E+00  0.000000000000000E+00 0
  32      -1.25      -1.00  0.000000000000000E+00  0.000000000000000E+00 0	  32      -1.25      -1.00  0.000000000000000E+00  0.000000000000000E+00 0	  32      -1.25      -1.00  0.000000000000000E+00  0.000000000000000E+00 0	  32      -1.25      -1.00  0.000000000000000E+00  0.000000000000000E+00 0	  32      -1.25      -1.00  0.000000000000000E+00  0.000000000000000E+00 0	  32      -1.25      -1.00  0.000000000000000E+00  0.000000000000000E+00 0	  32      -1.25      -1.00  0.000000000000000E+00  0.000000000000000E+00 0
  33      -1.00      -0.75  0.000000000000000E+00  0.000000000000000E+00 0	  33      -1.00      -0.75  0.000000000000000E+00  0.000000000000000E+00 0	  33      -1.00      -0.75  0.000000000000000E+00  0.000000000000000E+00 0	  33      -1.00      -0.75  0.000000000000000E+00  0.000000000000000E+00 0	  33      -1.00      -0.75  0.000000000000000E+00  0.000000000000000E+00 0	  33      -1.00      -0.75  0.000000000000000E+00  0.000000000000000E+00 0	  33      -1.00      -0.75  0.000000000000000E+00  0.000000000000000E+00 0
  34      -0.75      -0.50  0.000000000000000E+00  0.000000000000000E+00 0	  34      -0.75      -0.50  0.000000000000000E+00  0.000000000000000E+00 0	  34      -0.75      -0.50  0.000000000000000E+00  0.000000000000000E+00 0	  34      -0.75      -0.50  0.000000000000000E+00  0.000000000000000E+00 0	  34      -0.75      -0.50  0.000000000000000E+00  0.000000000000000E+00 0	  34      -0.75      -0.50  0.000000000000000E+00  0.000000000000000E+00 0	  34      -0.75      -0.50  0.000000000000000E+00  0.000000000000000E+00 0
  35      -0.50      -0.25  0.000000000000000E+00  0.000000000000000E+00 0	  35      -0.50      -0.25  0.000000000000000E+00  0.000000000000000E+00 0	  35      -0.50      -0.25  0.000000000000000E+00  0.000000000000000E+00 0	  35      -0.50      -0.25  0.000000000000000E+00  0.000000000000000E+00 0	  35      -0.50      -0.25  0.000000000000000E+00  0.000000000000000E+00 0	  35      -0.50      -0.25  0.000000000000000E+00  0.000000000000000E+00 0	  35      -0.50      -0.25  0.000000000000000E+00  0.000000000000000E+00 0
  36      -0.25       0.00  0.000000000000000E+00  0.000000000000000E+00 0	  36      -0.25       0.00  0.000000000000000E+00  0.000000000000000E+00 0	  36      -0.25       0.00  0.000000000000000E+00  0.000000000000000E+00 0	  36      -0.25       0.00  0.000000000000000E+00  0.000000000000000E+00 0	  36      -0.25       0.00  0.000000000000000E+00  0.000000000000000E+00 0	  36      -0.25       0.00  0.000000000000000E+00  0.000000000000000E+00 0	  36      -0.25       0.00  0.000000000000000E+00  0.000000000000000E+00 0
  37       0.00       0.25  0.000000000000000E+00  0.000000000000000E+00 0	  37       0.00       0.25  0.000000000000000E+00  0.000000000000000E+00 0	  37       0.00       0.25  0.000000000000000E+00  0.000000000000000E+00 0	  37       0.00       0.25  0.000000000000000E+00  0.000000000000000E+00 0	  37       0.00       0.25  0.000000000000000E+00  0.000000000000000E+00 0	  37       0.00       0.25  0.000000000000000E+00  0.000000000000000E+00 0	  37       0.00       0.25  0.000000000000000E+00  0.000000000000000E+00 0
  38       0.25       0.50  0.000000000000000E+00  0.000000000000000E+00 0	  38       0.25       0.50  0.000000000000000E+00  0.000000000000000E+00 0	  38       0.25       0.50  0.000000000000000E+00  0.000000000000000E+00 0	  38       0.25       0.50  0.000000000000000E+00  0.000000000000000E+00 0	  38       0.25       0.50  0.000000000000000E+00  0.000000000000000E+00 0	  38       0.25       0.50  0.000000000000000E+00  0.000000000000000E+00 0	  38       0.25       0.50  0.000000000000000E+00  0.000000000000000E+00 0
  39       0.50       0.75  0.000000000000000E+00  0.000000000000000E+00 0	  39       0.50       0.75  0.000000000000000E+00  0.000000000000000E+00 0	  39       0.50       0.75  0.000000000000000E+00  0.000000000000000E+00 0	  39       0.50       0.75  0.000000000000000E+00  0.000000000000000E+00 0	  39       0.50       0.75  0.000000000000000E+00  0.000000000000000E+00 0	  39       0.50       0.75  0.000000000000000E+00  0.000000000000000E+00 0	  39       0.50       0.75  0.000000000000000E+00  0.000000000000000E+00 0
  40       0.75       1.00  0.000000000000000E+00  0.000000000000000E+00 0	  40       0.75       1.00  0.000000000000000E+00  0.000000000000000E+00 0	  40       0.75       1.00  0.000000000000000E+00  0.000000000000000E+00 0	  40       0.75       1.00  0.000000000000000E+00  0.000000000000000E+00 0	  40       0.75       1.00  0.000000000000000E+00  0.000000000000000E+00 0	  40       0.75       1.00  0.000000000000000E+00  0.000000000000000E+00 0	  40       0.75       1.00  0.000000000000000E+00  0.000000000000000E+00 0
  41       1.00       1.25  0.000000000000000E+00  0.000000000000000E+00 0	  41       1.00       1.25  0.000000000000000E+00  0.000000000000000E+00 0	  41       1.00       1.25  0.000000000000000E+00  0.000000000000000E+00 0	  41       1.00       1.25  0.000000000000000E+00  0.000000000000000E+00 0	  41       1.00       1.25  0.000000000000000E+00  0.000000000000000E+00 0	  41       1.00       1.25  0.000000000000000E+00  0.000000000000000E+00 0	  41       1.00       1.25  0.000000000000000E+00  0.000000000000000E+00 0
  42       1.25       1.50  0.000000000000000E+00  0.000000000000000E+00 0	  42       1.25       1.50  0.000000000000000E+00  0.000000000000000E+00 0	  42       1.25       1.50  0.000000000000000E+00  0.000000000000000E+00 0	  42       1.25       1.50  0.000000000000000E+00  0.000000000000000E+00 0	  42       1.25       1.50  0.000000000000000E+00  0.000000000000000E+00 0	  42       1.25       1.50  0.000000000000000E+00  0.000000000000000E+00 0	  42       1.25       1.50  0.000000000000000E+00  0.000000000000000E+00 0
  43       1.50       1.75  0.000000000000000E+00  0.000000000000000E+00 0	  43       1.50       1.75  0.000000000000000E+00  0.000000000000000E+00 0	  43       1.50       1.75  0.000000000000000E+00  0.000000000000000E+00 0	  43       1.50       1.75  0.000000000000000E+00  0.000000000000000E+00 0	  43       1.50       1.75  0.000000000000000E+00  0.000000000000000E+00 0	  43       1.50       1.75  0.000000000000000E+00  0.000000000000000E+00 0	  43       1.50       1.75  0.000000000000000E+00  0.000000000000000E+00 0
  44       1.75       2.00  0.000000000000000E+00  0.000000000000000E+00 0	  44       1.75       2.00  0.000000000000000E+00  0.000000000000000E+00 0	  44       1.75       2.00  0.000000000000000E+00  0.000000000000000E+00 0	  44       1.75       2.00  0.000000000000000E+00  0.000000000000000E+00 0	  44       1.75       2.00  0.000000000000000E+00  0.000000000000000E+00 0	  44       1.75       2.00  0.000000000000000E+00  0.000000000000000E+00 0	  44       1.75       2.00  0.000000000000000E+00  0.000000000000000E+00 0
  45       2.00       2.25  0.000000000000000E+00  0.000000000000000E+00 0	  45       2.00       2.25  0.000000000000000E+00  0.000000000000000E+00 0	  45       2.00       2.25  0.000000000000000E+00  0.000000000000000E+00 0	  45       2.00       2.25  0.000000000000000E+00  0.000000000000000E+00 0	  45       2.00       2.25  0.000000000000000E+00  0.000000000000000E+00 0	  45       2.00       2.25  0.000000000000000E+00  0.000000000000000E+00 0	  45       2.00       2.25  0.000000000000000E+00  0.000000000000000E+00 0
  46       2.25       2.50  0.000000000000000E+00  0.000000000000000E+00 0	  46       2.25       2.50  0.000000000000000E+00  0.000000000000000E+00 0	  46       2.25       2.50  0.000000000000000E+00  0.000000000000000E+00 0	  46       2.25       2.50  0.000000000000000E+00  0.000000000000000E+00 0	  46       2.25       2.50  0.000000000000000E+00  0.000000000000000E+00 0	  46       2.25       2.50  0.000000000000000E+00  0.000000000000000E+00 0	  46       2.25       2.50  0.000000000000000E+00  0.000000000000000E+00 0
  47       2.50       2.75  6.886456235954516E-02  1.054016580305703E-03 200194751	  47       2.50       2.75  6.886456235954516E-02  1.054016580305703E-03 200194751	  47       2.50       2.75  6.571771591971784E-02  9.999330878171764E-04 200194751	  47       2.50       2.75  6.571771591971784E-02  9.999330878171764E-04 200194751	  47       2.50       2.75  7.223116352601279E-02  1.114020955946677E-03 200194751	  47       2.50       2.75  7.223116352601279E-02  1.114020955946677E-03 200194751	  47       2.50       2.75  6.886456235954516E-02  1.054016580305703E-03 200194751
  48       2.75       3.00  9.080541978519338E-02  1.299739045889223E-03 223399540	  48       2.75       3.00  9.080541978519338E-02  1.299739045889223E-03 223399540	  48       2.75       3.00  8.657455737605241E-02  1.225935750609047E-03 223399540	  48       2.75       3.00  8.657455737605241E-02  1.225935750609047E-03 223399540	  48       2.75       3.00  9.533673977283368E-02  1.382876191160798E-03 223399540	  48       2.75       3.00  9.533673977283368E-02  1.382876191160798E-03 223399540	  48       2.75       3.00  9.080541978519338E-02  1.299739045889223E-03 223399540
  49       3.00       3.25  1.176736735128302E-01  1.709193462017843E-03 243061201	  49       3.00       3.25  1.176736735128302E-01  1.709193462017843E-03 243061201	  49       3.00       3.25  1.119753340306926E-01  1.613105433779733E-03 243061201	  49       3.00       3.25  1.119753340306926E-01  1.613105433779733E-03 243061201	  49       3.00       3.25  1.238090732172570E-01  1.817564292313366E-03 243061201	  49       3.00       3.25  1.238090732172570E-01  1.817564292313366E-03 243061201	  49       3.00       3.25  1.176736735128302E-01  1.709193462017843E-03 243061201
  50       3.25       3.50  1.443988068279568E-01  1.966136909066707E-03 257468099	  50       3.25       3.50  1.443988068279568E-01  1.966136909066707E-03 257468099	  50       3.25       3.50  1.371635107313782E-01  1.850039977340163E-03 257468099	  50       3.25       3.50  1.371635107313782E-01  1.850039977340163E-03 257468099	  50       3.25       3.50  1.522326595501266E-01  2.098128376527328E-03 257468099	  50       3.25       3.50  1.522326595501266E-01  2.098128376527328E-03 257468099	  50       3.25       3.50  1.443988068279568E-01  1.966136909066707E-03 257468099
  51       3.50       3.75  1.651748754630561E-01  2.520097887825874E-03 265451618	  51       3.50       3.75  1.651748754630561E-01  2.520097887825874E-03 265451618	  51       3.50       3.75  1.565885739070993E-01  2.367315575320279E-03 265451618	  51       3.50       3.75  1.565885739070993E-01  2.367315575320279E-03 265451618	  51       3.50       3.75  1.745225317796508E-01  2.693307361402647E-03 265451618	  51       3.50       3.75  1.745225317796508E-01  2.693307361402647E-03 265451618	  51       3.50       3.75  1.651748754630561E-01  2.520097887825874E-03 265451618
  52       3.75       4.00  1.835615836028720E-01  2.531665636015991E-03 266427283	  52       3.75       4.00  1.835615836028720E-01  2.531665636015991E-03 266427283	  52       3.75       4.00  1.735958120519928E-01  2.371797906058350E-03 266427283	  52       3.75       4.00  1.735958120519928E-01  2.371797906058350E-03 266427283	  52       3.75       4.00  1.944859216324433E-01  2.714292848261524E-03 266427283	  52       3.75       4.00  1.944859216324433E-01  2.714292848261524E-03 266427283	  52       3.75       4.00  1.835615836028720E-01  2.531665636015991E-03 266427283
  53       4.00       4.25  1.943355799384088E-01  3.052273504526697E-03 260331378	  53       4.00       4.25  1.943355799384088E-01  3.052273504526697E-03 260331378	  53       4.00       4.25  1.828844850570342E-01  2.837227425873016E-03 260331378	  53       4.00       4.25  1.828844850570342E-01  2.837227425873016E-03 260331378	  53       4.00       4.25  2.070597096143864E-01  3.301170820169833E-03 260331378	  53       4.00       4.25  2.070597096143864E-01  3.301170820169833E-03 260331378	  53       4.00       4.25  1.943355799384088E-01  3.052273504526697E-03 260331378
  54       4.25       4.50  1.993757820256278E-01  3.279801427660675E-03 247884028	  54       4.25       4.50  1.993757820256278E-01  3.279801427660675E-03 247884028	  54       4.25       4.50  1.870020146305997E-01  3.040323682774891E-03 247884028	  54       4.25       4.50  1.870020146305997E-01  3.040323682774891E-03 247884028	  54       4.25       4.50  2.132434168143208E-01  3.558838835584891E-03 247884028	  54       4.25       4.50  2.132434168143208E-01  3.558838835584891E-03 247884028	  54       4.25       4.50  1.993757820256278E-01  3.279801427660675E-03 247884028
  55       4.50       4.75  1.924909999277924E-01  3.333963329523511E-03 230070386	  55       4.50       4.75  1.924909999277924E-01  3.333963329523511E-03 230070386	  55       4.50       4.75  1.798179071980046E-01  3.076250051244302E-03 230070386	  55       4.50       4.75  1.798179071980046E-01  3.076250051244302E-03 230070386	  55       4.50       4.75  2.068274292033919E-01  3.636768023521972E-03 230070386	  55       4.50       4.75  2.068274292033919E-01  3.636768023521972E-03 230070386	  55       4.50       4.75  1.924909999277924E-01  3.333963329523511E-03 230070386
  56       4.75       5.00  1.902921577720464E-01  3.962588453467284E-03 208412081	  56       4.75       5.00  1.902921577720464E-01  3.962588453467284E-03 208412081	  56       4.75       5.00  1.767378717350792E-01  3.622682498279748E-03 208412081	  56       4.75       5.00  1.767378717350792E-01  3.622682498279748E-03 208412081	  56       4.75       5.00  2.058396429886922E-01  4.369282388163933E-03 208412081	  56       4.75       5.00  2.058396429886922E-01  4.369282388163933E-03 208412081	  56       4.75       5.00  1.902921577720464E-01  3.962588453467284E-03 208412081
  57       5.00       5.25  1.714348170307051E-01  3.811335641038396E-03 184312862	  57       5.00       5.25  1.714348170307051E-01  3.811335641038396E-03 184312862	  57       5.00       5.25  1.586269151743229E-01  3.496636448657584E-03 184312862	  57       5.00       5.25  1.586269151743229E-01  3.496636448657584E-03 184312862	  57       5.00       5.25  1.862278238195839E-01  4.184198469950372E-03 184312862	  57       5.00       5.25  1.862278238195839E-01  4.184198469950372E-03 184312862	  57       5.00       5.25  1.714348170307051E-01  3.811335641038396E-03 184312862
  58       5.25       5.50  1.573407696347185E-01  3.796473405870029E-03 159198211	  58       5.25       5.50  1.573407696347185E-01  3.796473405870029E-03 159198211	  58       5.25       5.50  1.444188406357298E-01  3.444632634365191E-03 159198211	  58       5.25       5.50  1.444188406357298E-01  3.444632634365191E-03 159198211	  58       5.25       5.50  1.725071759398222E-01  4.219651017055186E-03 159198211	  58       5.25       5.50  1.725071759398222E-01  4.219651017055186E-03 159198211	  58       5.25       5.50  1.573407696347185E-01  3.796473405870029E-03 159198211
  59       5.50       5.75  1.382343492556088E-01  3.583007666703467E-03 134278904	  59       5.50       5.75  1.382343492556088E-01  3.583007666703467E-03 134278904	  59       5.50       5.75  1.261036407114146E-01  3.244312808727963E-03 134278904	  59       5.50       5.75  1.261036407114146E-01  3.244312808727963E-03 134278904	  59       5.50       5.75  1.526246491290015E-01  3.992659773496283E-03 134278904	  59       5.50       5.75  1.526246491290015E-01  3.992659773496283E-03 134278904	  59       5.50       5.75  1.382343492556088E-01  3.583007666703467E-03 134278904
  60       5.75       6.00  1.129539321791333E-01  3.798857244848376E-03 110511998	  60       5.75       6.00  1.129539321791333E-01  3.798857244848376E-03 110511998	  60       5.75       6.00  1.024968960052954E-01  3.427985972353840E-03 110511998	  60       5.75       6.00  1.024968960052954E-01  3.427985972353840E-03 110511998	  60       5.75       6.00  1.254783958438134E-01  4.250118213407388E-03 110511998	  60       5.75       6.00  1.254783958438134E-01  4.250118213407388E-03 110511998	  60       5.75       6.00  1.129539321791333E-01  3.798857244848376E-03 110511998
  61       6.00       6.25  9.991050230298827E-02  4.662338963477097E-03 88651357	  61       6.00       6.25  9.991050230298827E-02  4.662338963477097E-03 88651357	  61       6.00       6.25  9.006614221297188E-02  4.226083482707738E-03 88651357	  61       6.00       6.25  9.006614221297188E-02  4.226083482707738E-03 88651357	  61       6.00       6.25  1.118216161412324E-01  5.189056757403150E-03 88651357	  61       6.00       6.25  1.118216161412324E-01  5.189056757403150E-03 88651357	  61       6.00       6.25  9.991050230298827E-02  4.662338963477097E-03 88651357
  62       6.25       6.50  6.991364636707610E-02  3.174134452665821E-03 68983455	  62       6.25       6.50  6.991364636707610E-02  3.174134452665821E-03 68983455	  62       6.25       6.50  6.269011142880883E-02  2.843658541769137E-03 68983455	  62       6.25       6.50  6.269011142880883E-02  2.843658541769137E-03 68983455	  62       6.25       6.50  7.874342347501194E-02  3.581674129218250E-03 68983455	  62       6.25       6.50  7.874342347501194E-02  3.581674129218250E-03 68983455	  62       6.25       6.50  6.991364636707610E-02  3.174134452665821E-03 68983455
  63       6.50       6.75  5.505822946378793E-02  4.385629927166982E-03 51709860	  63       6.50       6.75  5.505822946378793E-02  4.385629927166982E-03 51709860	  63       6.50       6.75  4.896788490955351E-02  3.913690695275620E-03 51709860	  63       6.50       6.75  4.896788490955351E-02  3.913690695275620E-03 51709860	  63       6.50       6.75  6.258469545413863E-02  4.965567987565613E-03 51709860	  63       6.50       6.75  6.258469545413863E-02  4.965567987565613E-03 51709860	  63       6.50       6.75  5.505822946378793E-02  4.385629927166982E-03 51709860
  64       6.75       7.00  3.665724382555089E-02  2.367895297217465E-03 36959092	  64       6.75       7.00  3.665724382555089E-02  2.367895297217465E-03 36959092	  64       6.75       7.00  3.233252523189396E-02  2.085584529111336E-03 36959092	  64       6.75       7.00  3.233252523189396E-02  2.085584529111336E-03 36959092	  64       6.75       7.00  4.206559170881437E-02  2.724122613838698E-03 36959092	  64       6.75       7.00  4.206559170881437E-02  2.724122613838698E-03 36959092	  64       6.75       7.00  3.665724382555089E-02  2.367895297217465E-03 36959092
  65       7.00       7.25  2.285621973973766E-02  2.063441061189861E-03 24749810	  65       7.00       7.25  2.285621973973766E-02  2.063441061189861E-03 24749810	  65       7.00       7.25  1.994163475615886E-02  1.796744304803772E-03 24749810	  65       7.00       7.25  1.994163475615886E-02  1.796744304803772E-03 24749810	  65       7.00       7.25  2.655806351833493E-02  2.403191687206596E-03 24749810	  65       7.00       7.25  2.655806351833493E-02  2.403191687206596E-03 24749810	  65       7.00       7.25  2.285621973973766E-02  2.063441061189861E-03 24749810
  66       7.25       7.50  1.028935742936130E-02  1.018927255350039E-03 14970362	  66       7.25       7.50  1.028935742936130E-02  1.018927255350039E-03 14970362	  66       7.25       7.50  8.901723921655610E-03  8.755568865808323E-04 14970362	  66       7.25       7.50  8.901723921655610E-03  8.755568865808323E-04 14970362	  66       7.25       7.50  1.207001819916061E-02  1.204119955429997E-03 14970362	  66       7.25       7.50  1.207001819916061E-02  1.204119955429997E-03 14970362	  66       7.25       7.50  1.028935742936130E-02  1.018927255350039E-03 14970362
  67       7.50       7.75  6.545491929522153E-03  8.219488020297675E-04 7499496	  67       7.50       7.75  6.545491929522153E-03  8.219488020297675E-04 7499496	  67       7.50       7.75  5.624314277112099E-03  7.072716706171559E-04 7499496	  67       7.50       7.75  5.624314277112099E-03  7.072716706171559E-04 7499496	  67       7.50       7.75  7.741762611085048E-03  9.707879401097633E-04 7499496	  67       7.50       7.75  7.741762611085048E-03  9.707879401097633E-04 7499496	  67       7.50       7.75  6.545491929522153E-03  8.219488020297675E-04 7499496
  68       7.75       8.00  7.392430083136687E-04  2.392546831885865E-04 2114928	  68       7.75       8.00  7.392430083136687E-04  2.392546831885865E-04 2114928	  68       7.75       8.00  6.337754603650857E-04  2.045609982232736E-04 2114928	  68       7.75       8.00  6.337754603650857E-04  2.045609982232736E-04 2114928	  68       7.75       8.00  8.770330011625691E-04  2.844791917290948E-04 2114928	  68       7.75       8.00  8.770330011625691E-04  2.844791917290948E-04 2114928	  68       7.75       8.00  7.392430083136687E-04  2.392546831885865E-04 2114928
  69       8.00       8.25  0.000000000000000E+00  0.000000000000000E+00 0	  69       8.00       8.25  0.000000000000000E+00  0.000000000000000E+00 0	  69       8.00       8.25  0.000000000000000E+00  0.000000000000000E+00 0	  69       8.00       8.25  0.000000000000000E+00  0.000000000000000E+00 0	  69       8.00       8.25  0.000000000000000E+00  0.000000000000000E+00 0	  69       8.00       8.25  0.000000000000000E+00  0.000000000000000E+00 0	  69       8.00       8.25  0.000000000000000E+00  0.000000000000000E+00 0
  70       8.25       8.50  0.000000000000000E+00  0.000000000000000E+00 0	  70       8.25       8.50  0.000000000000000E+00  0.000000000000000E+00 0	  70       8.25       8.50  0.000000000000000E+00  0.000000000000000E+00 0	  70       8.25       8.50  0.000000000000000E+00  0.000000000000000E+00 0	  70       8.25       8.50  0.000000000000000E+00  0.000000000000000E+00 0	  70       8.25       8.50  0.000000000000000E+00  0.000000000000000E+00 0	  70       8.25       8.50  0.000000000000000E+00  0.000000000000000E+00 0
  71       8.50       8.75  0.000000000000000E+00  0.000000000000000E+00 0	  71       8.50       8.75  0.000000000000000E+00  0.000000000000000E+00 0	  71       8.50       8.75  0.000000000000000E+00  0.000000000000000E+00 0	  71       8.50       8.75  0.000000000000000E+00  0.000000000000000E+00 0	  71       8.50       8.75  0.000000000000000E+00  0.000000000000000E+00 0	  71       8.50       8.75  0.000000000000000E+00  0.000000000000000E+00 0	  71       8.50       8.75  0.000000000000000E+00  0.000000000000000E+00 0
  72       8.75       9.00  0.000000000000000E+00  0.000000000000000E+00 0	  72       8.75       9.00  0.000000000000000E+00  0.000000000000000E+00 0	  72       8.75       9.00  0.000000000000000E+00  0.000000000000000E+00 0	  72       8.75       9.00  0.000000000000000E+00  0.000000000000000E+00 0	  72       8.75       9.00  0.000000000000000E+00  0.000000000000000E+00 0	  72       8.75       9.00  0.000000000000000E+00  0.000000000000000E+00 0	  72       8.75       9.00  0.000000000000000E+00  0.000000000000000E+00 0
# Underflow:                 0.0000000000000000E+00  0.0000000000000000E+00 0
# Overflow:                  0.0000000000000000E+00  0.0000000000000000E+00 0
#-------------------------------------------------------------------------------------	#-------------------------------------------------------------------------------------	#-------------------------------------------------------------------------------------	#-------------------------------------------------------------------------------------	#-------------------------------------------------------------------------------------	#-------------------------------------------------------------------------------------	#-------------------------------------------------------------------------------------
# Sum:                      -1.5099764659991567E-02  1.9897331258098019E-04 170000
#=====================================================================================	#=====================================================================================	#=====================================================================================	#=====================================================================================	#=====================================================================================	#=====================================================================================	#=====================================================================================
