# title = Rapidity separation Leptons
# xlabel = $\Delta y_{\text{e}^+\mu^-}$
# ylabel = $\frac{\text{d}\sigma}{\text{d}\Delta y_{\text{e}^+\mu^-}}\,[\text{fb}]$
# xmin= -5.000E+00
# xmax=  5.000E+00
# ymin=  1.000E-04
# ymax=  5.000E-01
# kmin= -2.000E+01
# kmax=  1.000E+01
# logscale = false
# Renormalization and factorization scale scaled by: 1.0000000000
# Renormalization scaled by: 1.0000000000
# Number of generated events: 6467394395
#	#	#	#	#	#	#
#=====================================================================================	#=====================================================================================	#=====================================================================================	#=====================================================================================	#=====================================================================================	#=====================================================================================	#=====================================================================================
# No.       Left      Right                   Value                   Error Hits
#-------------------------------------------------------------------------------------	#-------------------------------------------------------------------------------------	#-------------------------------------------------------------------------------------	#-------------------------------------------------------------------------------------	#-------------------------------------------------------------------------------------	#-------------------------------------------------------------------------------------	#-------------------------------------------------------------------------------------
   1      -5.00      -4.75  2.832928594879881E-03  1.376108728923547E-05 4817556	   1      -5.00      -4.75  2.832928594879881E-03  1.376108728923547E-05 4817556	   1      -5.00      -4.75  2.475853655337026E-03  1.206460470426556E-05 4817556	   1      -5.00      -4.75  2.475853655337026E-03  1.206460470426556E-05 4817556	   1      -5.00      -4.75  3.283755226430667E-03  1.591157397367938E-05 4817556	   1      -5.00      -4.75  3.283755226430667E-03  1.591157397367938E-05 4817556	   1      -5.00      -4.75  2.832928594879881E-03  1.376108728923547E-05 4817556
   2      -4.75      -4.50  4.688036295760743E-03  1.816904508711068E-05 7157740	   2      -4.75      -4.50  4.688036295760743E-03  1.816904508711068E-05 7157740	   2      -4.75      -4.50  4.122166356915660E-03  1.599292899495924E-05 7157740	   2      -4.75      -4.50  4.122166356915660E-03  1.599292899495924E-05 7157740	   2      -4.75      -4.50  5.396640514619584E-03  2.091124352406351E-05 7157740	   2      -4.75      -4.50  5.396640514619584E-03  2.091124352406351E-05 7157740	   2      -4.75      -4.50  4.688036295760743E-03  1.816904508711068E-05 7157740
   3      -4.50      -4.25  7.548593226570534E-03  2.411864837872901E-05 10374719	   3      -4.50      -4.25  7.548593226570534E-03  2.411864837872901E-05 10374719	   3      -4.50      -4.25  6.676088989733313E-03  2.132762416842725E-05 10374719	   3      -4.50      -4.25  6.676088989733313E-03  2.132762416842725E-05 10374719	   3      -4.50      -4.25  8.632700025769635E-03  2.761586705569108E-05 10374719	   3      -4.50      -4.25  8.632700025769635E-03  2.761586705569108E-05 10374719	   3      -4.50      -4.25  7.548593226570534E-03  2.411864837872901E-05 10374719
   4      -4.25      -4.00  1.168877773893280E-02  3.080994389623282E-05 14716505	   4      -4.25      -4.00  1.168877773893280E-02  3.080994389623282E-05 14716505	   4      -4.25      -4.00  1.039710738810880E-02  2.734600798528948E-05 14716505	   4      -4.25      -4.00  1.039710738810880E-02  2.734600798528948E-05 14716505	   4      -4.25      -4.00  1.328109043638662E-02  3.513531645238607E-05 14716505	   4      -4.25      -4.00  1.328109043638662E-02  3.513531645238607E-05 14716505	   4      -4.25      -4.00  1.168877773893280E-02  3.080994389623282E-05 14716505
   5      -4.00      -3.75  1.753203240687886E-02  3.799743552136581E-05 20463220	   5      -4.00      -3.75  1.753203240687886E-02  3.799743552136581E-05 20463220	   5      -4.00      -3.75  1.567925383379702E-02  3.387626522265268E-05 20463220	   5      -4.00      -3.75  1.567925383379702E-02  3.387626522265268E-05 20463220	   5      -4.00      -3.75  1.979866592880089E-02  4.311156549006793E-05 20463220	   5      -4.00      -3.75  1.979866592880089E-02  4.311156549006793E-05 20463220	   5      -4.00      -3.75  1.753203240687886E-02  3.799743552136581E-05 20463220
   6      -3.75      -3.50  2.569968809777550E-02  4.636625113627454E-05 27893922	   6      -3.75      -3.50  2.569968809777550E-02  4.636625113627454E-05 27893922	   6      -3.75      -3.50  2.310224002962011E-02  4.150760706827985E-05 27893922	   6      -3.75      -3.50  2.310224002962011E-02  4.150760706827985E-05 27893922	   6      -3.75      -3.50  2.885354194076828E-02  5.236408351535001E-05 27893922	   6      -3.75      -3.50  2.885354194076828E-02  5.236408351535001E-05 27893922	   6      -3.75      -3.50  2.569968809777550E-02  4.636625113627454E-05 27893922
   7      -3.50      -3.25  3.658994336122887E-02  5.539329763085288E-05 37361925	   7      -3.50      -3.25  3.658994336122887E-02  5.539329763085288E-05 37361925	   7      -3.50      -3.25  3.305176169192226E-02  4.976992220758429E-05 37361925	   7      -3.50      -3.25  3.305176169192226E-02  4.976992220758429E-05 37361925	   7      -3.50      -3.25  4.085491892837871E-02  6.230582182165342E-05 37361925	   7      -3.50      -3.25  4.085491892837871E-02  6.230582182165342E-05 37361925	   7      -3.50      -3.25  3.658994336122887E-02  5.539329763085288E-05 37361925
   8      -3.25      -3.00  5.079803144391362E-02  6.523279446443317E-05 49149578	   8      -3.25      -3.00  5.079803144391362E-02  6.523279446443317E-05 49149578	   8      -3.25      -3.00  4.609765665910842E-02  5.880641703049800E-05 49149578	   8      -3.25      -3.00  4.609765665910842E-02  5.880641703049800E-05 49149578	   8      -3.25      -3.00  5.642399638799337E-02  7.309858905261579E-05 49149578	   8      -3.25      -3.00  5.642399638799337E-02  7.309858905261579E-05 49149578	   8      -3.25      -3.00  5.079803144391362E-02  6.523279446443317E-05 49149578
   9      -3.00      -2.75  6.869422047308581E-02  7.478881142048025E-05 63594811	   9      -3.00      -2.75  6.869422047308581E-02  7.478881142048025E-05 63594811	   9      -3.00      -2.75  6.260715893021687E-02  6.762426209241254E-05 63594811	   9      -3.00      -2.75  6.260715893021687E-02  6.762426209241254E-05 63594811	   9      -3.00      -2.75  7.593014654195844E-02  8.352699473800148E-05 63594811	   9      -3.00      -2.75  7.593014654195844E-02  8.352699473800148E-05 63594811	   9      -3.00      -2.75  6.869422047308581E-02  7.478881142048025E-05 63594811
  10      -2.75      -2.50  9.089666486270273E-02  8.469803838042633E-05 80983370	  10      -2.75      -2.50  9.089666486270273E-02  8.469803838042633E-05 80983370	  10      -2.75      -2.50  8.317344081032943E-02  7.676718549578250E-05 80983370	  10      -2.75      -2.50  8.317344081032943E-02  7.676718549578250E-05 80983370	  10      -2.75      -2.50  1.000176963589686E-01  9.434761390844533E-05 80983370	  10      -2.75      -2.50  1.000176963589686E-01  9.434761390844533E-05 80983370	  10      -2.75      -2.50  9.089666486270273E-02  8.469803838042633E-05 80983370
  11      -2.50      -2.25  1.173307656247896E-01  9.355637529167482E-05 101324548	  11      -2.50      -2.25  1.173307656247896E-01  9.355637529167482E-05 101324548	  11      -2.50      -2.25  1.077527264439388E-01  8.503622031421237E-05 101324548	  11      -2.50      -2.25  1.077527264439388E-01  8.503622031421237E-05 101324548	  11      -2.50      -2.25  1.285718350217414E-01  1.038848344792413E-04 101324548	  11      -2.50      -2.25  1.285718350217414E-01  1.038848344792413E-04 101324548	  11      -2.50      -2.25  1.173307656247896E-01  9.355637529167482E-05 101324548
  12      -2.25      -2.00  1.475694159558734E-01  1.031423588011150E-04 123637069	  12      -2.25      -2.00  1.475694159558734E-01  1.031423588011150E-04 123637069	  12      -2.25      -2.00  1.359581078051550E-01  9.390508431465891E-05 123637069	  12      -2.25      -2.00  1.359581078051550E-01  9.390508431465891E-05 123637069	  12      -2.25      -2.00  1.611190494181449E-01  1.143220866456424E-04 123637069	  12      -2.25      -2.00  1.611190494181449E-01  1.143220866456424E-04 123637069	  12      -2.25      -2.00  1.475694159558734E-01  1.031423588011150E-04 123637069
  13      -2.00      -1.75  1.804283062801290E-01  1.107683280619121E-04 147067151	  13      -2.00      -1.75  1.804283062801290E-01  1.107683280619121E-04 147067151	  13      -2.00      -1.75  1.667006792105111E-01  1.010232120783701E-04 147067151	  13      -2.00      -1.75  1.667006792105111E-01  1.010232120783701E-04 147067151	  13      -2.00      -1.75  1.963644137399197E-01  1.225425061593273E-04 147067151	  13      -2.00      -1.75  1.963644137399197E-01  1.225425061593273E-04 147067151	  13      -2.00      -1.75  1.804283062801290E-01  1.107683280619121E-04 147067151
  14      -1.75      -1.50  2.152170896609837E-01  1.184694671136702E-04 170900950	  14      -1.75      -1.50  2.152170896609837E-01  1.184694671136702E-04 170900950	  14      -1.75      -1.50  1.993251824490752E-01  1.081848826501828E-04 170900950	  14      -1.75      -1.50  1.993251824490752E-01  1.081848826501828E-04 170900950	  14      -1.75      -1.50  2.335797155014369E-01  1.308725607956705E-04 170900950	  14      -1.75      -1.50  2.335797155014369E-01  1.308725607956705E-04 170900950	  14      -1.75      -1.50  2.152170896609837E-01  1.184694671136702E-04 170900950
  15      -1.50      -1.25  2.505777974208405E-01  1.250400638789882E-04 194259287	  15      -1.50      -1.25  2.505777974208405E-01  1.250400638789882E-04 194259287	  15      -1.50      -1.25  2.325347946284463E-01  1.142424144082009E-04 194259287	  15      -1.50      -1.25  2.325347946284463E-01  1.142424144082009E-04 194259287	  15      -1.50      -1.25  2.713449934836901E-01  1.380684862914491E-04 194259287	  15      -1.50      -1.25  2.713449934836901E-01  1.380684862914491E-04 194259287	  15      -1.50      -1.25  2.505777974208405E-01  1.250400638789882E-04 194259287
  16      -1.25      -1.00  2.845877565449804E-01  1.303498618113717E-04 216209282	  16      -1.25      -1.00  2.845877565449804E-01  1.303498618113717E-04 216209282	  16      -1.25      -1.00  2.645378515260034E-01  1.192263873665672E-04 216209282	  16      -1.25      -1.00  2.645378515260034E-01  1.192263873665672E-04 216209282	  16      -1.25      -1.00  3.075862633456123E-01  1.437588607974679E-04 216209282	  16      -1.25      -1.00  3.075862633456123E-01  1.437588607974679E-04 216209282	  16      -1.25      -1.00  2.845877565449804E-01  1.303498618113717E-04 216209282
  17      -1.00      -0.75  3.155467834281354E-01  1.351412130381966E-04 235832911	  17      -1.00      -0.75  3.155467834281354E-01  1.351412130381966E-04 235832911	  17      -1.00      -0.75  2.936832933212884E-01  1.236402839624412E-04 235832911	  17      -1.00      -0.75  2.936832933212884E-01  1.236402839624412E-04 235832911	  17      -1.00      -0.75  3.405604222573085E-01  1.490086699917735E-04 235832911	  17      -1.00      -0.75  3.405604222573085E-01  1.490086699917735E-04 235832911	  17      -1.00      -0.75  3.155467834281354E-01  1.351412130381966E-04 235832911
  18      -0.75      -0.50  3.391516045986909E-01  1.385629902165499E-04 250643727	  18      -0.75      -0.50  3.391516045986909E-01  1.385629902165499E-04 250643727	  18      -0.75      -0.50  3.159249844047938E-01  1.268051465057364E-04 250643727	  18      -0.75      -0.50  3.159249844047938E-01  1.268051465057364E-04 250643727	  18      -0.75      -0.50  3.656750923590041E-01  1.527364222947122E-04 250643727	  18      -0.75      -0.50  3.656750923590041E-01  1.527364222947122E-04 250643727	  18      -0.75      -0.50  3.391516045986909E-01  1.385629902165499E-04 250643727
  19      -0.50      -0.25  3.457699534681274E-01  1.376161671179244E-04 253674402	  19      -0.50      -0.25  3.457699534681274E-01  1.376161671179244E-04 253674402	  19      -0.50      -0.25  3.221903156606559E-01  1.260109235757694E-04 253674402	  19      -0.50      -0.25  3.221903156606559E-01  1.260109235757694E-04 253674402	  19      -0.50      -0.25  3.726773254757441E-01  1.515916562714246E-04 253674402	  19      -0.50      -0.25  3.726773254757441E-01  1.515916562714246E-04 253674402	  19      -0.50      -0.25  3.457699534681274E-01  1.376161671179244E-04 253674402
  20      -0.25       0.00  3.393563380378058E-01  1.368993697960239E-04 245101834	  20      -0.25       0.00  3.393563380378058E-01  1.368993697960239E-04 245101834	  20      -0.25       0.00  3.162962801666269E-01  1.253319643956814E-04 245101834	  20      -0.25       0.00  3.162962801666269E-01  1.253319643956814E-04 245101834	  20      -0.25       0.00  3.656548172203956E-01  1.508316966017438E-04 245101834	  20      -0.25       0.00  3.656548172203956E-01  1.508316966017438E-04 245101834	  20      -0.25       0.00  3.393563380378058E-01  1.368993697960239E-04 245101834
  21       0.00       0.25  3.395520502261766E-01  1.373080495500465E-04 244947567	  21       0.00       0.25  3.395520502261766E-01  1.373080495500465E-04 244947567	  21       0.00       0.25  3.164763932112721E-01  1.256829487099529E-04 244947567	  21       0.00       0.25  3.164763932112721E-01  1.256829487099529E-04 244947567	  21       0.00       0.25  3.658690487973505E-01  1.513186374446091E-04 244947567	  21       0.00       0.25  3.658690487973505E-01  1.513186374446091E-04 244947567	  21       0.00       0.25  3.395520502261766E-01  1.373080495500465E-04 244947567
  22       0.25       0.50  3.460231000282729E-01  1.398863711865621E-04 253200556	  22       0.25       0.50  3.460231000282729E-01  1.398863711865621E-04 253200556	  22       0.25       0.50  3.224183475104954E-01  1.278913837903401E-04 253200556	  22       0.25       0.50  3.224183475104954E-01  1.278913837903401E-04 253200556	  22       0.25       0.50  3.729611781075664E-01  1.543934648156671E-04 253200556	  22       0.25       0.50  3.729611781075664E-01  1.543934648156671E-04 253200556	  22       0.25       0.50  3.460231000282729E-01  1.398863711865621E-04 253200556
  23       0.50       0.75  3.391926096901627E-01  1.390656883016711E-04 249821531	  23       0.50       0.75  3.391926096901627E-01  1.390656883016711E-04 249821531	  23       0.50       0.75  3.159552896708462E-01  1.272702239256541E-04 249821531	  23       0.50       0.75  3.159552896708462E-01  1.272702239256541E-04 249821531	  23       0.50       0.75  3.657299645225717E-01  1.532807994064731E-04 249821531	  23       0.50       0.75  3.657299645225717E-01  1.532807994064731E-04 249821531	  23       0.50       0.75  3.391926096901627E-01  1.390656883016711E-04 249821531
  24       0.75       1.00  3.154986638686811E-01  1.360486836975440E-04 234882942	  24       0.75       1.00  3.154986638686811E-01  1.360486836975440E-04 234882942	  24       0.75       1.00  2.936373714049703E-01  1.244364458944253E-04 234882942	  24       0.75       1.00  2.936373714049703E-01  1.244364458944253E-04 234882942	  24       0.75       1.00  3.405093961697774E-01  1.500578397614773E-04 234882942	  24       0.75       1.00  3.405093961697774E-01  1.500578397614773E-04 234882942	  24       0.75       1.00  3.154986638686811E-01  1.360486836975440E-04 234882942
  25       1.00       1.25  2.845873174308478E-01  1.320347947602660E-04 215160056	  25       1.00       1.25  2.845873174308478E-01  1.320347947602660E-04 215160056	  25       1.00       1.25  2.645187177477707E-01  1.206847014310005E-04 215160056	  25       1.00       1.25  2.645187177477707E-01  1.206847014310005E-04 215160056	  25       1.00       1.25  3.076110860509802E-01  1.457283903336727E-04 215160056	  25       1.00       1.25  3.076110860509802E-01  1.457283903336727E-04 215160056	  25       1.00       1.25  2.845873174308478E-01  1.320347947602660E-04 215160056
  26       1.25       1.50  2.506490017709649E-01  1.267252955756287E-04 193177062	  26       1.25       1.50  2.506490017709649E-01  1.267252955756287E-04 193177062	  26       1.25       1.50  2.325954247411638E-01  1.157571686712596E-04 193177062	  26       1.25       1.50  2.325954247411638E-01  1.157571686712596E-04 193177062	  26       1.25       1.50  2.714295558106646E-01  1.399651709062738E-04 193177062	  26       1.25       1.50  2.714295558106646E-01  1.399651709062738E-04 193177062	  26       1.25       1.50  2.506490017709649E-01  1.267252955756287E-04 193177062
  27       1.50       1.75  2.152276642999862E-01  1.198960917488503E-04 169861479	  27       1.50       1.75  2.152276642999862E-01  1.198960917488503E-04 169861479	  27       1.50       1.75  1.993354939097670E-01  1.094105579401177E-04 169861479	  27       1.50       1.75  1.993354939097670E-01  1.094105579401177E-04 169861479	  27       1.50       1.75  2.335907780691814E-01  1.325740946560213E-04 169861479	  27       1.50       1.75  2.335907780691814E-01  1.325740946560213E-04 169861479	  27       1.50       1.75  2.152276642999862E-01  1.198960917488503E-04 169861479
  28       1.75       2.00  1.806126821638843E-01  1.122312403372377E-04 146141294	  28       1.75       2.00  1.806126821638843E-01  1.122312403372377E-04 146141294	  28       1.75       2.00  1.668682532963258E-01  1.023368621053546E-04 146141294	  28       1.75       2.00  1.668682532963258E-01  1.023368621053546E-04 146141294	  28       1.75       2.00  1.965688628139764E-01  1.241878412180209E-04 146141294	  28       1.75       2.00  1.965688628139764E-01  1.241878412180209E-04 146141294	  28       1.75       2.00  1.806126821638843E-01  1.122312403372377E-04 146141294
  29       2.00       2.25  1.475417140312525E-01  1.046138668912065E-04 122797807	  29       2.00       2.25  1.475417140312525E-01  1.046138668912065E-04 122797807	  29       2.00       2.25  1.359311827324709E-01  9.516961981819732E-05 122797807	  29       2.00       2.25  1.359311827324709E-01  9.516961981819732E-05 122797807	  29       2.00       2.25  1.610905827213824E-01  1.160690099401223E-04 122797807	  29       2.00       2.25  1.610905827213824E-01  1.160690099401223E-04 122797807	  29       2.00       2.25  1.475417140312525E-01  1.046138668912065E-04 122797807
  30       2.25       2.50  1.175048864329959E-01  9.533710828679243E-05 100607637	  30       2.25       2.50  1.175048864329959E-01  9.533710828679243E-05 100607637	  30       2.25       2.50  1.079126066598217E-01  8.663216212333068E-05 100607637	  30       2.25       2.50  1.079126066598217E-01  8.663216212333068E-05 100607637	  30       2.25       2.50  1.287625911022517E-01  1.058973638880864E-04 100607637	  30       2.25       2.50  1.287625911022517E-01  1.058973638880864E-04 100607637	  30       2.25       2.50  1.175048864329959E-01  9.533710828679243E-05 100607637
  31       2.50       2.75  9.091686334175220E-02  8.578908871423113E-05 80398749	  31       2.50       2.75  9.091686334175220E-02  8.578908871423113E-05 80398749	  31       2.50       2.75  8.319226171689942E-02  7.776624493249041E-05 80398749	  31       2.50       2.75  8.319226171689942E-02  7.776624493249041E-05 80398749	  31       2.50       2.75  1.000389347698863E-01  9.554512100445042E-05 80398749	  31       2.50       2.75  1.000389347698863E-01  9.554512100445042E-05 80398749	  31       2.50       2.75  9.091686334175220E-02  8.578908871423113E-05 80398749
  32       2.75       3.00  6.874672043226578E-02  7.574708773958970E-05 63121220	  32       2.75       3.00  6.874672043226578E-02  7.574708773958970E-05 63121220	  32       2.75       3.00  6.265410695852057E-02  6.850224114448359E-05 63121220	  32       2.75       3.00  6.265410695852057E-02  6.850224114448359E-05 63121220	  32       2.75       3.00  7.598968938984348E-02  8.458211359496298E-05 63121220	  32       2.75       3.00  7.598968938984348E-02  8.458211359496298E-05 63121220	  32       2.75       3.00  6.874672043226578E-02  7.574708773958970E-05 63121220
  33       3.00       3.25  5.076633600872536E-02  6.603740612724363E-05 48784136	  33       3.00       3.25  5.076633600872536E-02  6.603740612724363E-05 48784136	  33       3.00       3.25  4.606779397639738E-02  5.951517242833803E-05 48784136	  33       3.00       3.25  4.606779397639738E-02  5.951517242833803E-05 48784136	  33       3.00       3.25  5.639055103835941E-02  7.402566472508133E-05 48784136	  33       3.00       3.25  5.639055103835941E-02  7.402566472508133E-05 48784136	  33       3.00       3.25  5.076633600872536E-02  6.603740612724363E-05 48784136
  34       3.25       3.50  3.657533574347632E-02  5.588847323322214E-05 37082379	  34       3.25       3.50  3.657533574347632E-02  5.588847323322214E-05 37082379	  34       3.25       3.50  3.303951497609988E-02  5.019109297629865E-05 37082379	  34       3.25       3.50  3.303951497609988E-02  5.019109297629865E-05 37082379	  34       3.25       3.50  4.083741522000122E-02  6.289613131797250E-05 37082379	  34       3.25       3.50  4.083741522000122E-02  6.289613131797250E-05 37082379	  34       3.25       3.50  3.657533574347632E-02  5.588847323322214E-05 37082379
  35       3.50       3.75  2.577626804134262E-02  4.748948296696162E-05 27693126	  35       3.50       3.75  2.577626804134262E-02  4.748948296696162E-05 27693126	  35       3.50       3.75  2.317193985314207E-02  4.251912250193215E-05 27693126	  35       3.50       3.75  2.317193985314207E-02  4.251912250193215E-05 27693126	  35       3.50       3.75  2.893834986901882E-02  5.362376152926369E-05 27693126	  35       3.50       3.75  2.893834986901882E-02  5.362376152926369E-05 27693126	  35       3.50       3.75  2.577626804134262E-02  4.748948296696162E-05 27693126
  36       3.75       4.00  1.755897139766555E-02  3.943990431573785E-05 20308049	  36       3.75       4.00  1.755897139766555E-02  3.943990431573785E-05 20308049	  36       3.75       4.00  1.570303700767547E-02  3.514358069794442E-05 20308049	  36       3.75       4.00  1.570303700767547E-02  3.514358069794442E-05 20308049	  36       3.75       4.00  1.982946800176979E-02  4.477643546462080E-05 20308049	  36       3.75       4.00  1.982946800176979E-02  4.477643546462080E-05 20308049	  36       3.75       4.00  1.755897139766555E-02  3.943990431573785E-05 20308049
  37       4.00       4.25  1.170811688389217E-02  3.092173068416431E-05 14612803	  37       4.00       4.25  1.170811688389217E-02  3.092173068416431E-05 14612803	  37       4.00       4.25  1.041602101036955E-02  2.747596249736708E-05 14612803	  37       4.00       4.25  1.041602101036955E-02  2.747596249736708E-05 14612803	  37       4.00       4.25  1.330061083470753E-02  3.521673147994858E-05 14612803	  37       4.00       4.25  1.330061083470753E-02  3.521673147994858E-05 14612803	  37       4.00       4.25  1.170811688389217E-02  3.092173068416431E-05 14612803
  38       4.25       4.50  7.536438359868418E-03  2.440819170656273E-05 10301091	  38       4.25       4.50  7.536438359868418E-03  2.440819170656273E-05 10301091	  38       4.25       4.50  6.666899220100420E-03  2.159285190115143E-05 10301091	  38       4.25       4.50  6.666899220100420E-03  2.159285190115143E-05 10301091	  38       4.25       4.50  8.616499064458405E-03  2.793492659314126E-05 10301091	  38       4.25       4.50  8.616499064458405E-03  2.793492659314126E-05 10301091	  38       4.25       4.50  7.536438359868418E-03  2.440819170656273E-05 10301091
  39       4.50       4.75  4.684871430117981E-03  1.831140138185557E-05 7105825	  39       4.50       4.75  4.684871430117981E-03  1.831140138185557E-05 7105825	  39       4.50       4.75  4.119667474728896E-03  1.612838229971080E-05 7105825	  39       4.50       4.75  4.119667474728896E-03  1.612838229971080E-05 7105825	  39       4.50       4.75  5.392633967524541E-03  2.106213040804516E-05 7105825	  39       4.50       4.75  5.392633967524541E-03  2.106213040804516E-05 7105825	  39       4.50       4.75  4.684871430117981E-03  1.831140138185557E-05 7105825
  40       4.75       5.00  2.830080754059585E-03  1.378597442633873E-05 4784371	  40       4.75       5.00  2.830080754059585E-03  1.378597442633873E-05 4784371	  40       4.75       5.00  2.474274005058071E-03  1.208640218847354E-05 4784371	  40       4.75       5.00  2.474274005058071E-03  1.208640218847354E-05 4784371	  40       4.75       5.00  3.279127301751079E-03  1.594016384998801E-05 4784371	  40       4.75       5.00  3.279127301751079E-03  1.594016384998801E-05 4784371	  40       4.75       5.00  2.830080754059585E-03  1.378597442633873E-05 4784371
# Underflow:                 1.9015674015131109E-04  1.1355331771913580E-06 841517
# Overflow:                  1.9229504660674615E-04  1.1741558866577467E-06 832368
#-------------------------------------------------------------------------------------	#-------------------------------------------------------------------------------------	#-------------------------------------------------------------------------------------	#-------------------------------------------------------------------------------------	#-------------------------------------------------------------------------------------	#-------------------------------------------------------------------------------------	#-------------------------------------------------------------------------------------
# Sum:                       1.3169060832227639E-01  2.1861229787329762E-05 451479000
#=====================================================================================	#=====================================================================================	#=====================================================================================	#=====================================================================================	#=====================================================================================	#=====================================================================================	#=====================================================================================
