# title = Rapidity Positron
# xlabel = $y_{\text{e}^+}$
# ylabel = $\frac{\text{d}\sigma}{\text{d}y_{\text{e}^+}}\,[\text{fb}]$
# xmin= -2.500E+00
# xmax=  2.500E+00
# ymin=  1.000E-04
# ymax=  6.000E-01
# kmin= -2.000E+01
# kmax=  1.000E+01
# logscale = false
# Renormalization and factorization scale scaled by: 1.0000000000
# Renormalization scaled by: 1.0000000000
# Number of generated events: 6937080
#	#	#	#	#	#	#
#=====================================================================================	#=====================================================================================	#=====================================================================================	#=====================================================================================	#=====================================================================================	#=====================================================================================	#=====================================================================================
# No.       Left      Right                   Value                   Error Hits
#-------------------------------------------------------------------------------------	#-------------------------------------------------------------------------------------	#-------------------------------------------------------------------------------------	#-------------------------------------------------------------------------------------	#-------------------------------------------------------------------------------------	#-------------------------------------------------------------------------------------	#-------------------------------------------------------------------------------------
   1      -5.00      -4.90  0.000000000000000E+00  0.000000000000000E+00 0	   1      -5.00      -4.90  0.000000000000000E+00  0.000000000000000E+00 0	   1      -5.00      -4.90  0.000000000000000E+00  0.000000000000000E+00 0	   1      -5.00      -4.90  0.000000000000000E+00  0.000000000000000E+00 0	   1      -5.00      -4.90  0.000000000000000E+00  0.000000000000000E+00 0	   1      -5.00      -4.90  0.000000000000000E+00  0.000000000000000E+00 0	   1      -5.00      -4.90  0.000000000000000E+00  0.000000000000000E+00 0
   2      -4.90      -4.80  0.000000000000000E+00  0.000000000000000E+00 0	   2      -4.90      -4.80  0.000000000000000E+00  0.000000000000000E+00 0	   2      -4.90      -4.80  0.000000000000000E+00  0.000000000000000E+00 0	   2      -4.90      -4.80  0.000000000000000E+00  0.000000000000000E+00 0	   2      -4.90      -4.80  0.000000000000000E+00  0.000000000000000E+00 0	   2      -4.90      -4.80  0.000000000000000E+00  0.000000000000000E+00 0	   2      -4.90      -4.80  0.000000000000000E+00  0.000000000000000E+00 0
   3      -4.80      -4.70  0.000000000000000E+00  0.000000000000000E+00 0	   3      -4.80      -4.70  0.000000000000000E+00  0.000000000000000E+00 0	   3      -4.80      -4.70  0.000000000000000E+00  0.000000000000000E+00 0	   3      -4.80      -4.70  0.000000000000000E+00  0.000000000000000E+00 0	   3      -4.80      -4.70  0.000000000000000E+00  0.000000000000000E+00 0	   3      -4.80      -4.70  0.000000000000000E+00  0.000000000000000E+00 0	   3      -4.80      -4.70  0.000000000000000E+00  0.000000000000000E+00 0
   4      -4.70      -4.60  0.000000000000000E+00  0.000000000000000E+00 0	   4      -4.70      -4.60  0.000000000000000E+00  0.000000000000000E+00 0	   4      -4.70      -4.60  0.000000000000000E+00  0.000000000000000E+00 0	   4      -4.70      -4.60  0.000000000000000E+00  0.000000000000000E+00 0	   4      -4.70      -4.60  0.000000000000000E+00  0.000000000000000E+00 0	   4      -4.70      -4.60  0.000000000000000E+00  0.000000000000000E+00 0	   4      -4.70      -4.60  0.000000000000000E+00  0.000000000000000E+00 0
   5      -4.60      -4.50  0.000000000000000E+00  0.000000000000000E+00 0	   5      -4.60      -4.50  0.000000000000000E+00  0.000000000000000E+00 0	   5      -4.60      -4.50  0.000000000000000E+00  0.000000000000000E+00 0	   5      -4.60      -4.50  0.000000000000000E+00  0.000000000000000E+00 0	   5      -4.60      -4.50  0.000000000000000E+00  0.000000000000000E+00 0	   5      -4.60      -4.50  0.000000000000000E+00  0.000000000000000E+00 0	   5      -4.60      -4.50  0.000000000000000E+00  0.000000000000000E+00 0
   6      -4.50      -4.40  0.000000000000000E+00  0.000000000000000E+00 0	   6      -4.50      -4.40  0.000000000000000E+00  0.000000000000000E+00 0	   6      -4.50      -4.40  0.000000000000000E+00  0.000000000000000E+00 0	   6      -4.50      -4.40  0.000000000000000E+00  0.000000000000000E+00 0	   6      -4.50      -4.40  0.000000000000000E+00  0.000000000000000E+00 0	   6      -4.50      -4.40  0.000000000000000E+00  0.000000000000000E+00 0	   6      -4.50      -4.40  0.000000000000000E+00  0.000000000000000E+00 0
   7      -4.40      -4.30  0.000000000000000E+00  0.000000000000000E+00 0	   7      -4.40      -4.30  0.000000000000000E+00  0.000000000000000E+00 0	   7      -4.40      -4.30  0.000000000000000E+00  0.000000000000000E+00 0	   7      -4.40      -4.30  0.000000000000000E+00  0.000000000000000E+00 0	   7      -4.40      -4.30  0.000000000000000E+00  0.000000000000000E+00 0	   7      -4.40      -4.30  0.000000000000000E+00  0.000000000000000E+00 0	   7      -4.40      -4.30  0.000000000000000E+00  0.000000000000000E+00 0
   8      -4.30      -4.20  0.000000000000000E+00  0.000000000000000E+00 0	   8      -4.30      -4.20  0.000000000000000E+00  0.000000000000000E+00 0	   8      -4.30      -4.20  0.000000000000000E+00  0.000000000000000E+00 0	   8      -4.30      -4.20  0.000000000000000E+00  0.000000000000000E+00 0	   8      -4.30      -4.20  0.000000000000000E+00  0.000000000000000E+00 0	   8      -4.30      -4.20  0.000000000000000E+00  0.000000000000000E+00 0	   8      -4.30      -4.20  0.000000000000000E+00  0.000000000000000E+00 0
   9      -4.20      -4.10  0.000000000000000E+00  0.000000000000000E+00 0	   9      -4.20      -4.10  0.000000000000000E+00  0.000000000000000E+00 0	   9      -4.20      -4.10  0.000000000000000E+00  0.000000000000000E+00 0	   9      -4.20      -4.10  0.000000000000000E+00  0.000000000000000E+00 0	   9      -4.20      -4.10  0.000000000000000E+00  0.000000000000000E+00 0	   9      -4.20      -4.10  0.000000000000000E+00  0.000000000000000E+00 0	   9      -4.20      -4.10  0.000000000000000E+00  0.000000000000000E+00 0
  10      -4.10      -4.00  0.000000000000000E+00  0.000000000000000E+00 0	  10      -4.10      -4.00  0.000000000000000E+00  0.000000000000000E+00 0	  10      -4.10      -4.00  0.000000000000000E+00  0.000000000000000E+00 0	  10      -4.10      -4.00  0.000000000000000E+00  0.000000000000000E+00 0	  10      -4.10      -4.00  0.000000000000000E+00  0.000000000000000E+00 0	  10      -4.10      -4.00  0.000000000000000E+00  0.000000000000000E+00 0	  10      -4.10      -4.00  0.000000000000000E+00  0.000000000000000E+00 0
  11      -4.00      -3.90  5.623219483546903E-05  1.318400200863748E-05 351871	  11      -4.00      -3.90  5.623219483546903E-05  1.318400200863748E-05 351871	  11      -4.00      -3.90  5.103379690343128E-05  1.199484803897656E-05 351871	  11      -4.00      -3.90  5.103379690343128E-05  1.199484803897656E-05 351871	  11      -4.00      -3.90  6.233124230328956E-05  1.460282531261119E-05 351871	  11      -4.00      -3.90  6.233124230328956E-05  1.460282531261119E-05 351871	  11      -4.00      -3.90  5.623219483546903E-05  1.318400200863748E-05 351871
  12      -3.90      -3.80  3.485331349999637E-04  9.143210566015502E-05 1192302	  12      -3.90      -3.80  3.485331349999637E-04  9.143210566015502E-05 1192302	  12      -3.90      -3.80  3.128021962687015E-04  8.138863613313072E-05 1192302	  12      -3.90      -3.80  3.128021962687015E-04  8.138863613313072E-05 1192302	  12      -3.90      -3.80  3.915567121726479E-04  1.037736793169142E-04 1192302	  12      -3.90      -3.80  3.915567121726479E-04  1.037736793169142E-04 1192302	  12      -3.90      -3.80  3.485331349999637E-04  9.143210566015502E-05 1192302
  13      -3.80      -3.70  8.339126672663446E-04  1.390679530550456E-04 2307594	  13      -3.80      -3.70  8.339126672663446E-04  1.390679530550456E-04 2307594	  13      -3.80      -3.70  7.419558909838105E-04  1.233338278537204E-04 2307594	  13      -3.80      -3.70  7.419558909838105E-04  1.233338278537204E-04 2307594	  13      -3.80      -3.70  9.467205084829737E-04  1.586363012625268E-04 2307594	  13      -3.80      -3.70  9.467205084829737E-04  1.586363012625268E-04 2307594	  13      -3.80      -3.70  8.339126672663446E-04  1.390679530550456E-04 2307594
  14      -3.70      -3.60  1.387594360031084E-03  2.472144897214848E-04 3752990	  14      -3.70      -3.60  1.387594360031084E-03  2.472144897214848E-04 3752990	  14      -3.70      -3.60  1.249098474673261E-03  2.166673892595377E-04 3752990	  14      -3.70      -3.60  1.249098474673261E-03  2.166673892595377E-04 3752990	  14      -3.70      -3.60  1.554454817920755E-03  2.859432735870226E-04 3752990	  14      -3.70      -3.60  1.554454817920755E-03  2.859432735870226E-04 3752990	  14      -3.70      -3.60  1.387594360031084E-03  2.472144897214848E-04 3752990
  15      -3.60      -3.50  2.432593540749630E-03  2.459835102315742E-04 5533676	  15      -3.60      -3.50  2.432593540749630E-03  2.459835102315742E-04 5533676	  15      -3.60      -3.50  2.182331304550242E-03  2.171067017643582E-04 5533676	  15      -3.60      -3.50  2.182331304550242E-03  2.171067017643582E-04 5533676	  15      -3.60      -3.50  2.736767079824248E-03  2.826414742950534E-04 5533676	  15      -3.60      -3.50  2.736767079824248E-03  2.826414742950534E-04 5533676	  15      -3.60      -3.50  2.432593540749630E-03  2.459835102315742E-04 5533676
  16      -3.50      -3.40  3.698995645552137E-03  2.622491882521629E-04 7678456	  16      -3.50      -3.40  3.698995645552137E-03  2.622491882521629E-04 7678456	  16      -3.50      -3.40  3.342990133732946E-03  2.338431890890491E-04 7678456	  16      -3.50      -3.40  3.342990133732946E-03  2.338431890890491E-04 7678456	  16      -3.50      -3.40  4.125663696470239E-03  2.974694370576455E-04 7678456	  16      -3.50      -3.40  4.125663696470239E-03  2.974694370576455E-04 7678456	  16      -3.50      -3.40  3.698995645552137E-03  2.622491882521629E-04 7678456
  17      -3.40      -3.30  5.886107853847559E-03  5.765992521302232E-04 10202913	  17      -3.40      -3.30  5.886107853847559E-03  5.765992521302232E-04 10202913	  17      -3.40      -3.30  5.327933026173552E-03  5.135039447111786E-04 10202913	  17      -3.40      -3.30  5.327933026173552E-03  5.135039447111786E-04 10202913	  17      -3.40      -3.30  6.554775499336464E-03  6.563320051593207E-04 10202913	  17      -3.40      -3.30  6.554775499336464E-03  6.563320051593207E-04 10202913	  17      -3.40      -3.30  5.886107853847559E-03  5.765992521302232E-04 10202913
  18      -3.30      -3.20  7.753060963003890E-03  4.691201798584927E-04 13115657	  18      -3.30      -3.20  7.753060963003890E-03  4.691201798584927E-04 13115657	  18      -3.30      -3.20  7.043552692745189E-03  4.174552460542730E-04 13115657	  18      -3.30      -3.20  7.043552692745189E-03  4.174552460542730E-04 13115657	  18      -3.30      -3.20  8.596806764739272E-03  5.336323551474826E-04 13115657	  18      -3.30      -3.20  8.596806764739272E-03  5.336323551474826E-04 13115657	  18      -3.30      -3.20  7.753060963003890E-03  4.691201798584927E-04 13115657
  19      -3.20      -3.10  1.204798058529056E-02  8.280222818068601E-04 16422249	  19      -3.20      -3.10  1.204798058529056E-02  8.280222818068601E-04 16422249	  19      -3.20      -3.10  1.099137141980260E-02  7.421116771927487E-04 16422249	  19      -3.20      -3.10  1.099137141980260E-02  7.421116771927487E-04 16422249	  19      -3.20      -3.10  1.329461051274338E-02  9.349469058408212E-04 16422249	  19      -3.20      -3.10  1.329461051274338E-02  9.349469058408212E-04 16422249	  19      -3.20      -3.10  1.204798058529056E-02  8.280222818068601E-04 16422249
  20      -3.10      -3.00  1.695509145440666E-02  1.223220525631280E-03 20149808	  20      -3.10      -3.00  1.695509145440666E-02  1.223220525631280E-03 20149808	  20      -3.10      -3.00  1.543373216123344E-02  1.096495311276980E-03 20149808	  20      -3.10      -3.00  1.543373216123344E-02  1.096495311276980E-03 20149808	  20      -3.10      -3.00  1.875857316262354E-02  1.378123231607761E-03 20149808	  20      -3.10      -3.00  1.875857316262354E-02  1.378123231607761E-03 20149808	  20      -3.10      -3.00  1.695509145440666E-02  1.223220525631280E-03 20149808
  21      -3.00      -2.90  1.818498165895698E-02  1.107831958336987E-03 24273158	  21      -3.00      -2.90  1.818498165895698E-02  1.107831958336987E-03 24273158	  21      -3.00      -2.90  1.657050505595765E-02  9.771612174251257E-04 24273158	  21      -3.00      -2.90  1.657050505595765E-02  9.771612174251257E-04 24273158	  21      -3.00      -2.90  2.010683969744485E-02  1.273724238887927E-03 24273158	  21      -3.00      -2.90  2.010683969744485E-02  1.273724238887927E-03 24273158	  21      -3.00      -2.90  1.818498165895698E-02  1.107831958336987E-03 24273158
  22      -2.90      -2.80  2.981076762781826E-02  1.993585334022636E-03 28797654	  22      -2.90      -2.80  2.981076762781826E-02  1.993585334022636E-03 28797654	  22      -2.90      -2.80  2.714103248541050E-02  1.783622438817907E-03 28797654	  22      -2.90      -2.80  2.714103248541050E-02  1.783622438817907E-03 28797654	  22      -2.90      -2.80  3.298358829439530E-02  2.252640273536186E-03 28797654	  22      -2.90      -2.80  3.298358829439530E-02  2.252640273536186E-03 28797654	  22      -2.90      -2.80  2.981076762781826E-02  1.993585334022636E-03 28797654
  23      -2.80      -2.70  3.634981724008033E-02  2.737807145501142E-03 33723046	  23      -2.80      -2.70  3.634981724008033E-02  2.737807145501142E-03 33723046	  23      -2.80      -2.70  3.315729647693506E-02  2.446863109603997E-03 33723046	  23      -2.80      -2.70  3.315729647693506E-02  2.446863109603997E-03 33723046	  23      -2.80      -2.70  4.014460467893510E-02  3.095884845293108E-03 33723046	  23      -2.80      -2.70  4.014460467893510E-02  3.095884845293108E-03 33723046	  23      -2.80      -2.70  3.634981724008033E-02  2.737807145501142E-03 33723046
  24      -2.70      -2.60  4.425899261689019E-02  2.458503214160382E-03 39046158	  24      -2.70      -2.60  4.425899261689019E-02  2.458503214160382E-03 39046158	  24      -2.70      -2.60  4.050062577887285E-02  2.191454993465949E-03 39046158	  24      -2.70      -2.60  4.050062577887285E-02  2.191454993465949E-03 39046158	  24      -2.70      -2.60  4.869308069516374E-02  2.790156243660108E-03 39046158	  24      -2.70      -2.60  4.869308069516374E-02  2.790156243660108E-03 39046158	  24      -2.70      -2.60  4.425899261689019E-02  2.458503214160382E-03 39046158
  25      -2.60      -2.50  5.416367017652945E-02  3.975936108711952E-03 44711666	  25      -2.60      -2.50  5.416367017652945E-02  3.975936108711952E-03 44711666	  25      -2.60      -2.50  4.959269475103893E-02  3.559656658507590E-03 44711666	  25      -2.60      -2.50  4.959269475103893E-02  3.559656658507590E-03 44711666	  25      -2.60      -2.50  5.956301322878883E-02  4.491723297364428E-03 44711666	  25      -2.60      -2.50  5.956301322878883E-02  4.491723297364428E-03 44711666	  25      -2.60      -2.50  5.416367017652945E-02  3.975936108711952E-03 44711666
  26      -2.50      -2.40  6.568463045776567E-02  3.085114865764912E-03 50744612	  26      -2.50      -2.40  6.568463045776567E-02  3.085114865764912E-03 50744612	  26      -2.50      -2.40  6.007100755345011E-02  2.739569715826742E-03 50744612	  26      -2.50      -2.40  6.007100755345011E-02  2.739569715826742E-03 50744612	  26      -2.50      -2.40  7.233857418725798E-02  3.518161081078982E-03 50744612	  26      -2.50      -2.40  7.233857418725798E-02  3.518161081078982E-03 50744612	  26      -2.50      -2.40  6.568463045776567E-02  3.085114865764912E-03 50744612
  27      -2.40      -2.30  7.897328247910111E-02  3.558233965103801E-03 57093654	  27      -2.40      -2.30  7.897328247910111E-02  3.558233965103801E-03 57093654	  27      -2.40      -2.30  7.264954212003152E-02  3.215763415556528E-03 57093654	  27      -2.40      -2.30  7.264954212003152E-02  3.215763415556528E-03 57093654	  27      -2.40      -2.30  8.638540647106135E-02  3.978764312855701E-03 57093654	  27      -2.40      -2.30  8.638540647106135E-02  3.978764312855701E-03 57093654	  27      -2.40      -2.30  7.897328247910111E-02  3.558233965103801E-03 57093654
  28      -2.30      -2.20  9.329136854720706E-02  3.957419113014568E-03 63734593	  28      -2.30      -2.20  9.329136854720706E-02  3.957419113014568E-03 63734593	  28      -2.30      -2.20  8.587007996954417E-02  3.578267888623583E-03 63734593	  28      -2.30      -2.20  8.587007996954417E-02  3.578267888623583E-03 63734593	  28      -2.30      -2.20  1.019819144956329E-01  4.421091895948195E-03 63734593	  28      -2.30      -2.20  1.019819144956329E-01  4.421091895948195E-03 63734593	  28      -2.30      -2.20  9.329136854720706E-02  3.957419113014568E-03 63734593
  29      -2.20      -2.10  1.016899544578066E-01  5.129638708108257E-03 70614657	  29      -2.20      -2.10  1.016899544578066E-01  5.129638708108257E-03 70614657	  29      -2.20      -2.10  9.384667496672554E-02  4.610549342116627E-03 70614657	  29      -2.20      -2.10  9.384667496672554E-02  4.610549342116627E-03 70614657	  29      -2.20      -2.10  1.108296439634132E-01  5.765558622975260E-03 70614657	  29      -2.20      -2.10  1.108296439634132E-01  5.765558622975260E-03 70614657	  29      -2.20      -2.10  1.016899544578066E-01  5.129638708108257E-03 70614657
  30      -2.10      -2.00  1.241610344859604E-01  6.041248026248417E-03 77734380	  30      -2.10      -2.00  1.241610344859604E-01  6.041248026248417E-03 77734380	  30      -2.10      -2.00  1.142642205336279E-01  5.383744675355491E-03 77734380	  30      -2.10      -2.00  1.142642205336279E-01  5.383744675355491E-03 77734380	  30      -2.10      -2.00  1.357719538734714E-01  6.856289521733778E-03 77734380	  30      -2.10      -2.00  1.357719538734714E-01  6.856289521733778E-03 77734380	  30      -2.10      -2.00  1.241610344859604E-01  6.041248026248417E-03 77734380
  31      -2.00      -1.90  1.247883549263382E-01  4.848713738744257E-03 85021019	  31      -2.00      -1.90  1.247883549263382E-01  4.848713738744257E-03 85021019	  31      -2.00      -1.90  1.155243701498609E-01  4.403948882840679E-03 85021019	  31      -2.00      -1.90  1.155243701498609E-01  4.403948882840679E-03 85021019	  31      -2.00      -1.90  1.355500085420114E-01  5.389995075288861E-03 85021019	  31      -2.00      -1.90  1.355500085420114E-01  5.389995075288861E-03 85021019	  31      -2.00      -1.90  1.247883549263382E-01  4.848713738744257E-03 85021019
  32      -1.90      -1.80  1.444718542582456E-01  4.825962981643069E-03 92448619	  32      -1.90      -1.80  1.444718542582456E-01  4.825962981643069E-03 92448619	  32      -1.90      -1.80  1.337912162028710E-01  4.364779969950671E-03 92448619	  32      -1.90      -1.80  1.337912162028710E-01  4.364779969950671E-03 92448619	  32      -1.90      -1.80  1.568447631885982E-01  5.385702204382194E-03 92448619	  32      -1.90      -1.80  1.568447631885982E-01  5.385702204382194E-03 92448619	  32      -1.90      -1.80  1.444718542582456E-01  4.825962981643069E-03 92448619
  33      -1.80      -1.70  1.760113685185200E-01  1.102964818966119E-02 99933259	  33      -1.80      -1.70  1.760113685185200E-01  1.102964818966119E-02 99933259	  33      -1.80      -1.70  1.630011553581965E-01  9.993567265260976E-03 99933259	  33      -1.80      -1.70  1.630011553581965E-01  9.993567265260976E-03 99933259	  33      -1.80      -1.70  1.910759581271390E-01  1.228374103363100E-02 99933259	  33      -1.80      -1.70  1.910759581271390E-01  1.228374103363100E-02 99933259	  33      -1.80      -1.70  1.760113685185200E-01  1.102964818966119E-02 99933259
  34      -1.70      -1.60  1.815388788101016E-01  5.967736529204453E-03 107486016	  34      -1.70      -1.60  1.815388788101016E-01  5.967736529204453E-03 107486016	  34      -1.70      -1.60  1.684469073973648E-01  5.428116253752891E-03 107486016	  34      -1.70      -1.60  1.684469073973648E-01  5.428116253752891E-03 107486016	  34      -1.70      -1.60  1.966492699473527E-01  6.621310307650467E-03 107486016	  34      -1.70      -1.60  1.966492699473527E-01  6.621310307650467E-03 107486016	  34      -1.70      -1.60  1.815388788101016E-01  5.967736529204453E-03 107486016
  35      -1.60      -1.50  2.032381444509646E-01  7.288016965654879E-03 114985949	  35      -1.60      -1.50  2.032381444509646E-01  7.288016965654879E-03 114985949	  35      -1.60      -1.50  1.886290838911408E-01  6.609522754542361E-03 114985949	  35      -1.60      -1.50  1.886290838911408E-01  6.609522754542361E-03 114985949	  35      -1.60      -1.50  2.200834899231338E-01  8.109980755179021E-03 114985949	  35      -1.60      -1.50  2.200834899231338E-01  8.109980755179021E-03 114985949	  35      -1.60      -1.50  2.032381444509646E-01  7.288016965654879E-03 114985949
  36      -1.50      -1.40  2.194820356722233E-01  6.783045627781027E-03 122413700	  36      -1.50      -1.40  2.194820356722233E-01  6.783045627781027E-03 122413700	  36      -1.50      -1.40  2.039959776435935E-01  6.146012204053765E-03 122413700	  36      -1.50      -1.40  2.039959776435935E-01  6.146012204053765E-03 122413700	  36      -1.50      -1.40  2.373316250810568E-01  7.558620997961520E-03 122413700	  36      -1.50      -1.40  2.373316250810568E-01  7.558620997961520E-03 122413700	  36      -1.50      -1.40  2.194820356722233E-01  6.783045627781027E-03 122413700
  37      -1.40      -1.30  2.393360914783580E-01  1.113729577081775E-02 129751123	  37      -1.40      -1.30  2.393360914783580E-01  1.113729577081775E-02 129751123	  37      -1.40      -1.30  2.221614316886292E-01  1.009245278250187E-02 129751123	  37      -1.40      -1.30  2.221614316886292E-01  1.009245278250187E-02 129751123	  37      -1.40      -1.30  2.591704768603668E-01  1.239306324153769E-02 129751123	  37      -1.40      -1.30  2.591704768603668E-01  1.239306324153769E-02 129751123	  37      -1.40      -1.30  2.393360914783580E-01  1.113729577081775E-02 129751123
  38      -1.30      -1.20  2.374130616687833E-01  5.857016530042581E-03 136801206	  38      -1.30      -1.20  2.374130616687833E-01  5.857016530042581E-03 136801206	  38      -1.30      -1.20  2.213837648401796E-01  5.335608832307264E-03 136801206	  38      -1.30      -1.20  2.213837648401796E-01  5.335608832307264E-03 136801206	  38      -1.30      -1.20  2.557693083805191E-01  6.490972832147528E-03 136801206	  38      -1.30      -1.20  2.557693083805191E-01  6.490972832147528E-03 136801206	  38      -1.30      -1.20  2.374130616687833E-01  5.857016530042581E-03 136801206
  39      -1.20      -1.10  2.581784193292299E-01  5.998337142073028E-03 143637384	  39      -1.20      -1.10  2.581784193292299E-01  5.998337142073028E-03 143637384	  39      -1.20      -1.10  2.404827929004777E-01  5.499967135701045E-03 143637384	  39      -1.20      -1.10  2.404827929004777E-01  5.499967135701045E-03 143637384	  39      -1.20      -1.10  2.784779433026978E-01  6.593943414278982E-03 143637384	  39      -1.20      -1.10  2.784779433026978E-01  6.593943414278982E-03 143637384	  39      -1.20      -1.10  2.581784193292299E-01  5.998337142073028E-03 143637384
  40      -1.10      -1.00  2.758125215783669E-01  6.555678281214936E-03 150111893	  40      -1.10      -1.00  2.758125215783669E-01  6.555678281214936E-03 150111893	  40      -1.10      -1.00  2.565950837981180E-01  5.948453054835955E-03 150111893	  40      -1.10      -1.00  2.565950837981180E-01  5.948453054835955E-03 150111893	  40      -1.10      -1.00  2.979886454912468E-01  7.302649810327044E-03 150111893	  40      -1.10      -1.00  2.979886454912468E-01  7.302649810327044E-03 150111893	  40      -1.10      -1.00  2.758125215783669E-01  6.555678281214936E-03 150111893
  41      -1.00      -0.90  2.937556390335043E-01  8.165432778867474E-03 156193747	  41      -1.00      -0.90  2.937556390335043E-01  8.165432778867474E-03 156193747	  41      -1.00      -0.90  2.740911079112051E-01  7.514979365403301E-03 156193747	  41      -1.00      -0.90  2.740911079112051E-01  7.514979365403301E-03 156193747	  41      -1.00      -0.90  3.162439085559051E-01  8.937181371359003E-03 156193747	  41      -1.00      -0.90  3.162439085559051E-01  8.937181371359003E-03 156193747	  41      -1.00      -0.90  2.937556390335043E-01  8.165432778867474E-03 156193747
  42      -0.90      -0.80  3.015578884824222E-01  7.891866597348749E-03 161859755	  42      -0.90      -0.80  3.015578884824222E-01  7.891866597348749E-03 161859755	  42      -0.90      -0.80  2.810024173294040E-01  7.229382670627279E-03 161859755	  42      -0.90      -0.80  2.810024173294040E-01  7.229382670627279E-03 161859755	  42      -0.90      -0.80  3.251503803367030E-01  8.682001372552685E-03 161859755	  42      -0.90      -0.80  3.251503803367030E-01  8.682001372552685E-03 161859755	  42      -0.90      -0.80  3.015578884824222E-01  7.891866597348749E-03 161859755
  43      -0.80      -0.70  3.047885950399879E-01  6.806294496145392E-03 167018023	  43      -0.80      -0.70  3.047885950399879E-01  6.806294496145392E-03 167018023	  43      -0.80      -0.70  2.842970183607996E-01  6.209831133265688E-03 167018023	  43      -0.80      -0.70  2.842970183607996E-01  6.209831133265688E-03 167018023	  43      -0.80      -0.70  3.282939410405348E-01  7.526832815050901E-03 167018023	  43      -0.80      -0.70  3.282939410405348E-01  7.526832815050901E-03 167018023	  43      -0.80      -0.70  3.047885950399879E-01  6.806294496145392E-03 167018023
  44      -0.70      -0.60  3.209462812923976E-01  6.366093989637931E-03 171657928	  44      -0.70      -0.60  3.209462812923976E-01  6.366093989637931E-03 171657928	  44      -0.70      -0.60  2.993962241953130E-01  5.838724080079289E-03 171657928	  44      -0.70      -0.60  2.993962241953130E-01  5.838724080079289E-03 171657928	  44      -0.70      -0.60  3.456495593496626E-01  6.997790305446180E-03 171657928	  44      -0.70      -0.60  3.456495593496626E-01  6.997790305446180E-03 171657928	  44      -0.70      -0.60  3.209462812923976E-01  6.366093989637931E-03 171657928
  45      -0.60      -0.50  3.385480023843090E-01  6.990029859748923E-03 175687319	  45      -0.60      -0.50  3.385480023843090E-01  6.990029859748923E-03 175687319	  45      -0.60      -0.50  3.156350705299266E-01  6.390824100037796E-03 175687319	  45      -0.60      -0.50  3.156350705299266E-01  6.390824100037796E-03 175687319	  45      -0.60      -0.50  3.648143274211393E-01  7.706617205517407E-03 175687319	  45      -0.60      -0.50  3.648143274211393E-01  7.706617205517407E-03 175687319	  45      -0.60      -0.50  3.385480023843090E-01  6.990029859748923E-03 175687319
  46      -0.50      -0.40  3.462908285490447E-01  8.395224086474530E-03 179152782	  46      -0.50      -0.40  3.462908285490447E-01  8.395224086474530E-03 179152782	  46      -0.50      -0.40  3.231270196922733E-01  7.671278596367286E-03 179152782	  46      -0.50      -0.40  3.231270196922733E-01  7.671278596367286E-03 179152782	  46      -0.50      -0.40  3.728591785058288E-01  9.265781100927921E-03 179152782	  46      -0.50      -0.40  3.728591785058288E-01  9.265781100927921E-03 179152782	  46      -0.50      -0.40  3.462908285490447E-01  8.395224086474530E-03 179152782
  47      -0.40      -0.30  3.391332472633276E-01  7.542798630581941E-03 181971654	  47      -0.40      -0.30  3.391332472633276E-01  7.542798630581941E-03 181971654	  47      -0.40      -0.30  3.167765532744989E-01  6.830252466916813E-03 181971654	  47      -0.40      -0.30  3.167765532744989E-01  6.830252466916813E-03 181971654	  47      -0.40      -0.30  3.646907151052139E-01  8.418735903261714E-03 181971654	  47      -0.40      -0.30  3.646907151052139E-01  8.418735903261714E-03 181971654	  47      -0.40      -0.30  3.391332472633276E-01  7.542798630581941E-03 181971654
  48      -0.30      -0.20  3.551765218769532E-01  8.532521949151013E-03 184074422	  48      -0.30      -0.20  3.551765218769532E-01  8.532521949151013E-03 184074422	  48      -0.30      -0.20  3.317209907105831E-01  7.817011300560998E-03 184074422	  48      -0.30      -0.20  3.317209907105831E-01  7.817011300560998E-03 184074422	  48      -0.30      -0.20  3.819514100781262E-01  9.384682106031253E-03 184074422	  48      -0.30      -0.20  3.819514100781262E-01  9.384682106031253E-03 184074422	  48      -0.30      -0.20  3.551765218769532E-01  8.532521949151013E-03 184074422
  49      -0.20      -0.10  3.428176874585872E-01  6.584695837732316E-03 185512551	  49      -0.20      -0.10  3.428176874585872E-01  6.584695837732316E-03 185512551	  49      -0.20      -0.10  3.208270162769196E-01  6.051236149158618E-03 185512551	  49      -0.20      -0.10  3.208270162769196E-01  6.051236149158618E-03 185512551	  49      -0.20      -0.10  3.678163246296834E-01  7.222242649582707E-03 185512551	  49      -0.20      -0.10  3.678163246296834E-01  7.222242649582707E-03 185512551	  49      -0.20      -0.10  3.428176874585872E-01  6.584695837732316E-03 185512551
  50      -0.10       0.00  3.584202154417096E-01  7.254405064623329E-03 186233138	  50      -0.10       0.00  3.584202154417096E-01  7.254405064623329E-03 186233138	  50      -0.10       0.00  3.350306610235212E-01  6.659698253582941E-03 186233138	  50      -0.10       0.00  3.350306610235212E-01  6.659698253582941E-03 186233138	  50      -0.10       0.00  3.851318871181958E-01  7.965637221314544E-03 186233138	  50      -0.10       0.00  3.851318871181958E-01  7.965637221314544E-03 186233138	  50      -0.10       0.00  3.584202154417096E-01  7.254405064623329E-03 186233138
  51       0.00       0.10  3.496427535283345E-01  7.022788856985036E-03 186251616	  51       0.00       0.10  3.496427535283345E-01  7.022788856985036E-03 186251616	  51       0.00       0.10  3.267425180871342E-01  6.379849572555170E-03 186251616	  51       0.00       0.10  3.267425180871342E-01  6.379849572555170E-03 186251616	  51       0.00       0.10  3.758303942194877E-01  7.815485442037758E-03 186251616	  51       0.00       0.10  3.758303942194877E-01  7.815485442037758E-03 186251616	  51       0.00       0.10  3.496427535283345E-01  7.022788856985036E-03 186251616
  52       0.10       0.20  3.498615468248597E-01  6.631397949125662E-03 185533701	  52       0.10       0.20  3.498615468248597E-01  6.631397949125662E-03 185533701	  52       0.10       0.20  3.270674107074862E-01  6.088843387308807E-03 185533701	  52       0.10       0.20  3.270674107074862E-01  6.088843387308807E-03 185533701	  52       0.10       0.20  3.758800860773909E-01  7.286713064714031E-03 185533701	  52       0.10       0.20  3.758800860773909E-01  7.286713064714031E-03 185533701	  52       0.10       0.20  3.498615468248597E-01  6.631397949125662E-03 185533701
  53       0.20       0.30  3.451194577297610E-01  6.543821534913061E-03 184120543	  53       0.20       0.30  3.451194577297610E-01  6.543821534913061E-03 184120543	  53       0.20       0.30  3.227133728292785E-01  6.004947327885401E-03 184120543	  53       0.20       0.30  3.227133728292785E-01  6.004947327885401E-03 184120543	  53       0.20       0.30  3.706711140058939E-01  7.192300062550427E-03 184120543	  53       0.20       0.30  3.706711140058939E-01  7.192300062550427E-03 184120543	  53       0.20       0.30  3.451194577297610E-01  6.543821534913061E-03 184120543
  54       0.30       0.40  3.434625312164071E-01  6.936896382825371E-03 182009145	  54       0.30       0.40  3.434625312164071E-01  6.936896382825371E-03 182009145	  54       0.30       0.40  3.209127209941906E-01  6.362354252980043E-03 182009145	  54       0.30       0.40  3.209127209941906E-01  6.362354252980043E-03 182009145	  54       0.30       0.40  3.692088478192565E-01  7.629945420384227E-03 182009145	  54       0.30       0.40  3.692088478192565E-01  7.629945420384227E-03 182009145	  54       0.30       0.40  3.434625312164071E-01  6.936896382825371E-03 182009145
  55       0.40       0.50  3.543660947881691E-01  7.192113388604553E-03 179242836	  55       0.40       0.50  3.543660947881691E-01  7.192113388604553E-03 179242836	  55       0.40       0.50  3.307230065073284E-01  6.587611999034930E-03 179242836	  55       0.40       0.50  3.307230065073284E-01  6.587611999034930E-03 179242836	  55       0.40       0.50  3.814546732997130E-01  7.918404558486291E-03 179242836	  55       0.40       0.50  3.814546732997130E-01  7.918404558486291E-03 179242836	  55       0.40       0.50  3.543660947881691E-01  7.192113388604553E-03 179242836
  56       0.50       0.60  3.365114304388451E-01  6.812018322447970E-03 175757368	  56       0.50       0.60  3.365114304388451E-01  6.812018322447970E-03 175757368	  56       0.50       0.60  3.139547636451245E-01  6.228401787702913E-03 175757368	  56       0.50       0.60  3.139547636451245E-01  6.228401787702913E-03 175757368	  56       0.50       0.60  3.623517483389507E-01  7.513008600973151E-03 175757368	  56       0.50       0.60  3.623517483389507E-01  7.513008600973151E-03 175757368	  56       0.50       0.60  3.365114304388451E-01  6.812018322447970E-03 175757368
  57       0.60       0.70  3.205658060544503E-01  6.732367147071254E-03 171673438	  57       0.60       0.70  3.205658060544503E-01  6.732367147071254E-03 171673438	  57       0.60       0.70  2.994942585921678E-01  6.194765182304026E-03 171673438	  57       0.60       0.70  2.994942585921678E-01  6.194765182304026E-03 171673438	  57       0.60       0.70  3.446260189558765E-01  7.372494544395087E-03 171673438	  57       0.60       0.70  3.446260189558765E-01  7.372494544395087E-03 171673438	  57       0.60       0.70  3.205658060544503E-01  6.732367147071254E-03 171673438
  58       0.70       0.80  3.226857341406223E-01  6.855965750223545E-03 166977786	  58       0.70       0.80  3.226857341406223E-01  6.855965750223545E-03 166977786	  58       0.70       0.80  3.010535884544687E-01  6.299220105531028E-03 166977786	  58       0.70       0.80  3.010535884544687E-01  6.299220105531028E-03 166977786	  58       0.70       0.80  3.474635788896097E-01  7.521857487181845E-03 166977786	  58       0.70       0.80  3.474635788896097E-01  7.521857487181845E-03 166977786	  58       0.70       0.80  3.226857341406223E-01  6.855965750223545E-03 166977786
  59       0.80       0.90  3.120892717385910E-01  7.340793530801608E-03 161751848	  59       0.80       0.90  3.120892717385910E-01  7.340793530801608E-03 161751848	  59       0.80       0.90  2.908186932806644E-01  6.720765567251284E-03 161751848	  59       0.80       0.90  2.908186932806644E-01  6.720765567251284E-03 161751848	  59       0.80       0.90  3.364855180698560E-01  8.082481427807856E-03 161751848	  59       0.80       0.90  3.364855180698560E-01  8.082481427807856E-03 161751848	  59       0.80       0.90  3.120892717385910E-01  7.340793530801608E-03 161751848
  60       0.90       1.00  2.935345662306187E-01  7.182591977014721E-03 155940899	  60       0.90       1.00  2.935345662306187E-01  7.182591977014721E-03 155940899	  60       0.90       1.00  2.728931011302407E-01  6.540150580187712E-03 155940899	  60       0.90       1.00  2.728931011302407E-01  6.540150580187712E-03 155940899	  60       0.90       1.00  3.173871177437850E-01  7.965339075788194E-03 155940899	  60       0.90       1.00  3.173871177437850E-01  7.965339075788194E-03 155940899	  60       0.90       1.00  2.935345662306187E-01  7.182591977014721E-03 155940899
  61       1.00       1.10  2.761204849498050E-01  7.156590518730684E-03 149763888	  61       1.00       1.10  2.761204849498050E-01  7.156590518730684E-03 149763888	  61       1.00       1.10  2.574437294674157E-01  6.567210819735787E-03 149763888	  61       1.00       1.10  2.574437294674157E-01  6.567210819735787E-03 149763888	  61       1.00       1.10  2.975146744174186E-01  7.858120399097040E-03 149763888	  61       1.00       1.10  2.975146744174186E-01  7.858120399097040E-03 149763888	  61       1.00       1.10  2.761204849498050E-01  7.156590518730684E-03 149763888
  62       1.10       1.20  2.559877187634373E-01  5.948959794770141E-03 143136271	  62       1.10       1.20  2.559877187634373E-01  5.948959794770141E-03 143136271	  62       1.10       1.20  2.383443156684576E-01  5.449038195009426E-03 143136271	  62       1.10       1.20  2.383443156684576E-01  5.449038195009426E-03 143136271	  62       1.10       1.20  2.762825497686237E-01  6.550169435591368E-03 143136271	  62       1.10       1.20  2.762825497686237E-01  6.550169435591368E-03 143136271	  62       1.10       1.20  2.559877187634373E-01  5.948959794770141E-03 143136271
  63       1.20       1.30  2.465426815675859E-01  7.997058694111200E-03 136150184	  63       1.20       1.30  2.465426815675859E-01  7.997058694111200E-03 136150184	  63       1.20       1.30  2.296485697492111E-01  7.306089813951811E-03 136150184	  63       1.20       1.30  2.296485697492111E-01  7.306089813951811E-03 136150184	  63       1.20       1.30  2.659375847691325E-01  8.825518491429455E-03 136150184	  63       1.20       1.30  2.659375847691325E-01  8.825518491429455E-03 136150184	  63       1.20       1.30  2.465426815675859E-01  7.997058694111200E-03 136150184
  64       1.30       1.40  2.229222098410185E-01  6.389148259989581E-03 128899785	  64       1.30       1.40  2.229222098410185E-01  6.389148259989581E-03 128899785	  64       1.30       1.40  2.077322307630198E-01  5.857311555723397E-03 128899785	  64       1.30       1.40  2.077322307630198E-01  5.857311555723397E-03 128899785	  64       1.30       1.40  2.403190547502047E-01  7.024700306130968E-03 128899785	  64       1.30       1.40  2.403190547502047E-01  7.024700306130968E-03 128899785	  64       1.30       1.40  2.229222098410185E-01  6.389148259989581E-03 128899785
  65       1.40       1.50  2.251903582289172E-01  6.571267349114056E-03 121422388	  65       1.40       1.50  2.251903582289172E-01  6.571267349114056E-03 121422388	  65       1.40       1.50  2.088614755079027E-01  5.932933860735067E-03 121422388	  65       1.40       1.50  2.088614755079027E-01  5.932933860735067E-03 121422388	  65       1.40       1.50  2.441089204713473E-01  7.356287942693350E-03 121422388	  65       1.40       1.50  2.441089204713473E-01  7.356287942693350E-03 121422388	  65       1.40       1.50  2.251903582289172E-01  6.571267349114056E-03 121422388
  66       1.50       1.60  1.978438003963617E-01  5.755880875035873E-03 113760629	  66       1.50       1.60  1.978438003963617E-01  5.755880875035873E-03 113760629	  66       1.50       1.60  1.836004188380638E-01  5.249347999504356E-03 113760629	  66       1.50       1.60  1.836004188380638E-01  5.249347999504356E-03 113760629	  66       1.50       1.60  2.143137058150978E-01  6.367957640198822E-03 113760629	  66       1.50       1.60  2.143137058150978E-01  6.367957640198822E-03 113760629	  66       1.50       1.60  1.978438003963617E-01  5.755880875035873E-03 113760629
  67       1.60       1.70  1.671788048287382E-01  5.297980793572472E-03 106073192	  67       1.60       1.70  1.671788048287382E-01  5.297980793572472E-03 106073192	  67       1.60       1.70  1.552699871075543E-01  4.816525612078073E-03 106073192	  67       1.60       1.70  1.552699871075543E-01  4.816525612078073E-03 106073192	  67       1.60       1.70  1.809083456138874E-01  5.879170305022765E-03 106073192	  67       1.60       1.70  1.809083456138874E-01  5.879170305022765E-03 106073192	  67       1.60       1.70  1.671788048287382E-01  5.297980793572472E-03 106073192
  68       1.70       1.80  1.656978424668540E-01  4.873826012251635E-03 98329656	  68       1.70       1.80  1.656978424668540E-01  4.873826012251635E-03 98329656	  68       1.70       1.80  1.535051553666149E-01  4.407822505715050E-03 98329656	  68       1.70       1.80  1.535051553666149E-01  4.407822505715050E-03 98329656	  68       1.70       1.80  1.798225068493584E-01  5.444486959096857E-03 98329656	  68       1.70       1.80  1.798225068493584E-01  5.444486959096857E-03 98329656	  68       1.70       1.80  1.656978424668540E-01  4.873826012251635E-03 98329656
  69       1.80       1.90  1.479151120477092E-01  5.824957682415827E-03 90647883	  69       1.80       1.90  1.479151120477092E-01  5.824957682415827E-03 90647883	  69       1.80       1.90  1.367307743949074E-01  5.312007957114088E-03 90647883	  69       1.80       1.90  1.367307743949074E-01  5.312007957114088E-03 90647883	  69       1.80       1.90  1.609393518715692E-01  6.442924209785541E-03 90647883	  69       1.80       1.90  1.609393518715692E-01  6.442924209785541E-03 90647883	  69       1.80       1.90  1.479151120477092E-01  5.824957682415827E-03 90647883
  70       1.90       2.00  1.369309591499847E-01  4.790950471347344E-03 83053120	  70       1.90       2.00  1.369309591499847E-01  4.790950471347344E-03 83053120	  70       1.90       2.00  1.264389913526212E-01  4.345775357436263E-03 83053120	  70       1.90       2.00  1.264389913526212E-01  4.345775357436263E-03 83053120	  70       1.90       2.00  1.491450115209310E-01  5.328997413199271E-03 83053120	  70       1.90       2.00  1.491450115209310E-01  5.328997413199271E-03 83053120	  70       1.90       2.00  1.369309591499847E-01  4.790950471347344E-03 83053120
  71       2.00       2.10  1.208245718382678E-01  4.006823610596133E-03 75592281	  71       2.00       2.10  1.208245718382678E-01  4.006823610596133E-03 75592281	  71       2.00       2.10  1.116980592815954E-01  3.662108588699129E-03 75592281	  71       2.00       2.10  1.116980592815954E-01  3.662108588699129E-03 75592281	  71       2.00       2.10  1.314294073785369E-01  4.421421519016039E-03 75592281	  71       2.00       2.10  1.314294073785369E-01  4.421421519016039E-03 75592281	  71       2.00       2.10  1.208245718382678E-01  4.006823610596133E-03 75592281
  72       2.10       2.20  1.120784676522533E-01  4.661133012321967E-03 68345759	  72       2.10       2.20  1.120784676522533E-01  4.661133012321967E-03 68345759	  72       2.10       2.20  1.029401663327599E-01  4.185457338705184E-03 68345759	  72       2.10       2.20  1.029401663327599E-01  4.185457338705184E-03 68345759	  72       2.10       2.20  1.228280693649809E-01  5.245605213264546E-03 68345759	  72       2.10       2.20  1.228280693649809E-01  5.245605213264546E-03 68345759	  72       2.10       2.20  1.120784676522533E-01  4.661133012321967E-03 68345759
  73       2.20       2.30  9.060369617726746E-02  4.627335600402540E-03 61349043	  73       2.20       2.30  9.060369617726746E-02  4.627335600402540E-03 61349043	  73       2.20       2.30  8.336835668556658E-02  4.106578335485195E-03 61349043	  73       2.20       2.30  8.336835668556658E-02  4.106578335485195E-03 61349043	  73       2.20       2.30  9.908247855943174E-02  5.280691174267470E-03 61349043	  73       2.20       2.30  9.908247855943174E-02  5.280691174267470E-03 61349043	  73       2.20       2.30  9.060369617726746E-02  4.627335600402540E-03 61349043
  74       2.30       2.40  7.539909406343176E-02  3.974215038572502E-03 54621863	  74       2.30       2.40  7.539909406343176E-02  3.974215038572502E-03 54621863	  74       2.30       2.40  6.921842847433009E-02  3.559938493053175E-03 54621863	  74       2.30       2.40  6.921842847433009E-02  3.559938493053175E-03 54621863	  74       2.30       2.40  8.267499490913181E-02  4.486578723601600E-03 54621863	  74       2.30       2.40  8.267499490913181E-02  4.486578723601600E-03 54621863	  74       2.30       2.40  7.539909406343176E-02  3.974215038572502E-03 54621863
  75       2.40       2.50  6.751624631577557E-02  3.546028876952707E-03 48234657	  75       2.40       2.50  6.751624631577557E-02  3.546028876952707E-03 48234657	  75       2.40       2.50  6.206117449475214E-02  3.208929982367530E-03 48234657	  75       2.40       2.50  6.206117449475214E-02  3.208929982367530E-03 48234657	  75       2.40       2.50  7.389831190957352E-02  3.954637475722102E-03 48234657	  75       2.40       2.50  7.389831190957352E-02  3.954637475722102E-03 48234657	  75       2.40       2.50  6.751624631577557E-02  3.546028876952707E-03 48234657
  76       2.50       2.60  5.463702517553491E-02  2.949642495530147E-03 42185536	  76       2.50       2.60  5.463702517553491E-02  2.949642495530147E-03 42185536	  76       2.50       2.60  5.013270101142531E-02  2.645561122076432E-03 42185536	  76       2.50       2.60  5.013270101142531E-02  2.645561122076432E-03 42185536	  76       2.50       2.60  5.992631060063910E-02  3.323456396367378E-03 42185536	  76       2.50       2.60  5.992631060063910E-02  3.323456396367378E-03 42185536	  76       2.50       2.60  5.463702517553491E-02  2.949642495530147E-03 42185536
  77       2.60       2.70  4.700712276200517E-02  2.655560186945355E-03 36522229	  77       2.60       2.70  4.700712276200517E-02  2.655560186945355E-03 36522229	  77       2.60       2.70  4.281033066729139E-02  2.354256042979459E-03 36522229	  77       2.60       2.70  4.281033066729139E-02  2.354256042979459E-03 36522229	  77       2.60       2.70  5.200696201403963E-02  3.032059197287645E-03 36522229	  77       2.60       2.70  5.200696201403963E-02  3.032059197287645E-03 36522229	  77       2.60       2.70  4.700712276200517E-02  2.655560186945355E-03 36522229
  78       2.70       2.80  3.137814152432229E-02  1.547809155258077E-03 31266999	  78       2.70       2.80  3.137814152432229E-02  1.547809155258077E-03 31266999	  78       2.70       2.80  2.858860983552960E-02  1.378268347967671E-03 31266999	  78       2.70       2.80  2.858860983552960E-02  1.378268347967671E-03 31266999	  78       2.70       2.80  3.471027476116949E-02  1.764200575755707E-03 31266999	  78       2.70       2.80  3.471027476116949E-02  1.764200575755707E-03 31266999	  78       2.70       2.80  3.137814152432229E-02  1.547809155258077E-03 31266999
  79       2.80       2.90  3.046273754572590E-02  1.876807706670237E-03 26461420	  79       2.80       2.90  3.046273754572590E-02  1.876807706670237E-03 26461420	  79       2.80       2.90  2.768016843071137E-02  1.673169085546079E-03 26461420	  79       2.80       2.90  2.768016843071137E-02  1.673169085546079E-03 26461420	  79       2.80       2.90  3.378490001662486E-02  2.130435295395275E-03 26461420	  79       2.80       2.90  3.378490001662486E-02  2.130435295395275E-03 26461420	  79       2.80       2.90  3.046273754572590E-02  1.876807706670237E-03 26461420
  80       2.90       3.00  1.989950483024351E-02  1.428034396975969E-03 22071062	  80       2.90       3.00  1.989950483024351E-02  1.428034396975969E-03 22071062	  80       2.90       3.00  1.809087988578767E-02  1.300763315576942E-03 22071062	  80       2.90       3.00  1.809087988578767E-02  1.300763315576942E-03 22071062	  80       2.90       3.00  2.205756369289670E-02  1.583799979274249E-03 22071062	  80       2.90       3.00  2.205756369289670E-02  1.583799979274249E-03 22071062	  80       2.90       3.00  1.989950483024351E-02  1.428034396975969E-03 22071062
  81       3.00       3.10  1.657148661486905E-02  1.398654525695966E-03 18117480	  81       3.00       3.10  1.657148661486905E-02  1.398654525695966E-03 18117480	  81       3.00       3.10  1.504602739856436E-02  1.269480549906362E-03 18117480	  81       3.00       3.10  1.504602739856436E-02  1.269480549906362E-03 18117480	  81       3.00       3.10  1.839517511493951E-02  1.555180882419908E-03 18117480	  81       3.00       3.10  1.839517511493951E-02  1.555180882419908E-03 18117480	  81       3.00       3.10  1.657148661486905E-02  1.398654525695966E-03 18117480
  82       3.10       3.20  1.084353183400891E-02  9.295740193333660E-04 14599562	  82       3.10       3.20  1.084353183400891E-02  9.295740193333660E-04 14599562	  82       3.10       3.20  9.808416962876597E-03  8.008464703348830E-04 14599562	  82       3.10       3.20  9.808416962876597E-03  8.008464703348830E-04 14599562	  82       3.10       3.20  1.208592163874681E-02  1.096143720653752E-03 14599562	  82       3.10       3.20  1.208592163874681E-02  1.096143720653752E-03 14599562	  82       3.10       3.20  1.084353183400891E-02  9.295740193333660E-04 14599562
  83       3.20       3.30  8.569865158442623E-03  6.823912332475535E-04 11517686	  83       3.20       3.30  8.569865158442623E-03  6.823912332475535E-04 11517686	  83       3.20       3.30  7.734138285579334E-03  6.067896738754710E-04 11517686	  83       3.20       3.30  7.734138285579334E-03  6.067896738754710E-04 11517686	  83       3.20       3.30  9.576276306200277E-03  7.763849907642055E-04 11517686	  83       3.20       3.30  9.576276306200277E-03  7.763849907642055E-04 11517686	  83       3.20       3.30  8.569865158442623E-03  6.823912332475535E-04 11517686
  84       3.30       3.40  6.101995131066709E-03  7.832072303213838E-04 8847855	  84       3.30       3.40  6.101995131066709E-03  7.832072303213838E-04 8847855	  84       3.30       3.40  5.506103176837739E-03  6.919444566199003E-04 8847855	  84       3.30       3.40  5.506103176837739E-03  6.919444566199003E-04 8847855	  84       3.30       3.40  6.819371670992311E-03  8.970669161498105E-04 8847855	  84       3.30       3.40  6.819371670992311E-03  8.970669161498105E-04 8847855	  84       3.30       3.40  6.101995131066709E-03  7.832072303213838E-04 8847855
  85       3.40       3.50  3.958052735379762E-03  5.161895843723414E-04 6573114	  85       3.40       3.50  3.958052735379762E-03  5.161895843723414E-04 6573114	  85       3.40       3.50  3.580674038010569E-03  4.496803890566875E-04 6573114	  85       3.40       3.50  3.580674038010569E-03  4.496803890566875E-04 6573114	  85       3.40       3.50  4.408388851394211E-03  6.022147160676315E-04 6573114	  85       3.40       3.50  4.408388851394211E-03  6.022147160676315E-04 6573114	  85       3.40       3.50  3.958052735379762E-03  5.161895843723414E-04 6573114
  86       3.50       3.60  2.365328943331050E-03  3.831489483297012E-04 4669455	  86       3.50       3.60  2.365328943331050E-03  3.831489483297012E-04 4669455	  86       3.50       3.60  2.116544860363714E-03  3.415095868746329E-04 4669455	  86       3.50       3.60  2.116544860363714E-03  3.415095868746329E-04 4669455	  86       3.50       3.60  2.669359731645906E-03  4.346117592220092E-04 4669455	  86       3.50       3.60  2.669359731645906E-03  4.346117592220092E-04 4669455	  86       3.50       3.60  2.365328943331050E-03  3.831489483297012E-04 4669455
  87       3.60       3.70  1.949465536677170E-03  4.031741395393508E-04 3121359	  87       3.60       3.70  1.949465536677170E-03  4.031741395393508E-04 3121359	  87       3.60       3.70  1.736694541849552E-03  3.498948992092403E-04 3121359	  87       3.60       3.70  1.736694541849552E-03  3.498948992092403E-04 3121359	  87       3.60       3.70  2.210649428847667E-03  4.713895365338109E-04 3121359	  87       3.60       3.70  2.210649428847667E-03  4.713895365338109E-04 3121359	  87       3.60       3.70  1.949465536677170E-03  4.031741395393508E-04 3121359
  88       3.70       3.80  7.027972309470831E-04  1.591462675572255E-04 1896469	  88       3.70       3.80  7.027972309470831E-04  1.591462675572255E-04 1896469	  88       3.70       3.80  6.180859279903524E-04  1.345918350075463E-04 1896469	  88       3.70       3.80  6.180859279903524E-04  1.345918350075463E-04 1896469	  88       3.70       3.80  8.093638867016824E-04  1.918717546433737E-04 1896469	  88       3.70       3.80  8.093638867016824E-04  1.918717546433737E-04 1896469	  88       3.70       3.80  7.027972309470831E-04  1.591462675572255E-04 1896469
  89       3.80       3.90  3.830974025186921E-04  1.102003948362979E-04 964520	  89       3.80       3.90  3.830974025186921E-04  1.102003948362979E-04 964520	  89       3.80       3.90  3.411637045756688E-04  9.785976216426062E-05 964520	  89       3.80       3.90  3.411637045756688E-04  9.785976216426062E-05 964520	  89       3.80       3.90  4.344547691152416E-04  1.254916509127868E-04 964520	  89       3.80       3.90  4.344547691152416E-04  1.254916509127868E-04 964520	  89       3.80       3.90  3.830974025186921E-04  1.102003948362979E-04 964520
  90       3.90       4.00  1.151666666809679E-04  3.925559223967146E-05 280533	  90       3.90       4.00  1.151666666809679E-04  3.925559223967146E-05 280533	  90       3.90       4.00  1.006163954271208E-04  3.318725792688751E-05 280533	  90       3.90       4.00  1.006163954271208E-04  3.318725792688751E-05 280533	  90       3.90       4.00  1.335890325581131E-04  4.734861825469625E-05 280533	  90       3.90       4.00  1.335890325581131E-04  4.734861825469625E-05 280533	  90       3.90       4.00  1.151666666809679E-04  3.925559223967146E-05 280533
  91       4.00       4.10  0.000000000000000E+00  0.000000000000000E+00 0	  91       4.00       4.10  0.000000000000000E+00  0.000000000000000E+00 0	  91       4.00       4.10  0.000000000000000E+00  0.000000000000000E+00 0	  91       4.00       4.10  0.000000000000000E+00  0.000000000000000E+00 0	  91       4.00       4.10  0.000000000000000E+00  0.000000000000000E+00 0	  91       4.00       4.10  0.000000000000000E+00  0.000000000000000E+00 0	  91       4.00       4.10  0.000000000000000E+00  0.000000000000000E+00 0
  92       4.10       4.20  0.000000000000000E+00  0.000000000000000E+00 0	  92       4.10       4.20  0.000000000000000E+00  0.000000000000000E+00 0	  92       4.10       4.20  0.000000000000000E+00  0.000000000000000E+00 0	  92       4.10       4.20  0.000000000000000E+00  0.000000000000000E+00 0	  92       4.10       4.20  0.000000000000000E+00  0.000000000000000E+00 0	  92       4.10       4.20  0.000000000000000E+00  0.000000000000000E+00 0	  92       4.10       4.20  0.000000000000000E+00  0.000000000000000E+00 0
  93       4.20       4.30  0.000000000000000E+00  0.000000000000000E+00 0	  93       4.20       4.30  0.000000000000000E+00  0.000000000000000E+00 0	  93       4.20       4.30  0.000000000000000E+00  0.000000000000000E+00 0	  93       4.20       4.30  0.000000000000000E+00  0.000000000000000E+00 0	  93       4.20       4.30  0.000000000000000E+00  0.000000000000000E+00 0	  93       4.20       4.30  0.000000000000000E+00  0.000000000000000E+00 0	  93       4.20       4.30  0.000000000000000E+00  0.000000000000000E+00 0
  94       4.30       4.40  0.000000000000000E+00  0.000000000000000E+00 0	  94       4.30       4.40  0.000000000000000E+00  0.000000000000000E+00 0	  94       4.30       4.40  0.000000000000000E+00  0.000000000000000E+00 0	  94       4.30       4.40  0.000000000000000E+00  0.000000000000000E+00 0	  94       4.30       4.40  0.000000000000000E+00  0.000000000000000E+00 0	  94       4.30       4.40  0.000000000000000E+00  0.000000000000000E+00 0	  94       4.30       4.40  0.000000000000000E+00  0.000000000000000E+00 0
  95       4.40       4.50  0.000000000000000E+00  0.000000000000000E+00 0	  95       4.40       4.50  0.000000000000000E+00  0.000000000000000E+00 0	  95       4.40       4.50  0.000000000000000E+00  0.000000000000000E+00 0	  95       4.40       4.50  0.000000000000000E+00  0.000000000000000E+00 0	  95       4.40       4.50  0.000000000000000E+00  0.000000000000000E+00 0	  95       4.40       4.50  0.000000000000000E+00  0.000000000000000E+00 0	  95       4.40       4.50  0.000000000000000E+00  0.000000000000000E+00 0
  96       4.50       4.60  0.000000000000000E+00  0.000000000000000E+00 0	  96       4.50       4.60  0.000000000000000E+00  0.000000000000000E+00 0	  96       4.50       4.60  0.000000000000000E+00  0.000000000000000E+00 0	  96       4.50       4.60  0.000000000000000E+00  0.000000000000000E+00 0	  96       4.50       4.60  0.000000000000000E+00  0.000000000000000E+00 0	  96       4.50       4.60  0.000000000000000E+00  0.000000000000000E+00 0	  96       4.50       4.60  0.000000000000000E+00  0.000000000000000E+00 0
  97       4.60       4.70  0.000000000000000E+00  0.000000000000000E+00 0	  97       4.60       4.70  0.000000000000000E+00  0.000000000000000E+00 0	  97       4.60       4.70  0.000000000000000E+00  0.000000000000000E+00 0	  97       4.60       4.70  0.000000000000000E+00  0.000000000000000E+00 0	  97       4.60       4.70  0.000000000000000E+00  0.000000000000000E+00 0	  97       4.60       4.70  0.000000000000000E+00  0.000000000000000E+00 0	  97       4.60       4.70  0.000000000000000E+00  0.000000000000000E+00 0
  98       4.70       4.80  0.000000000000000E+00  0.000000000000000E+00 0	  98       4.70       4.80  0.000000000000000E+00  0.000000000000000E+00 0	  98       4.70       4.80  0.000000000000000E+00  0.000000000000000E+00 0	  98       4.70       4.80  0.000000000000000E+00  0.000000000000000E+00 0	  98       4.70       4.80  0.000000000000000E+00  0.000000000000000E+00 0	  98       4.70       4.80  0.000000000000000E+00  0.000000000000000E+00 0	  98       4.70       4.80  0.000000000000000E+00  0.000000000000000E+00 0
  99       4.80       4.90  0.000000000000000E+00  0.000000000000000E+00 0	  99       4.80       4.90  0.000000000000000E+00  0.000000000000000E+00 0	  99       4.80       4.90  0.000000000000000E+00  0.000000000000000E+00 0	  99       4.80       4.90  0.000000000000000E+00  0.000000000000000E+00 0	  99       4.80       4.90  0.000000000000000E+00  0.000000000000000E+00 0	  99       4.80       4.90  0.000000000000000E+00  0.000000000000000E+00 0	  99       4.80       4.90  0.000000000000000E+00  0.000000000000000E+00 0
 100       4.90       5.00  0.000000000000000E+00  0.000000000000000E+00 0	 100       4.90       5.00  0.000000000000000E+00  0.000000000000000E+00 0	 100       4.90       5.00  0.000000000000000E+00  0.000000000000000E+00 0	 100       4.90       5.00  0.000000000000000E+00  0.000000000000000E+00 0	 100       4.90       5.00  0.000000000000000E+00  0.000000000000000E+00 0	 100       4.90       5.00  0.000000000000000E+00  0.000000000000000E+00 0	 100       4.90       5.00  0.000000000000000E+00  0.000000000000000E+00 0
# Underflow:                 0.0000000000000000E+00  0.0000000000000000E+00 0
# Overflow:                  0.0000000000000000E+00  0.0000000000000000E+00 0
#-------------------------------------------------------------------------------------	#-------------------------------------------------------------------------------------	#-------------------------------------------------------------------------------------	#-------------------------------------------------------------------------------------	#-------------------------------------------------------------------------------------	#-------------------------------------------------------------------------------------	#-------------------------------------------------------------------------------------
# Sum:                      -1.5099764659991558E-02  1.9897414506956981E-04 170000
#=====================================================================================	#=====================================================================================	#=====================================================================================	#=====================================================================================	#=====================================================================================	#=====================================================================================	#=====================================================================================
