# title = Transverse Momentum Harder Jet
# xlabel = $p_{\text{T},\text{j}_1}\,$[GeV]
# ylabel = $\frac{\text{d}\sigma}{\text{d}p_{\text{T},\text{j}_1}}\,\left[\frac{\text{fb}}{\text{GeV}}\right]$
# xmin=  0.000E+00
# xmax=  5.000E+02
# ymin=  1.000E-06
# ymax=  1.000E-02
# kmin= -5.000E+01
# kmax=  1.000E+01
# logscale = true
# Renormalization and factorization scale scaled by: 1.0000000000
# Renormalization scaled by: 1.0000000000
# Number of generated events: 6467394395
#	#	#	#	#	#	#
#=====================================================================================	#=====================================================================================	#=====================================================================================	#=====================================================================================	#=====================================================================================	#=====================================================================================	#=====================================================================================
# No.       Left      Right                   Value                   Error Hits
#-------------------------------------------------------------------------------------	#-------------------------------------------------------------------------------------	#-------------------------------------------------------------------------------------	#-------------------------------------------------------------------------------------	#-------------------------------------------------------------------------------------	#-------------------------------------------------------------------------------------	#-------------------------------------------------------------------------------------
   1       0.00       5.00  0.000000000000000E+00  0.000000000000000E+00 0	   1       0.00       5.00  0.000000000000000E+00  0.000000000000000E+00 0	   1       0.00       5.00  0.000000000000000E+00  0.000000000000000E+00 0	   1       0.00       5.00  0.000000000000000E+00  0.000000000000000E+00 0	   1       0.00       5.00  0.000000000000000E+00  0.000000000000000E+00 0	   1       0.00       5.00  0.000000000000000E+00  0.000000000000000E+00 0	   1       0.00       5.00  0.000000000000000E+00  0.000000000000000E+00 0
   2       5.00      10.00  0.000000000000000E+00  0.000000000000000E+00 0	   2       5.00      10.00  0.000000000000000E+00  0.000000000000000E+00 0	   2       5.00      10.00  0.000000000000000E+00  0.000000000000000E+00 0	   2       5.00      10.00  0.000000000000000E+00  0.000000000000000E+00 0	   2       5.00      10.00  0.000000000000000E+00  0.000000000000000E+00 0	   2       5.00      10.00  0.000000000000000E+00  0.000000000000000E+00 0	   2       5.00      10.00  0.000000000000000E+00  0.000000000000000E+00 0
   3      10.00      15.00  0.000000000000000E+00  0.000000000000000E+00 0	   3      10.00      15.00  0.000000000000000E+00  0.000000000000000E+00 0	   3      10.00      15.00  0.000000000000000E+00  0.000000000000000E+00 0	   3      10.00      15.00  0.000000000000000E+00  0.000000000000000E+00 0	   3      10.00      15.00  0.000000000000000E+00  0.000000000000000E+00 0	   3      10.00      15.00  0.000000000000000E+00  0.000000000000000E+00 0	   3      10.00      15.00  0.000000000000000E+00  0.000000000000000E+00 0
   4      15.00      20.00  0.000000000000000E+00  0.000000000000000E+00 0	   4      15.00      20.00  0.000000000000000E+00  0.000000000000000E+00 0	   4      15.00      20.00  0.000000000000000E+00  0.000000000000000E+00 0	   4      15.00      20.00  0.000000000000000E+00  0.000000000000000E+00 0	   4      15.00      20.00  0.000000000000000E+00  0.000000000000000E+00 0	   4      15.00      20.00  0.000000000000000E+00  0.000000000000000E+00 0	   4      15.00      20.00  0.000000000000000E+00  0.000000000000000E+00 0
   5      20.00      25.00  0.000000000000000E+00  0.000000000000000E+00 0	   5      20.00      25.00  0.000000000000000E+00  0.000000000000000E+00 0	   5      20.00      25.00  0.000000000000000E+00  0.000000000000000E+00 0	   5      20.00      25.00  0.000000000000000E+00  0.000000000000000E+00 0	   5      20.00      25.00  0.000000000000000E+00  0.000000000000000E+00 0	   5      20.00      25.00  0.000000000000000E+00  0.000000000000000E+00 0	   5      20.00      25.00  0.000000000000000E+00  0.000000000000000E+00 0
   6      25.00      30.00  0.000000000000000E+00  0.000000000000000E+00 0	   6      25.00      30.00  0.000000000000000E+00  0.000000000000000E+00 0	   6      25.00      30.00  0.000000000000000E+00  0.000000000000000E+00 0	   6      25.00      30.00  0.000000000000000E+00  0.000000000000000E+00 0	   6      25.00      30.00  0.000000000000000E+00  0.000000000000000E+00 0	   6      25.00      30.00  0.000000000000000E+00  0.000000000000000E+00 0	   6      25.00      30.00  0.000000000000000E+00  0.000000000000000E+00 0
   7      30.00      35.00  4.055205358692086E-05  2.399596150060413E-07 747907	   7      30.00      35.00  4.055205358692086E-05  2.399596150060413E-07 747907	   7      30.00      35.00  3.901483752560380E-05  2.273269836874939E-07 747907	   7      30.00      35.00  3.901483752560380E-05  2.273269836874939E-07 747907	   7      30.00      35.00  4.201415798974521E-05  2.538289183703614E-07 747907	   7      30.00      35.00  4.201415798974521E-05  2.538289183703614E-07 747907	   7      30.00      35.00  4.055205358692086E-05  2.399596150060413E-07 747907
   8      35.00      40.00  1.647354686771352E-04  5.380121198635517E-07 2622105	   8      35.00      40.00  1.647354686771352E-04  5.380121198635517E-07 2622105	   8      35.00      40.00  1.581323510632947E-04  5.071846573228681E-07 2622105	   8      35.00      40.00  1.581323510632947E-04  5.071846573228681E-07 2622105	   8      35.00      40.00  1.711861675627043E-04  5.725297606865849E-07 2622105	   8      35.00      40.00  1.711861675627043E-04  5.725297606865849E-07 2622105	   8      35.00      40.00  1.647354686771352E-04  5.380121198635517E-07 2622105
   9      40.00      45.00  3.564390649722677E-04  8.463829481090070E-07 5007412	   9      40.00      45.00  3.564390649722677E-04  8.463829481090070E-07 5007412	   9      40.00      45.00  3.414545370097576E-04  7.956298497289024E-07 5007412	   9      40.00      45.00  3.414545370097576E-04  7.956298497289024E-07 5007412	   9      40.00      45.00  3.713909643018663E-04  9.038952206004859E-07 5007412	   9      40.00      45.00  3.713909643018663E-04  9.038952206004859E-07 5007412	   9      40.00      45.00  3.564390649722677E-04  8.463829481090070E-07 5007412
  10      45.00      50.00  6.274373205690636E-04  1.213149445201683E-06 7840603	  10      45.00      50.00  6.274373205690636E-04  1.213149445201683E-06 7840603	  10      45.00      50.00  5.996642480374474E-04  1.136226041587964E-06 7840603	  10      45.00      50.00  5.996642480374474E-04  1.136226041587964E-06 7840603	  10      45.00      50.00  6.557116968139658E-04  1.301261713236357E-06 7840603	  10      45.00      50.00  6.557116968139658E-04  1.301261713236357E-06 7840603	  10      45.00      50.00  6.274373205690636E-04  1.213149445201683E-06 7840603
  11      50.00      55.00  9.680290787732002E-04  1.616364995668820E-06 11041563	  11      50.00      55.00  9.680290787732002E-04  1.616364995668820E-06 11041563	  11      50.00      55.00  9.232738136962686E-04  1.508512118945574E-06 11041563	  11      50.00      55.00  9.232738136962686E-04  1.508512118945574E-06 11041563	  11      50.00      55.00  1.014314358170891E-03  1.741076025394262E-06 11041563	  11      50.00      55.00  1.014314358170891E-03  1.741076025394262E-06 11041563	  11      50.00      55.00  9.680290787732002E-04  1.616364995668820E-06 11041563
  12      55.00      60.00  1.366760703719943E-03  2.015522874161486E-06 14524224	  12      55.00      60.00  1.366760703719943E-03  2.015522874161486E-06 14524224	  12      55.00      60.00  1.301150172226504E-03  1.874435809037155E-06 14524224	  12      55.00      60.00  1.301150172226504E-03  1.874435809037155E-06 14524224	  12      55.00      60.00  1.435472028781221E-03  2.180267769498681E-06 14524224	  12      55.00      60.00  1.435472028781221E-03  2.180267769498681E-06 14524224	  12      55.00      60.00  1.366760703719943E-03  2.015522874161486E-06 14524224
  13      60.00      65.00  1.820305455880409E-03  2.415696083846129E-06 18210093	  13      60.00      65.00  1.820305455880409E-03  2.415696083846129E-06 18210093	  13      60.00      65.00  1.729930450172728E-03  2.240552036172514E-06 18210093	  13      60.00      65.00  1.729930450172728E-03  2.240552036172514E-06 18210093	  13      60.00      65.00  1.915967428923930E-03  2.621635057223368E-06 18210093	  13      60.00      65.00  1.915967428923930E-03  2.621635057223368E-06 18210093	  13      60.00      65.00  1.820305455880409E-03  2.415696083846129E-06 18210093
  14      65.00      70.00  2.313646043294892E-03  2.837616130363166E-06 22034046	  14      65.00      70.00  2.313646043294892E-03  2.837616130363166E-06 22034046	  14      65.00      70.00  2.194837835483341E-03  2.625708510247109E-06 22034046	  14      65.00      70.00  2.194837835483341E-03  2.625708510247109E-06 22034046	  14      65.00      70.00  2.440658142478179E-03  3.087895275508679E-06 22034046	  14      65.00      70.00  2.440658142478179E-03  3.087895275508679E-06 22034046	  14      65.00      70.00  2.313646043294892E-03  2.837616130363166E-06 22034046
  15      70.00      75.00  2.819401225362888E-03  3.167390241649539E-06 25923457	  15      70.00      75.00  2.819401225362888E-03  3.167390241649539E-06 25923457	  15      70.00      75.00  2.670651446140893E-03  2.926327042082121E-06 25923457	  15      70.00      75.00  2.670651446140893E-03  2.926327042082121E-06 25923457	  15      70.00      75.00  2.979665573554653E-03  3.453290341039804E-06 25923457	  15      70.00      75.00  2.979665573554653E-03  3.453290341039804E-06 25923457	  15      70.00      75.00  2.819401225362888E-03  3.167390241649539E-06 25923457
  16      75.00      80.00  3.338779890977947E-03  3.506368273635377E-06 29809683	  16      75.00      80.00  3.338779890977947E-03  3.506368273635377E-06 29809683	  16      75.00      80.00  3.157681763456236E-03  3.234665261819490E-06 29809683	  16      75.00      80.00  3.157681763456236E-03  3.234665261819490E-06 29809683	  16      75.00      80.00  3.535342076731287E-03  3.829455554839610E-06 29809683	  16      75.00      80.00  3.535342076731287E-03  3.829455554839610E-06 29809683	  16      75.00      80.00  3.338779890977947E-03  3.506368273635377E-06 29809683
  17      80.00      85.00  3.838224539083533E-03  3.856245984076770E-06 33624521	  17      80.00      85.00  3.838224539083533E-03  3.856245984076770E-06 33624521	  17      80.00      85.00  3.624820166502203E-03  3.548095687637773E-06 33624521	  17      80.00      85.00  3.624820166502203E-03  3.548095687637773E-06 33624521	  17      80.00      85.00  4.071365242916889E-03  4.224743603265132E-06 33624521	  17      80.00      85.00  4.071365242916889E-03  4.224743603265132E-06 33624521	  17      80.00      85.00  3.838224539083533E-03  3.856245984076770E-06 33624521
  18      85.00      90.00  4.318670908656168E-03  4.143747090845893E-06 37348709	  18      85.00      90.00  4.318670908656168E-03  4.143747090845893E-06 37348709	  18      85.00      90.00  4.072984750141353E-03  3.806262767488115E-06 37348709	  18      85.00      90.00  4.072984750141353E-03  3.806262767488115E-06 37348709	  18      85.00      90.00  4.588662177505335E-03  4.548559783382861E-06 37348709	  18      85.00      90.00  4.588662177505335E-03  4.548559783382861E-06 37348709	  18      85.00      90.00  4.318670908656168E-03  4.143747090845893E-06 37348709
  19      90.00      95.00  4.756600527848821E-03  4.372348937582509E-06 40920347	  19      90.00      95.00  4.756600527848821E-03  4.372348937582509E-06 40920347	  19      90.00      95.00  4.480513081633956E-03  4.011294022212620E-06 40920347	  19      90.00      95.00  4.480513081633956E-03  4.011294022212620E-06 40920347	  19      90.00      95.00  5.061495317649000E-03  4.806538300925718E-06 40920347	  19      90.00      95.00  5.061495317649000E-03  4.806538300925718E-06 40920347	  19      90.00      95.00  4.756600527848821E-03  4.372348937582509E-06 40920347
  20      95.00     100.00  5.164435890680639E-03  4.508770566709436E-06 44286387	  20      95.00     100.00  5.164435890680639E-03  4.508770566709436E-06 44286387	  20      95.00     100.00  4.858701465660930E-03  4.133820536830524E-06 44286387	  20      95.00     100.00  4.858701465660930E-03  4.133820536830524E-06 44286387	  20      95.00     100.00  5.503686473760882E-03  4.960323053381413E-06 44286387	  20      95.00     100.00  5.503686473760882E-03  4.960323053381413E-06 44286387	  20      95.00     100.00  5.164435890680639E-03  4.508770566709436E-06 44286387
  21     100.00     105.00  5.528608250647180E-03  4.729444080979288E-06 47472460	  21     100.00     105.00  5.528608250647180E-03  4.729444080979288E-06 47472460	  21     100.00     105.00  5.195717144710166E-03  4.331620772387535E-06 47472460	  21     100.00     105.00  5.195717144710166E-03  4.331620772387535E-06 47472460	  21     100.00     105.00  5.899465804864961E-03  5.209303549264678E-06 47472460	  21     100.00     105.00  5.899465804864961E-03  5.209303549264678E-06 47472460	  21     100.00     105.00  5.528608250647180E-03  4.729444080979288E-06 47472460
  22     105.00     110.00  5.843554759519123E-03  4.852257435783273E-06 50447464	  22     105.00     110.00  5.843554759519123E-03  4.852257435783273E-06 50447464	  22     105.00     110.00  5.485781759322182E-03  4.438221315420585E-06 50447464	  22     105.00     110.00  5.485781759322182E-03  4.438221315420585E-06 50447464	  22     105.00     110.00  6.243680790663348E-03  5.353159416121100E-06 50447464	  22     105.00     110.00  6.243680790663348E-03  5.353159416121100E-06 50447464	  22     105.00     110.00  5.843554759519123E-03  4.852257435783273E-06 50447464
  23     110.00     115.00  6.107799675072974E-03  4.920311085246114E-06 53184293	  23     110.00     115.00  6.107799675072974E-03  4.920311085246114E-06 53184293	  23     110.00     115.00  5.728225497319933E-03  4.498556808971115E-06 53184293	  23     110.00     115.00  5.728225497319933E-03  4.498556808971115E-06 53184293	  23     110.00     115.00  6.533756371954706E-03  5.431192652106231E-06 53184293	  23     110.00     115.00  6.533756371954706E-03  5.431192652106231E-06 53184293	  23     110.00     115.00  6.107799675072974E-03  4.920311085246114E-06 53184293
  24     115.00     120.00  6.313914704290458E-03  5.029248965996215E-06 55651883	  24     115.00     120.00  6.313914704290458E-03  5.029248965996215E-06 55651883	  24     115.00     120.00  5.916137962391906E-03  4.592421469898746E-06 55651883	  24     115.00     120.00  5.916137962391906E-03  4.592421469898746E-06 55651883	  24     115.00     120.00  6.761665066163960E-03  5.559209038268271E-06 55651883	  24     115.00     120.00  6.761665066163960E-03  5.559209038268271E-06 55651883	  24     115.00     120.00  6.313914704290458E-03  5.029248965996215E-06 55651883
  25     120.00     125.00  6.481876916508643E-03  4.983763231506854E-06 57903455	  25     120.00     125.00  6.481876916508643E-03  4.983763231506854E-06 57903455	  25     120.00     125.00  6.068353201666160E-03  4.555323465730918E-06 57903455	  25     120.00     125.00  6.068353201666160E-03  4.555323465730918E-06 57903455	  25     120.00     125.00  6.948615663449896E-03  5.502550690215130E-06 57903455	  25     120.00     125.00  6.948615663449896E-03  5.502550690215130E-06 57903455	  25     120.00     125.00  6.481876916508643E-03  4.983763231506854E-06 57903455
  26     125.00     130.00  6.605108557469646E-03  5.029909460341117E-06 59920313	  26     125.00     130.00  6.605108557469646E-03  5.029909460341117E-06 59920313	  26     125.00     130.00  6.178898702157952E-03  4.593264346454344E-06 59920313	  26     125.00     130.00  6.178898702157952E-03  4.593264346454344E-06 59920313	  26     125.00     130.00  7.087339933614357E-03  5.559345232087156E-06 59920313	  26     125.00     130.00  7.087339933614357E-03  5.559345232087156E-06 59920313	  26     125.00     130.00  6.605108557469646E-03  5.029909460341117E-06 59920313
  27     130.00     135.00  6.692855124225345E-03  5.052715163386614E-06 61688603	  27     130.00     135.00  6.692855124225345E-03  5.052715163386614E-06 61688603	  27     130.00     135.00  6.255998137289563E-03  4.612422873119144E-06 61688603	  27     130.00     135.00  6.255998137289563E-03  4.612422873119144E-06 61688603	  27     130.00     135.00  7.188343129750416E-03  5.586657546246089E-06 61688603	  27     130.00     135.00  7.188343129750416E-03  5.586657546246089E-06 61688603	  27     130.00     135.00  6.692855124225345E-03  5.052715163386614E-06 61688603
  28     135.00     140.00  6.733663900898742E-03  5.085434822319333E-06 63128510	  28     135.00     140.00  6.733663900898742E-03  5.085434822319333E-06 63128510	  28     135.00     140.00  6.289724448558901E-03  4.637372918061480E-06 63128510	  28     135.00     140.00  6.289724448558901E-03  4.637372918061480E-06 63128510	  28     135.00     140.00  7.238180426035137E-03  5.629717533574057E-06 63128510	  28     135.00     140.00  7.238180426035137E-03  5.629717533574057E-06 63128510	  28     135.00     140.00  6.733663900898742E-03  5.085434822319333E-06 63128510
  29     140.00     145.00  6.722981188120533E-03  4.961154087405640E-06 64197411	  29     140.00     145.00  6.722981188120533E-03  4.961154087405640E-06 64197411	  29     140.00     145.00  6.275356918215690E-03  4.526398994805116E-06 64197411	  29     140.00     145.00  6.275356918215690E-03  4.526398994805116E-06 64197411	  29     140.00     145.00  7.232685949463893E-03  5.488774265835828E-06 64197411	  29     140.00     145.00  7.232685949463893E-03  5.488774265835828E-06 64197411	  29     140.00     145.00  6.722981188120533E-03  4.961154087405640E-06 64197411
  30     145.00     150.00  6.697905626463896E-03  4.927138784336650E-06 64932438	  30     145.00     150.00  6.697905626463896E-03  4.927138784336650E-06 64932438	  30     145.00     150.00  6.247445763425548E-03  4.496180181943234E-06 64932438	  30     145.00     150.00  6.247445763425548E-03  4.496180181943234E-06 64932438	  30     145.00     150.00  7.211798815475144E-03  5.449685791817327E-06 64932438	  30     145.00     150.00  7.211798815475144E-03  5.449685791817327E-06 64932438	  30     145.00     150.00  6.697905626463896E-03  4.927138784336650E-06 64932438
  31     150.00     155.00  6.641561418229515E-03  4.934439357419852E-06 65370474	  31     150.00     155.00  6.641561418229515E-03  4.934439357419852E-06 65370474	  31     150.00     155.00  6.190250443416988E-03  4.497353129440713E-06 65370474	  31     150.00     155.00  6.190250443416988E-03  4.497353129440713E-06 65370474	  31     150.00     155.00  7.157448604744398E-03  5.465514389595600E-06 65370474	  31     150.00     155.00  7.157448604744398E-03  5.465514389595600E-06 65370474	  31     150.00     155.00  6.641561418229515E-03  4.934439357419852E-06 65370474
  32     155.00     160.00  6.553573045428080E-03  4.828367407559512E-06 65534314	  32     155.00     160.00  6.553573045428080E-03  4.828367407559512E-06 65534314	  32     155.00     160.00  6.104079657288042E-03  4.402354649945842E-06 65534314	  32     155.00     160.00  6.104079657288042E-03  4.402354649945842E-06 65534314	  32     155.00     160.00  7.068224042230321E-03  5.345619407118863E-06 65534314	  32     155.00     160.00  7.068224042230321E-03  5.345619407118863E-06 65534314	  32     155.00     160.00  6.553573045428080E-03  4.828367407559512E-06 65534314
  33     160.00     165.00  6.448343696169400E-03  4.826467781713368E-06 65481516	  33     160.00     165.00  6.448343696169400E-03  4.826467781713368E-06 65481516	  33     160.00     165.00  6.001628164625257E-03  4.396396922544820E-06 65481516	  33     160.00     165.00  6.001628164625257E-03  4.396396922544820E-06 65481516	  33     160.00     165.00  6.960701446619292E-03  5.349217491605294E-06 65481516	  33     160.00     165.00  6.960701446619292E-03  5.349217491605294E-06 65481516	  33     160.00     165.00  6.448343696169400E-03  4.826467781713368E-06 65481516
  34     165.00     170.00  6.321594273985367E-03  4.701388399607493E-06 65241805	  34     165.00     170.00  6.321594273985367E-03  4.701388399607493E-06 65241805	  34     165.00     170.00  5.879317151057371E-03  4.283950775685527E-06 65241805	  34     165.00     170.00  5.879317151057371E-03  4.283950775685527E-06 65241805	  34     165.00     170.00  6.829708780498870E-03  5.208170438125950E-06 65241805	  34     165.00     170.00  6.829708780498870E-03  5.208170438125950E-06 65241805	  34     165.00     170.00  6.321594273985367E-03  4.701388399607493E-06 65241805
  35     170.00     175.00  6.181408182768698E-03  4.628321089329530E-06 64842699	  35     170.00     175.00  6.181408182768698E-03  4.628321089329530E-06 64842699	  35     170.00     175.00  5.745367638604469E-03  4.217303121862319E-06 64842699	  35     170.00     175.00  5.745367638604469E-03  4.217303121862319E-06 64842699	  35     170.00     175.00  6.683014314657660E-03  5.127217434250890E-06 64842699	  35     170.00     175.00  6.683014314657660E-03  5.127217434250890E-06 64842699	  35     170.00     175.00  6.181408182768698E-03  4.628321089329530E-06 64842699
  36     175.00     180.00  6.024410242349316E-03  4.653270344916876E-06 64297697	  36     175.00     180.00  6.024410242349316E-03  4.653270344916876E-06 64297697	  36     175.00     180.00  5.595781420860014E-03  4.227360316287532E-06 64297697	  36     175.00     180.00  5.595781420860014E-03  4.227360316287532E-06 64297697	  36     175.00     180.00  6.518169390775452E-03  5.173876674755094E-06 64297697	  36     175.00     180.00  6.518169390775452E-03  5.173876674755094E-06 64297697	  36     175.00     180.00  6.024410242349316E-03  4.653270344916876E-06 64297697
  37     180.00     185.00  5.869047582318979E-03  4.465708530721425E-06 63641893	  37     180.00     185.00  5.869047582318979E-03  4.465708530721425E-06 63641893	  37     180.00     185.00  5.448005677571937E-03  4.069688053012413E-06 63641893	  37     180.00     185.00  5.448005677571937E-03  4.069688053012413E-06 63641893	  37     180.00     185.00  6.354673620986515E-03  4.945678618347249E-06 63641893	  37     180.00     185.00  6.354673620986515E-03  4.945678618347249E-06 63641893	  37     180.00     185.00  5.869047582318979E-03  4.465708530721425E-06 63641893
  38     185.00     190.00  5.701000254319976E-03  4.379592407901162E-06 62888008	  38     185.00     190.00  5.701000254319976E-03  4.379592407901162E-06 62888008	  38     185.00     190.00  5.288246183423963E-03  3.987736318240394E-06 62888008	  38     185.00     190.00  5.288246183423963E-03  3.987736318240394E-06 62888008	  38     185.00     190.00  6.177771693407775E-03  4.855360874793759E-06 62888008	  38     185.00     190.00  6.177771693407775E-03  4.855360874793759E-06 62888008	  38     185.00     190.00  5.701000254319976E-03  4.379592407901162E-06 62888008
  39     190.00     195.00  5.513784487938693E-03  4.285809614429710E-06 62019981	  39     190.00     195.00  5.513784487938693E-03  4.285809614429710E-06 62019981	  39     190.00     195.00  5.111766632970798E-03  3.901376581495769E-06 62019981	  39     190.00     195.00  5.111766632970798E-03  3.901376581495769E-06 62019981	  39     190.00     195.00  5.978621890123841E-03  4.752795479655399E-06 62019981	  39     190.00     195.00  5.978621890123841E-03  4.752795479655399E-06 62019981	  39     190.00     195.00  5.513784487938693E-03  4.285809614429710E-06 62019981
  40     195.00     200.00  5.344570113282239E-03  4.171663156612268E-06 61130866	  40     195.00     200.00  5.344570113282239E-03  4.171663156612268E-06 61130866	  40     195.00     200.00  4.951705692728065E-03  3.799334055986622E-06 61130866	  40     195.00     200.00  4.951705692728065E-03  3.799334055986622E-06 61130866	  40     195.00     200.00  5.799364817621013E-03  4.623326220735937E-06 61130866	  40     195.00     200.00  5.799364817621013E-03  4.623326220735937E-06 61130866	  40     195.00     200.00  5.344570113282239E-03  4.171663156612268E-06 61130866
  41     200.00     205.00  5.172036111340787E-03  4.103762975404505E-06 60159189	  41     200.00     205.00  5.172036111340787E-03  4.103762975404505E-06 60159189	  41     200.00     205.00  4.788782064499063E-03  3.736359312026128E-06 60159189	  41     200.00     205.00  4.788782064499063E-03  3.736359312026128E-06 60159189	  41     200.00     205.00  5.616226130823859E-03  4.549265886344941E-06 60159189	  41     200.00     205.00  5.616226130823859E-03  4.549265886344941E-06 60159189	  41     200.00     205.00  5.172036111340787E-03  4.103762975404505E-06 60159189
  42     205.00     210.00  4.985578194253108E-03  4.003448676938142E-06 59130719	  42     205.00     210.00  4.985578194253108E-03  4.003448676938142E-06 59130719	  42     205.00     210.00  4.613638672366506E-03  3.644682964095218E-06 59130719	  42     205.00     210.00  4.613638672366506E-03  3.644682964095218E-06 59130719	  42     205.00     210.00  5.417061581307859E-03  4.438652316994186E-06 59130719	  42     205.00     210.00  5.417061581307859E-03  4.438652316994186E-06 59130719	  42     205.00     210.00  4.985578194253108E-03  4.003448676938142E-06 59130719
  43     210.00     215.00  4.816080782896115E-03  3.912610378649131E-06 58075144	  43     210.00     215.00  4.816080782896115E-03  3.912610378649131E-06 58075144	  43     210.00     215.00  4.454174375284170E-03  3.562319342719886E-06 58075144	  43     210.00     215.00  4.454174375284170E-03  3.562319342719886E-06 58075144	  43     210.00     215.00  5.236350551891467E-03  4.337097553942168E-06 58075144	  43     210.00     215.00  5.236350551891467E-03  4.337097553942168E-06 58075144	  43     210.00     215.00  4.816080782896115E-03  3.912610378649131E-06 58075144
  44     215.00     220.00  4.633657087437568E-03  3.826736020757956E-06 56955659	  44     215.00     220.00  4.633657087437568E-03  3.826736020757956E-06 56955659	  44     215.00     220.00  4.282959931233800E-03  3.481344001204629E-06 56955659	  44     215.00     220.00  4.282959931233800E-03  3.481344001204629E-06 56955659	  44     215.00     220.00  5.041314250786385E-03  4.245796251490138E-06 56955659	  44     215.00     220.00  5.041314250786385E-03  4.245796251490138E-06 56955659	  44     215.00     220.00  4.633657087437568E-03  3.826736020757956E-06 56955659
  45     220.00     225.00  4.456878297514651E-03  3.704348372970113E-06 55824546	  45     220.00     225.00  4.456878297514651E-03  3.704348372970113E-06 55824546	  45     220.00     225.00  4.117175512449400E-03  3.371914140532072E-06 55824546	  45     220.00     225.00  4.117175512449400E-03  3.371914140532072E-06 55824546	  45     220.00     225.00  4.852139735382407E-03  4.107227511896887E-06 55824546	  45     220.00     225.00  4.852139735382407E-03  4.107227511896887E-06 55824546	  45     220.00     225.00  4.456878297514651E-03  3.704348372970113E-06 55824546
  46     225.00     230.00  4.290432017083489E-03  3.613549314357526E-06 54662718	  46     225.00     230.00  4.290432017083489E-03  3.613549314357526E-06 54662718	  46     225.00     230.00  3.961030741434267E-03  3.288217775983310E-06 54662718	  46     225.00     230.00  3.961030741434267E-03  3.288217775983310E-06 54662718	  46     225.00     230.00  4.674077027738956E-03  4.007776666492488E-06 54662718	  46     225.00     230.00  4.674077027738956E-03  4.007776666492488E-06 54662718	  46     225.00     230.00  4.290432017083489E-03  3.613549314357526E-06 54662718
  47     230.00     235.00  4.129761076091533E-03  3.529823702961841E-06 53500220	  47     230.00     235.00  4.129761076091533E-03  3.529823702961841E-06 53500220	  47     230.00     235.00  3.810461853236476E-03  3.211761091246734E-06 53500220	  47     230.00     235.00  3.810461853236476E-03  3.211761091246734E-06 53500220	  47     230.00     235.00  4.502000060179110E-03  3.915306442263547E-06 53500220	  47     230.00     235.00  4.502000060179110E-03  3.915306442263547E-06 53500220	  47     230.00     235.00  4.129761076091533E-03  3.529823702961841E-06 53500220
  48     235.00     240.00  3.959894381338240E-03  3.437807323455820E-06 52319411	  48     235.00     240.00  3.959894381338240E-03  3.437807323455820E-06 52319411	  48     235.00     240.00  3.651949353930114E-03  3.128367067166350E-06 52319411	  48     235.00     240.00  3.651949353930114E-03  3.128367067166350E-06 52319411	  48     235.00     240.00  4.319154604750458E-03  3.812583895168243E-06 52319411	  48     235.00     240.00  4.319154604750458E-03  3.812583895168243E-06 52319411	  48     235.00     240.00  3.959894381338240E-03  3.437807323455820E-06 52319411
  49     240.00     245.00  3.813547599379000E-03  3.373908388392163E-06 51125116	  49     240.00     245.00  3.813547599379000E-03  3.373908388392163E-06 51125116	  49     240.00     245.00  3.514717616570330E-03  3.067551985240662E-06 51125116	  49     240.00     245.00  3.514717616570330E-03  3.067551985240662E-06 51125116	  49     240.00     245.00  4.162546295051941E-03  3.745344827772488E-06 51125116	  49     240.00     245.00  4.162546295051941E-03  3.745344827772488E-06 51125116	  49     240.00     245.00  3.813547599379000E-03  3.373908388392163E-06 51125116
  50     245.00     250.00  3.661115743506950E-03  3.281128532377502E-06 49919905	  50     245.00     250.00  3.661115743506950E-03  3.281128532377502E-06 49919905	  50     245.00     250.00  3.372306227984890E-03  2.983770619672730E-06 49919905	  50     245.00     250.00  3.372306227984890E-03  2.983770619672730E-06 49919905	  50     245.00     250.00  3.998711552986067E-03  3.641462407166407E-06 49919905	  50     245.00     250.00  3.998711552986067E-03  3.641462407166407E-06 49919905	  50     245.00     250.00  3.661115743506950E-03  3.281128532377502E-06 49919905
  51     250.00     255.00  3.507331588880284E-03  3.203846740582401E-06 48713444	  51     250.00     255.00  3.507331588880284E-03  3.203846740582401E-06 48713444	  51     250.00     255.00  3.229060368630793E-03  2.912549799688193E-06 48713444	  51     250.00     255.00  3.229060368630793E-03  2.912549799688193E-06 48713444	  51     250.00     255.00  3.832837008871988E-03  3.556916321784431E-06 48713444	  51     250.00     255.00  3.832837008871988E-03  3.556916321784431E-06 48713444	  51     250.00     255.00  3.507331588880284E-03  3.203846740582401E-06 48713444
  52     255.00     260.00  3.369482223780925E-03  3.126368122930752E-06 47526118	  52     255.00     260.00  3.369482223780925E-03  3.126368122930752E-06 47526118	  52     255.00     260.00  3.100586059629706E-03  2.842938603644101E-06 47526118	  52     255.00     260.00  3.100586059629706E-03  2.842938603644101E-06 47526118	  52     255.00     260.00  3.684253148547255E-03  3.469571786851675E-06 47526118	  52     255.00     260.00  3.684253148547255E-03  3.469571786851675E-06 47526118	  52     255.00     260.00  3.369482223780925E-03  3.126368122930752E-06 47526118
  53     260.00     265.00  3.224889992358417E-03  3.035183687704955E-06 46369981	  53     260.00     265.00  3.224889992358417E-03  3.035183687704955E-06 46369981	  53     260.00     265.00  2.966121095635631E-03  2.759052517967737E-06 46369981	  53     260.00     265.00  2.966121095635631E-03  2.759052517967737E-06 46369981	  53     260.00     265.00  3.528018180856008E-03  3.369710819570212E-06 46369981	  53     260.00     265.00  3.528018180856008E-03  3.369710819570212E-06 46369981	  53     260.00     265.00  3.224889992358417E-03  3.035183687704955E-06 46369981
  54     265.00     270.00  3.093285134388364E-03  2.938207121709694E-06 45221471	  54     265.00     270.00  3.093285134388364E-03  2.938207121709694E-06 45221471	  54     265.00     270.00  2.843493271935430E-03  2.670927965677515E-06 45221471	  54     265.00     270.00  2.843493271935430E-03  2.670927965677515E-06 45221471	  54     265.00     270.00  3.386144874314162E-03  3.261904623933342E-06 45221471	  54     265.00     270.00  3.386144874314162E-03  3.261904623933342E-06 45221471	  54     265.00     270.00  3.093285134388364E-03  2.938207121709694E-06 45221471
  55     270.00     275.00  2.967926042224644E-03  2.879625878061614E-06 44126707	  55     270.00     275.00  2.967926042224644E-03  2.879625878061614E-06 44126707	  55     270.00     275.00  2.726839829294924E-03  2.617676060979685E-06 44126707	  55     270.00     275.00  2.726839829294924E-03  2.617676060979685E-06 44126707	  55     270.00     275.00  3.250795301376355E-03  3.196761656407300E-06 44126707	  55     270.00     275.00  3.250795301376355E-03  3.196761656407300E-06 44126707	  55     270.00     275.00  2.967926042224644E-03  2.879625878061614E-06 44126707
  56     275.00     280.00  2.841297209110845E-03  2.819703525919189E-06 43028633	  56     275.00     280.00  2.841297209110845E-03  2.819703525919189E-06 43028633	  56     275.00     280.00  2.609008135937040E-03  2.559966900691050E-06 43028633	  56     275.00     280.00  2.609008135937040E-03  2.559966900691050E-06 43028633	  56     275.00     280.00  3.114072001064758E-03  3.134654898112951E-06 43028633	  56     275.00     280.00  3.114072001064758E-03  3.134654898112951E-06 43028633	  56     275.00     280.00  2.841297209110845E-03  2.819703525919189E-06 43028633
  57     280.00     285.00  2.723500600144416E-03  2.746509624148012E-06 41960219	  57     280.00     285.00  2.723500600144416E-03  2.746509624148012E-06 41960219	  57     280.00     285.00  2.499701504710332E-03  2.494714229402027E-06 41960219	  57     280.00     285.00  2.499701504710332E-03  2.494714229402027E-06 41960219	  57     280.00     285.00  2.986467585947873E-03  3.051502492131336E-06 41960219	  57     280.00     285.00  2.986467585947873E-03  3.051502492131336E-06 41960219	  57     280.00     285.00  2.723500600144416E-03  2.746509624148012E-06 41960219
  58     285.00     290.00  2.611039033642396E-03  2.669870465817142E-06 40941132	  58     285.00     290.00  2.611039033642396E-03  2.669870465817142E-06 40941132	  58     285.00     290.00  2.395289177865561E-03  2.425094849873729E-06 40941132	  58     285.00     290.00  2.395289177865561E-03  2.425094849873729E-06 40941132	  58     285.00     290.00  2.864723471303031E-03  2.966238525980130E-06 40941132	  58     285.00     290.00  2.864723471303031E-03  2.966238525980130E-06 40941132	  58     285.00     290.00  2.611039033642396E-03  2.669870465817142E-06 40941132
  59     290.00     295.00  2.497722936493219E-03  2.601507304800179E-06 39926862	  59     290.00     295.00  2.497722936493219E-03  2.601507304800179E-06 39926862	  59     290.00     295.00  2.290173105300027E-03  2.362103084006022E-06 39926862	  59     290.00     295.00  2.290173105300027E-03  2.362103084006022E-06 39926862	  59     290.00     295.00  2.741947359135005E-03  2.891744709099623E-06 39926862	  59     290.00     295.00  2.741947359135005E-03  2.891744709099623E-06 39926862	  59     290.00     295.00  2.497722936493219E-03  2.601507304800179E-06 39926862
  60     295.00     300.00  2.391725671774491E-03  2.512856046190140E-06 38934378	  60     295.00     300.00  2.391725671774491E-03  2.512856046190140E-06 38934378	  60     295.00     300.00  2.192042865800005E-03  2.282072022970932E-06 38934378	  60     295.00     300.00  2.192042865800005E-03  2.282072022970932E-06 38934378	  60     295.00     300.00  2.626819592341850E-03  2.792264927227408E-06 38934378	  60     295.00     300.00  2.626819592341850E-03  2.792264927227408E-06 38934378	  60     295.00     300.00  2.391725671774491E-03  2.512856046190140E-06 38934378
  61     300.00     305.00  2.288412503357642E-03  2.440167797539594E-06 37980030	  61     300.00     305.00  2.288412503357642E-03  2.440167797539594E-06 37980030	  61     300.00     305.00  2.096304192420264E-03  2.215362458297267E-06 37980030	  61     300.00     305.00  2.096304192420264E-03  2.215362458297267E-06 37980030	  61     300.00     305.00  2.514744384358756E-03  2.712331343294873E-06 37980030	  61     300.00     305.00  2.514744384358756E-03  2.712331343294873E-06 37980030	  61     300.00     305.00  2.288412503357642E-03  2.440167797539594E-06 37980030
  62     305.00     310.00  2.195456588244119E-03  2.409433771055293E-06 37061268	  62     305.00     310.00  2.195456588244119E-03  2.409433771055293E-06 37061268	  62     305.00     310.00  2.010024623047800E-03  2.186249048415583E-06 37061268	  62     305.00     310.00  2.010024623047800E-03  2.186249048415583E-06 37061268	  62     305.00     310.00  2.414092691079928E-03  2.679811690761969E-06 37061268	  62     305.00     310.00  2.414092691079928E-03  2.679811690761969E-06 37061268	  62     305.00     310.00  2.195456588244119E-03  2.409433771055293E-06 37061268
  63     310.00     315.00  2.097497352324811E-03  2.314096517781747E-06 36154921	  63     310.00     315.00  2.097497352324811E-03  2.314096517781747E-06 36154921	  63     310.00     315.00  1.919656843906994E-03  2.100129128629209E-06 36154921	  63     310.00     315.00  1.919656843906994E-03  2.100129128629209E-06 36154921	  63     310.00     315.00  2.307280107434544E-03  2.573220665312799E-06 36154921	  63     310.00     315.00  2.307280107434544E-03  2.573220665312799E-06 36154921	  63     310.00     315.00  2.097497352324811E-03  2.314096517781747E-06 36154921
  64     315.00     320.00  2.009279171158436E-03  2.257633582064027E-06 35271411	  64     315.00     320.00  2.009279171158436E-03  2.257633582064027E-06 35271411	  64     315.00     320.00  1.838024216162023E-03  2.048758956807594E-06 35271411	  64     315.00     320.00  1.838024216162023E-03  2.048758956807594E-06 35271411	  64     315.00     320.00  2.211423289222952E-03  2.510546891844453E-06 35271411	  64     315.00     320.00  2.211423289222952E-03  2.510546891844453E-06 35271411	  64     315.00     320.00  2.009279171158436E-03  2.257633582064027E-06 35271411
  65     320.00     325.00  1.923318831412467E-03  2.207550940175443E-06 34402885	  65     320.00     325.00  1.923318831412467E-03  2.207550940175443E-06 34402885	  65     320.00     325.00  1.758524319494410E-03  2.002032708400935E-06 34402885	  65     320.00     325.00  1.758524319494410E-03  2.002032708400935E-06 34402885	  65     320.00     325.00  2.117963597123652E-03  2.456551493842177E-06 34402885	  65     320.00     325.00  2.117963597123652E-03  2.456551493842177E-06 34402885	  65     320.00     325.00  1.923318831412467E-03  2.207550940175443E-06 34402885
  66     325.00     330.00  1.841753746021742E-03  2.135505694707469E-06 33579859	  66     325.00     330.00  1.841753746021742E-03  2.135505694707469E-06 33579859	  66     325.00     330.00  1.683131179983599E-03  1.937017833038925E-06 33579859	  66     325.00     330.00  1.683131179983599E-03  1.937017833038925E-06 33579859	  66     325.00     330.00  2.029229894546641E-03  2.375842970284253E-06 33579859	  66     325.00     330.00  2.029229894546641E-03  2.375842970284253E-06 33579859	  66     325.00     330.00  1.841753746021742E-03  2.135505694707469E-06 33579859
  67     330.00     335.00  1.760990314147685E-03  2.077791918318604E-06 32771684	  67     330.00     335.00  1.760990314147685E-03  2.077791918318604E-06 32771684	  67     330.00     335.00  1.608675633736884E-03  1.884009063494013E-06 32771684	  67     330.00     335.00  1.608675633736884E-03  1.884009063494013E-06 32771684	  67     330.00     335.00  1.941104426422045E-03  2.312501700571763E-06 32771684	  67     330.00     335.00  1.941104426422045E-03  2.312501700571763E-06 32771684	  67     330.00     335.00  1.760990314147685E-03  2.077791918318604E-06 32771684
  68     335.00     340.00  1.683129415763405E-03  2.009266771611220E-06 31985270	  68     335.00     340.00  1.683129415763405E-03  2.009266771611220E-06 31985270	  68     335.00     340.00  1.536929681325444E-03  1.822558570817340E-06 31985270	  68     335.00     340.00  1.536929681325444E-03  1.822558570817340E-06 31985270	  68     335.00     340.00  1.856102181653440E-03  2.235273094668836E-06 31985270	  68     335.00     340.00  1.856102181653440E-03  2.235273094668836E-06 31985270	  68     335.00     340.00  1.683129415763405E-03  2.009266771611220E-06 31985270
  69     340.00     345.00  1.616459735931882E-03  1.974069875103039E-06 31211383	  69     340.00     345.00  1.616459735931882E-03  1.974069875103039E-06 31211383	  69     340.00     345.00  1.475306549726835E-03  1.789757627240024E-06 31211383	  69     340.00     345.00  1.475306549726835E-03  1.789757627240024E-06 31211383	  69     340.00     345.00  1.783572005773294E-03  2.197243487929901E-06 31211383	  69     340.00     345.00  1.783572005773294E-03  2.197243487929901E-06 31211383	  69     340.00     345.00  1.616459735931882E-03  1.974069875103039E-06 31211383
  70     345.00     350.00  1.547260689018595E-03  1.922062899450749E-06 30475361	  70     345.00     350.00  1.547260689018595E-03  1.922062899450749E-06 30475361	  70     345.00     350.00  1.411546810785635E-03  1.742244621285011E-06 30475361	  70     345.00     350.00  1.411546810785635E-03  1.742244621285011E-06 30475361	  70     345.00     350.00  1.708020130184023E-03  2.139794819071155E-06 30475361	  70     345.00     350.00  1.708020130184023E-03  2.139794819071155E-06 30475361	  70     345.00     350.00  1.547260689018595E-03  1.922062899450749E-06 30475361
  71     350.00     355.00  1.481685503408721E-03  1.871773709912731E-06 29758939	  71     350.00     355.00  1.481685503408721E-03  1.871773709912731E-06 29758939	  71     350.00     355.00  1.351167035851549E-03  1.696392021027109E-06 29758939	  71     350.00     355.00  1.351167035851549E-03  1.696392021027109E-06 29758939	  71     350.00     355.00  1.636369486220118E-03  2.084128514625418E-06 29758939	  71     350.00     355.00  1.636369486220118E-03  2.084128514625418E-06 29758939	  71     350.00     355.00  1.481685503408721E-03  1.871773709912731E-06 29758939
  72     355.00     360.00  1.420003232432162E-03  1.825353793040246E-06 29055631	  72     355.00     360.00  1.420003232432162E-03  1.825353793040246E-06 29055631	  72     355.00     360.00  1.294305495626572E-03  1.653330560033229E-06 29055631	  72     355.00     360.00  1.294305495626572E-03  1.653330560033229E-06 29055631	  72     355.00     360.00  1.569065384026892E-03  2.033847072155462E-06 29055631	  72     355.00     360.00  1.569065384026892E-03  2.033847072155462E-06 29055631	  72     355.00     360.00  1.420003232432162E-03  1.825353793040246E-06 29055631
  73     360.00     365.00  1.358507392846745E-03  1.783083028952700E-06 28363845	  73     360.00     365.00  1.358507392846745E-03  1.783083028952700E-06 28363845	  73     360.00     365.00  1.237723264543980E-03  1.614674433204741E-06 28363845	  73     360.00     365.00  1.237723264543980E-03  1.614674433204741E-06 28363845	  73     360.00     365.00  1.501815656561508E-03  1.987175729644324E-06 28363845	  73     360.00     365.00  1.501815656561508E-03  1.987175729644324E-06 28363845	  73     360.00     365.00  1.358507392846745E-03  1.783083028952700E-06 28363845
  74     365.00     370.00  1.302973033020103E-03  1.725913226229662E-06 27706932	  74     365.00     370.00  1.302973033020103E-03  1.725913226229662E-06 27706932	  74     365.00     370.00  1.186609311174311E-03  1.562534438432392E-06 27706932	  74     365.00     370.00  1.186609311174311E-03  1.562534438432392E-06 27706932	  74     365.00     370.00  1.441113339691267E-03  1.923961846324918E-06 27706932	  74     365.00     370.00  1.441113339691267E-03  1.923961846324918E-06 27706932	  74     365.00     370.00  1.302973033020103E-03  1.725913226229662E-06 27706932
  75     370.00     375.00  1.244355138416487E-03  1.664807622398190E-06 27063696	  75     370.00     375.00  1.244355138416487E-03  1.664807622398190E-06 27063696	  75     370.00     375.00  1.132808023129656E-03  1.507453137269019E-06 27063696	  75     370.00     375.00  1.132808023129656E-03  1.507453137269019E-06 27063696	  75     370.00     375.00  1.376843646232617E-03  1.855473170706390E-06 27063696	  75     370.00     375.00  1.376843646232617E-03  1.855473170706390E-06 27063696	  75     370.00     375.00  1.244355138416487E-03  1.664807622398190E-06 27063696
  76     375.00     380.00  1.194212079091489E-03  1.660917076666066E-06 26437873	  76     375.00     380.00  1.194212079091489E-03  1.660917076666066E-06 26437873	  76     375.00     380.00  1.086661111950874E-03  1.501167851761643E-06 26437873	  76     375.00     380.00  1.086661111950874E-03  1.501167851761643E-06 26437873	  76     375.00     380.00  1.322024442127076E-03  1.855032743516527E-06 26437873	  76     375.00     380.00  1.322024442127076E-03  1.855032743516527E-06 26437873	  76     375.00     380.00  1.194212079091489E-03  1.660917076666066E-06 26437873
  77     380.00     385.00  1.143043365981646E-03  1.581411961634365E-06 25838107	  77     380.00     385.00  1.143043365981646E-03  1.581411961634365E-06 25838107	  77     380.00     385.00  1.039755704684985E-03  1.431970081820581E-06 25838107	  77     380.00     385.00  1.039755704684985E-03  1.431970081820581E-06 25838107	  77     380.00     385.00  1.265831180590343E-03  1.762346561230091E-06 25838107	  77     380.00     385.00  1.265831180590343E-03  1.762346561230091E-06 25838107	  77     380.00     385.00  1.143043365981646E-03  1.581411961634365E-06 25838107
  78     385.00     390.00  1.094674392835917E-03  1.547954953546346E-06 25238771	  78     385.00     390.00  1.094674392835917E-03  1.547954953546346E-06 25238771	  78     385.00     390.00  9.952752500356954E-04  1.400484428841262E-06 25238771	  78     385.00     390.00  9.952752500356954E-04  1.400484428841262E-06 25238771	  78     385.00     390.00  1.212911540310944E-03  1.726714140774455E-06 25238771	  78     385.00     390.00  1.212911540310944E-03  1.726714140774455E-06 25238771	  78     385.00     390.00  1.094674392835917E-03  1.547954953546346E-06 25238771
  79     390.00     395.00  1.052184202141655E-03  1.508808397846806E-06 24668160	  79     390.00     395.00  1.052184202141655E-03  1.508808397846806E-06 24668160	  79     390.00     395.00  9.561909986347991E-04  1.365303958553724E-06 24668160	  79     390.00     395.00  9.561909986347991E-04  1.365303958553724E-06 24668160	  79     390.00     395.00  1.166438557203575E-03  1.682627314417757E-06 24668160	  79     390.00     395.00  1.166438557203575E-03  1.682627314417757E-06 24668160	  79     390.00     395.00  1.052184202141655E-03  1.508808397846806E-06 24668160
  80     395.00     400.00  1.007923580809451E-03  1.466345650986773E-06 24114045	  80     395.00     400.00  1.007923580809451E-03  1.466345650986773E-06 24114045	  80     395.00     400.00  9.156301842071963E-04  1.326957491326405E-06 24114045	  80     395.00     400.00  9.156301842071963E-04  1.326957491326405E-06 24114045	  80     395.00     400.00  1.117822472371769E-03  1.635131975239785E-06 24114045	  80     395.00     400.00  1.117822472371769E-03  1.635131975239785E-06 24114045	  80     395.00     400.00  1.007923580809451E-03  1.466345650986773E-06 24114045
  81     400.00     405.00  9.653160625445429E-04  1.437102082566197E-06 23576072	  81     400.00     405.00  9.653160625445429E-04  1.437102082566197E-06 23576072	  81     400.00     405.00  8.765512980216973E-04  1.298976516482237E-06 23576072	  81     400.00     405.00  8.765512980216973E-04  1.298976516482237E-06 23576072	  81     400.00     405.00  1.071067558262109E-03  1.604635186389570E-06 23576072	  81     400.00     405.00  1.071067558262109E-03  1.604635186389570E-06 23576072	  81     400.00     405.00  9.653160625445429E-04  1.437102082566197E-06 23576072
  82     405.00     410.00  9.249602288509979E-04  1.386317243738928E-06 23055318	  82     405.00     410.00  9.249602288509979E-04  1.386317243738928E-06 23055318	  82     405.00     410.00  8.396556537832283E-04  1.254230438979808E-06 23055318	  82     405.00     410.00  8.396556537832283E-04  1.254230438979808E-06 23055318	  82     405.00     410.00  1.026620427218450E-03  1.546257752504966E-06 23055318	  82     405.00     410.00  1.026620427218450E-03  1.546257752504966E-06 23055318	  82     405.00     410.00  9.249602288509979E-04  1.386317243738928E-06 23055318
  83     410.00     415.00  8.847774808125705E-04  1.347804136835691E-06 22542838	  83     410.00     415.00  8.847774808125705E-04  1.347804136835691E-06 22542838	  83     410.00     415.00  8.028251862384595E-04  1.217820375765845E-06 22542838	  83     410.00     415.00  8.028251862384595E-04  1.217820375765845E-06 22542838	  83     410.00     415.00  9.824985013222255E-04  1.505547212963454E-06 22542838	  83     410.00     415.00  9.824985013222255E-04  1.505547212963454E-06 22542838	  83     410.00     415.00  8.847774808125705E-04  1.347804136835691E-06 22542838
  84     415.00     420.00  8.468930493610289E-04  1.313517852416032E-06 22047601	  84     415.00     420.00  8.468930493610289E-04  1.313517852416032E-06 22047601	  84     415.00     420.00  7.681797499335426E-04  1.187296571064511E-06 22047601	  84     415.00     420.00  7.681797499335426E-04  1.187296571064511E-06 22047601	  84     415.00     420.00  9.407866858626785E-04  1.466429959706247E-06 22047601	  84     415.00     420.00  9.407866858626785E-04  1.466429959706247E-06 22047601	  84     415.00     420.00  8.468930493610289E-04  1.313517852416032E-06 22047601
  85     420.00     425.00  8.155375012631005E-04  1.284934945931662E-06 21564623	  85     420.00     425.00  8.155375012631005E-04  1.284934945931662E-06 21564623	  85     420.00     425.00  7.394131386030689E-04  1.161031318561457E-06 21564623	  85     420.00     425.00  7.394131386030689E-04  1.161031318561457E-06 21564623	  85     420.00     425.00  9.063890780634045E-04  1.435133396048317E-06 21564623	  85     420.00     425.00  9.063890780634045E-04  1.435133396048317E-06 21564623	  85     420.00     425.00  8.155375012631005E-04  1.284934945931662E-06 21564623
  86     425.00     430.00  7.814991128100407E-04  1.242559015676925E-06 21090833	  86     425.00     430.00  7.814991128100407E-04  1.242559015676925E-06 21090833	  86     425.00     430.00  7.083249041479658E-04  1.123444258326878E-06 21090833	  86     425.00     430.00  7.083249041479658E-04  1.123444258326878E-06 21090833	  86     425.00     430.00  8.688657580608566E-04  1.386858246251383E-06 21090833	  86     425.00     430.00  8.688657580608566E-04  1.386858246251383E-06 21090833	  86     425.00     430.00  7.814991128100407E-04  1.242559015676925E-06 21090833
  87     430.00     435.00  7.462044217863927E-04  1.202472341262713E-06 20633699	  87     430.00     435.00  7.462044217863927E-04  1.202472341262713E-06 20633699	  87     430.00     435.00  6.760166041841140E-04  1.085933376608579E-06 20633699	  87     430.00     435.00  6.760166041841140E-04  1.085933376608579E-06 20633699	  87     430.00     435.00  8.300516303798911E-04  1.343874403172159E-06 20633699	  87     430.00     435.00  8.300516303798911E-04  1.343874403172159E-06 20633699	  87     430.00     435.00  7.462044217863927E-04  1.202472341262713E-06 20633699
  88     435.00     440.00  7.185602642902797E-04  1.190481113223084E-06 20186402	  88     435.00     440.00  7.185602642902797E-04  1.190481113223084E-06 20186402	  88     435.00     440.00  6.507536122443580E-04  1.075266249801405E-06 20186402	  88     435.00     440.00  6.507536122443580E-04  1.075266249801405E-06 20186402	  88     435.00     440.00  7.995937727076343E-04  1.330151296147076E-06 20186402	  88     435.00     440.00  7.995937727076343E-04  1.330151296147076E-06 20186402	  88     435.00     440.00  7.185602642902797E-04  1.190481113223084E-06 20186402
  89     440.00     445.00  6.850898028975447E-04  1.128846406855756E-06 19752968	  89     440.00     445.00  6.850898028975447E-04  1.128846406855756E-06 19752968	  89     440.00     445.00  6.202162528466992E-04  1.019918471941807E-06 19752968	  89     440.00     445.00  6.202162528466992E-04  1.019918471941807E-06 19752968	  89     440.00     445.00  7.626490543778576E-04  1.260783469345985E-06 19752968	  89     440.00     445.00  7.626490543778576E-04  1.260783469345985E-06 19752968	  89     440.00     445.00  6.850898028975447E-04  1.128846406855756E-06 19752968
  90     445.00     450.00  6.602367527030091E-04  1.123422173548043E-06 19337126	  90     445.00     450.00  6.602367527030091E-04  1.123422173548043E-06 19337126	  90     445.00     450.00  5.974536930474067E-04  1.014000212613377E-06 19337126	  90     445.00     450.00  5.974536930474067E-04  1.014000212613377E-06 19337126	  90     445.00     450.00  7.353358870909190E-04  1.256158369583405E-06 19337126	  90     445.00     450.00  7.353358870909190E-04  1.256158369583405E-06 19337126	  90     445.00     450.00  6.602367527030091E-04  1.123422173548043E-06 19337126
  91     450.00     455.00  6.342120042617318E-04  1.081562632844782E-06 18934794	  91     450.00     455.00  6.342120042617318E-04  1.081562632844782E-06 18934794	  91     450.00     455.00  5.737327848573824E-04  9.766444490813398E-07 18934794	  91     450.00     455.00  5.737327848573824E-04  9.766444490813398E-07 18934794	  91     450.00     455.00  7.065795022022147E-04  1.208711108699142E-06 18934794	  91     450.00     455.00  7.065795022022147E-04  1.208711108699142E-06 18934794	  91     450.00     455.00  6.342120042617318E-04  1.081562632844782E-06 18934794
  92     455.00     460.00  6.100574519148339E-04  1.085504513646756E-06 18531140	  92     455.00     460.00  6.100574519148339E-04  1.085504513646756E-06 18531140	  92     455.00     460.00  5.516298403657904E-04  9.787437495119379E-07 18531140	  92     455.00     460.00  5.516298403657904E-04  9.787437495119379E-07 18531140	  92     455.00     460.00  6.800098838341350E-04  1.215131881665677E-06 18531140	  92     455.00     460.00  6.800098838341350E-04  1.215131881665677E-06 18531140	  92     455.00     460.00  6.100574519148339E-04  1.085504513646756E-06 18531140
  93     460.00     465.00  5.854877618042228E-04  1.041058749713271E-06 18147313	  93     460.00     465.00  5.854877618042228E-04  1.041058749713271E-06 18147313	  93     460.00     465.00  5.292576267332725E-04  9.392089413844788E-07 18147313	  93     460.00     465.00  5.292576267332725E-04  9.392089413844788E-07 18147313	  93     460.00     465.00  6.528301293436496E-04  1.164629605501621E-06 18147313	  93     460.00     465.00  6.528301293436496E-04  1.164629605501621E-06 18147313	  93     460.00     465.00  5.854877618042228E-04  1.041058749713271E-06 18147313
  94     465.00     470.00  5.604586435862123E-04  1.009485436266244E-06 17771934	  94     465.00     470.00  5.604586435862123E-04  1.009485436266244E-06 17771934	  94     465.00     470.00  5.064774340388349E-04  9.108863464700108E-07 17771934	  94     465.00     470.00  5.064774340388349E-04  9.108863464700108E-07 17771934	  94     465.00     470.00  6.251268296956306E-04  1.129002939097590E-06 17771934	  94     465.00     470.00  6.251268296956306E-04  1.129002939097590E-06 17771934	  94     465.00     470.00  5.604586435862123E-04  1.009485436266244E-06 17771934
  95     470.00     475.00  5.382793743142303E-04  9.813422769446364E-07 17401197	  95     470.00     475.00  5.382793743142303E-04  9.813422769446364E-07 17401197	  95     470.00     475.00  4.862816820517254E-04  8.852738637310311E-07 17401197	  95     470.00     475.00  4.862816820517254E-04  8.852738637310311E-07 17401197	  95     470.00     475.00  6.005934000644923E-04  1.097847386276356E-06 17401197	  95     470.00     475.00  6.005934000644923E-04  1.097847386276356E-06 17401197	  95     470.00     475.00  5.382793743142303E-04  9.813422769446364E-07 17401197
  96     475.00     480.00  5.167976522050251E-04  9.512524266242689E-07 17050528	  96     475.00     480.00  5.167976522050251E-04  9.512524266242689E-07 17050528	  96     475.00     480.00  4.666630110703805E-04  8.578865507861214E-07 17050528	  96     475.00     480.00  4.666630110703805E-04  8.578865507861214E-07 17050528	  96     475.00     480.00  5.769103925577178E-04  1.064525862158991E-06 17050528	  96     475.00     480.00  5.769103925577178E-04  1.064525862158991E-06 17050528	  96     475.00     480.00  5.167976522050251E-04  9.512524266242689E-07 17050528
  97     480.00     485.00  4.956816440866083E-04  9.222523964286872E-07 16699519	  97     480.00     485.00  4.956816440866083E-04  9.222523964286872E-07 16699519	  97     480.00     485.00  4.474596914364083E-04  8.321744589362655E-07 16699519	  97     480.00     485.00  4.474596914364083E-04  8.321744589362655E-07 16699519	  97     480.00     485.00  5.535213921068337E-04  1.031431611647819E-06 16699519	  97     480.00     485.00  5.535213921068337E-04  1.031431611647819E-06 16699519	  97     480.00     485.00  4.956816440866083E-04  9.222523964286872E-07 16699519
  98     485.00     490.00  4.777785274172708E-04  9.185415186464141E-07 16361162	  98     485.00     490.00  4.777785274172708E-04  9.185415186464141E-07 16361162	  98     485.00     490.00  4.311177450983678E-04  8.280082122880261E-07 16361162	  98     485.00     490.00  4.311177450983678E-04  8.280082122880261E-07 16361162	  98     485.00     490.00  5.337702721707166E-04  1.028367747728382E-06 16361162	  98     485.00     490.00  5.337702721707166E-04  1.028367747728382E-06 16361162	  98     485.00     490.00  4.777785274172708E-04  9.185415186464141E-07 16361162
  99     490.00     495.00  4.569309817139679E-04  8.763716369753744E-07 16035903	  99     490.00     495.00  4.569309817139679E-04  8.763716369753744E-07 16035903	  99     490.00     495.00  4.121233663586184E-04  7.897608014267811E-07 16035903	  99     490.00     495.00  4.121233663586184E-04  7.897608014267811E-07 16035903	  99     490.00     495.00  5.107273435252313E-04  9.814660760890812E-07 16035903	  99     490.00     495.00  5.107273435252313E-04  9.814660760890812E-07 16035903	  99     490.00     495.00  4.569309817139679E-04  8.763716369753744E-07 16035903
 100     495.00     500.00  4.377826245925688E-04  8.531904894194933E-07 15713609	 100     495.00     500.00  4.377826245925688E-04  8.531904894194933E-07 15713609	 100     495.00     500.00  3.947252444505836E-04  7.687768910166251E-07 15713609	 100     495.00     500.00  3.947252444505836E-04  7.687768910166251E-07 15713609	 100     495.00     500.00  4.895004825722623E-04  9.556380246349428E-07 15713609	 100     495.00     500.00  4.895004825722623E-04  9.556380246349428E-07 15713609	 100     495.00     500.00  4.377826245925688E-04  8.531904894194933E-07 15713609
# Underflow:                 0.0000000000000000E+00  0.0000000000000000E+00 0
# Overflow:                  6.3140995555447364E-04  3.0306477328674333E-07 98470855
#-------------------------------------------------------------------------------------	#-------------------------------------------------------------------------------------	#-------------------------------------------------------------------------------------	#-------------------------------------------------------------------------------------	#-------------------------------------------------------------------------------------	#-------------------------------------------------------------------------------------	#-------------------------------------------------------------------------------------
# Sum:                       1.3169060832227927E-01  2.1862987960325845E-05 451479000
#=====================================================================================	#=====================================================================================	#=====================================================================================	#=====================================================================================	#=====================================================================================	#=====================================================================================	#=====================================================================================
