# title = Azimuthal Angle between Positron and anti-Muon
# xlabel = $\phi_{\text{e}^+\mu^+}\,$[$^{\circ}$]
# ylabel = $\frac{\text{d}\sigma}{\text{d}\phi_{\text{e}^+\mu^+}}\,\left[\frac{\text{fb}}{\text{$^{\circ}$}}\right]$
# xmin=  0.000E+00
# xmax=  3.142E+00
# ymin=  3.000E-01
# ymax=  7.000E-01
# kmin= -2.000E+01
# kmax=  1.000E+01
# logscale = false
# Renormalization and factorization scale scaled by: 1.0000000000
# Renormalization scaled by: 1.0000000000
# Number of generated events: 6467394395
#	#	#	#	#	#	#
#=====================================================================================	#=====================================================================================	#=====================================================================================	#=====================================================================================	#=====================================================================================	#=====================================================================================	#=====================================================================================
# No.       Left      Right                   Value                   Error Hits
#-------------------------------------------------------------------------------------	#-------------------------------------------------------------------------------------	#-------------------------------------------------------------------------------------	#-------------------------------------------------------------------------------------	#-------------------------------------------------------------------------------------	#-------------------------------------------------------------------------------------	#-------------------------------------------------------------------------------------
   1       0.00       0.16  4.726939050413292E-03  1.853609328997994E-05 2987073	   1       0.00       0.16  4.726939050413292E-03  1.853609328997994E-05 2987073	   1       0.00       0.16  4.378560753917284E-03  1.696547971268584E-05 2987073	   1       0.00       0.16  4.378560753917284E-03  1.696547971268584E-05 2987073	   1       0.00       0.16  5.129937320688991E-03  2.042557494174298E-05 2987073	   1       0.00       0.16  5.129937320688991E-03  2.042557494174298E-05 2987073	   1       0.00       0.16  4.726939050413292E-03  1.853609328997994E-05 2987073
   2       0.16       0.31  4.737330214967035E-03  1.862410132085885E-05 2985906	   2       0.16       0.31  4.737330214967035E-03  1.862410132085885E-05 2985906	   2       0.16       0.31  4.387951026803217E-03  1.702915279668633E-05 2985906	   2       0.16       0.31  4.387951026803217E-03  1.702915279668633E-05 2985906	   2       0.16       0.31  5.141553414419076E-03  2.054460535075171E-05 2985906	   2       0.16       0.31  5.141553414419076E-03  2.054460535075171E-05 2985906	   2       0.16       0.31  4.737330214967035E-03  1.862410132085885E-05 2985906
   3       0.31       0.47  4.745455231994683E-03  1.872787479318163E-05 2989250	   3       0.31       0.47  4.745455231994683E-03  1.872787479318163E-05 2989250	   3       0.31       0.47  4.395138745020431E-03  1.709350676058672E-05 2989250	   3       0.31       0.47  4.395138745020431E-03  1.709350676058672E-05 2989250	   3       0.31       0.47  5.150825770856210E-03  2.070693545929283E-05 2989250	   3       0.31       0.47  5.150825770856210E-03  2.070693545929283E-05 2989250	   3       0.31       0.47  4.745455231994683E-03  1.872787479318163E-05 2989250
   4       0.47       0.63  4.732599920718710E-03  1.851921537070366E-05 2988625	   4       0.47       0.63  4.732599920718710E-03  1.851921537070366E-05 2988625	   4       0.47       0.63  4.383886633685864E-03  1.693123218478691E-05 2988625	   4       0.47       0.63  4.383886633685864E-03  1.693123218478691E-05 2988625	   4       0.47       0.63  5.135941151598987E-03  2.043093865861376E-05 2988625	   4       0.47       0.63  5.135941151598987E-03  2.043093865861376E-05 2988625	   4       0.47       0.63  4.732599920718710E-03  1.851921537070366E-05 2988625
   5       0.63       0.79  4.736814714081078E-03  1.895581635649111E-05 2986148	   5       0.63       0.79  4.736814714081078E-03  1.895581635649111E-05 2986148	   5       0.63       0.79  4.387668978292896E-03  1.730462794481242E-05 2986148	   5       0.63       0.79  4.387668978292896E-03  1.730462794481242E-05 2986148	   5       0.63       0.79  5.140687019665711E-03  2.095426803489345E-05 2986148	   5       0.63       0.79  5.140687019665711E-03  2.095426803489345E-05 2986148	   5       0.63       0.79  4.736814714081078E-03  1.895581635649111E-05 2986148
   6       0.79       0.94  4.709167595195010E-03  1.883794412325387E-05 2986284	   6       0.79       0.94  4.709167595195010E-03  1.883794412325387E-05 2986284	   6       0.79       0.94  4.361754431990330E-03  1.722799127145933E-05 2986284	   6       0.79       0.94  4.361754431990330E-03  1.722799127145933E-05 2986284	   6       0.79       0.94  5.111144043248340E-03  2.077932890463412E-05 2986284	   6       0.79       0.94  5.111144043248340E-03  2.077932890463412E-05 2986284	   6       0.79       0.94  4.709167595195010E-03  1.883794412325387E-05 2986284
   7       0.94       1.10  4.718338213239733E-03  1.840182369387080E-05 2990142	   7       0.94       1.10  4.718338213239733E-03  1.840182369387080E-05 2990142	   7       0.94       1.10  4.370663157894522E-03  1.682897351912456E-05 2990142	   7       0.94       1.10  4.370663157894522E-03  1.682897351912456E-05 2990142	   7       0.94       1.10  5.120530480538899E-03  2.029740037482157E-05 2990142	   7       0.94       1.10  5.120530480538899E-03  2.029740037482157E-05 2990142	   7       0.94       1.10  4.718338213239733E-03  1.840182369387080E-05 2990142
   8       1.10       1.26  4.764772840939588E-03  1.962820828876869E-05 2988327	   8       1.10       1.26  4.764772840939588E-03  1.962820828876869E-05 2988327	   8       1.10       1.26  4.413414394810679E-03  1.792607447867845E-05 2988327	   8       1.10       1.26  4.413414394810679E-03  1.792607447867845E-05 2988327	   8       1.10       1.26  5.171244259430346E-03  2.168349973206168E-05 2988327	   8       1.10       1.26  5.171244259430346E-03  2.168349973206168E-05 2988327	   8       1.10       1.26  4.764772840939588E-03  1.962820828876869E-05 2988327
   9       1.26       1.41  4.761505041374050E-03  1.933754420218089E-05 2988140	   9       1.26       1.41  4.761505041374050E-03  1.933754420218089E-05 2988140	   9       1.26       1.41  4.409206157016012E-03  1.764262113039827E-05 2988140	   9       1.26       1.41  4.409206157016012E-03  1.764262113039827E-05 2988140	   9       1.26       1.41  5.169345188652525E-03  2.138504748796799E-05 2988140	   9       1.26       1.41  5.169345188652525E-03  2.138504748796799E-05 2988140	   9       1.26       1.41  4.761505041374050E-03  1.933754420218089E-05 2988140
  10       1.41       1.57  4.733509404292589E-03  1.855932154970459E-05 2988169	  10       1.41       1.57  4.733509404292589E-03  1.855932154970459E-05 2988169	  10       1.41       1.57  4.384365541098906E-03  1.695898860757246E-05 2988169	  10       1.41       1.57  4.384365541098906E-03  1.695898860757246E-05 2988169	  10       1.41       1.57  5.137503361522134E-03  2.048997630873011E-05 2988169	  10       1.41       1.57  5.137503361522134E-03  2.048997630873011E-05 2988169	  10       1.41       1.57  4.733509404292589E-03  1.855932154970459E-05 2988169
  11       1.57       1.73  4.724833543144610E-03  1.935557597565129E-05 2986996	  11       1.57       1.73  4.724833543144610E-03  1.935557597565129E-05 2986996	  11       1.57       1.73  4.375375003447333E-03  1.766499027977471E-05 2986996	  11       1.57       1.73  4.375375003447333E-03  1.766499027977471E-05 2986996	  11       1.57       1.73  5.129277228841107E-03  2.140076360616808E-05 2986996	  11       1.57       1.73  5.129277228841107E-03  2.140076360616808E-05 2986996	  11       1.57       1.73  4.724833543144610E-03  1.935557597565129E-05 2986996
  12       1.73       1.89  4.723654876976623E-03  1.869934504081897E-05 2991442	  12       1.73       1.89  4.723654876976623E-03  1.869934504081897E-05 2991442	  12       1.73       1.89  4.375856586814778E-03  1.708930302814510E-05 2991442	  12       1.73       1.89  4.375856586814778E-03  1.708930302814510E-05 2991442	  12       1.73       1.89  5.125952488934610E-03  2.064398510299583E-05 2991442	  12       1.73       1.89  5.125952488934610E-03  2.064398510299583E-05 2991442	  12       1.73       1.89  4.723654876976623E-03  1.869934504081897E-05 2991442
  13       1.89       2.04  4.766247708616868E-03  1.948213321760267E-05 2990700	  13       1.89       2.04  4.766247708616868E-03  1.948213321760267E-05 2990700	  13       1.89       2.04  4.413715816859198E-03  1.777460841205062E-05 2990700	  13       1.89       2.04  4.413715816859198E-03  1.777460841205062E-05 2990700	  13       1.89       2.04  5.174271022928379E-03  2.154295346783089E-05 2990700	  13       1.89       2.04  5.174271022928379E-03  2.154295346783089E-05 2990700	  13       1.89       2.04  4.766247708616868E-03  1.948213321760267E-05 2990700
  14       2.04       2.20  4.788571051876253E-03  1.990185219867837E-05 2989737	  14       2.04       2.20  4.788571051876253E-03  1.990185219867837E-05 2989737	  14       2.04       2.20  4.434657736697849E-03  1.816148554343276E-05 2989737	  14       2.04       2.20  4.434657736697849E-03  1.816148554343276E-05 2989737	  14       2.04       2.20  5.198113625833529E-03  2.200205846527691E-05 2989737	  14       2.04       2.20  5.198113625833529E-03  2.200205846527691E-05 2989737	  14       2.04       2.20  4.788571051876253E-03  1.990185219867837E-05 2989737
  15       2.20       2.36  4.780241846978442E-03  1.909316334289587E-05 2994673	  15       2.20       2.36  4.780241846978442E-03  1.909316334289587E-05 2994673	  15       2.20       2.36  4.427488299625373E-03  1.744349783377773E-05 2994673	  15       2.20       2.36  4.427488299625373E-03  1.744349783377773E-05 2994673	  15       2.20       2.36  5.188365380305263E-03  2.108232337081097E-05 2994673	  15       2.20       2.36  5.188365380305263E-03  2.108232337081097E-05 2994673	  15       2.20       2.36  4.780241846978442E-03  1.909316334289587E-05 2994673
  16       2.36       2.51  4.737719315716080E-03  1.892341366697805E-05 2990606	  16       2.36       2.51  4.737719315716080E-03  1.892341366697805E-05 2990606	  16       2.36       2.51  4.388309217457319E-03  1.727509315465062E-05 2990606	  16       2.36       2.51  4.388309217457319E-03  1.727509315465062E-05 2990606	  16       2.36       2.51  5.142001052630291E-03  2.091639415435978E-05 2990606	  16       2.36       2.51  5.142001052630291E-03  2.091639415435978E-05 2990606	  16       2.36       2.51  4.737719315716080E-03  1.892341366697805E-05 2990606
  17       2.51       2.67  4.743610992346492E-03  1.947529311288089E-05 2995474	  17       2.51       2.67  4.743610992346492E-03  1.947529311288089E-05 2995474	  17       2.51       2.67  4.393184223440918E-03  1.778271839551364E-05 2995474	  17       2.51       2.67  4.393184223440918E-03  1.778271839551364E-05 2995474	  17       2.51       2.67  5.149140226216242E-03  2.152265573507514E-05 2995474	  17       2.51       2.67  5.149140226216242E-03  2.152265573507514E-05 2995474	  17       2.51       2.67  4.743610992346492E-03  1.947529311288089E-05 2995474
  18       2.67       2.83  4.717606756862522E-03  1.847123811693849E-05 2990403	  18       2.67       2.83  4.717606756862522E-03  1.847123811693849E-05 2990403	  18       2.67       2.83  4.369931234878443E-03  1.688905804265446E-05 2990403	  18       2.67       2.83  4.369931234878443E-03  1.688905804265446E-05 2990403	  18       2.67       2.83  5.119744733337457E-03  2.037842266141617E-05 2990403	  18       2.67       2.83  5.119744733337457E-03  2.037842266141617E-05 2990403	  18       2.67       2.83  4.717606756862522E-03  1.847123811693849E-05 2990403
  19       2.83       2.98  4.733044697444354E-03  1.857878385848653E-05 2992574	  19       2.83       2.98  4.733044697444354E-03  1.857878385848653E-05 2992574	  19       2.83       2.98  4.383900731683902E-03  1.697738864008983E-05 2992574	  19       2.83       2.98  4.383900731683902E-03  1.697738864008983E-05 2992574	  19       2.83       2.98  5.136986064020454E-03  2.051185174938098E-05 2992574	  19       2.83       2.98  5.136986064020454E-03  2.051185174938098E-05 2992574	  19       2.83       2.98  4.733044697444354E-03  1.857878385848653E-05 2992574
  20       2.98       3.14  4.728327314791473E-03  1.876298305183921E-05 2992867	  20       2.98       3.14  4.728327314791473E-03  1.876298305183921E-05 2992867	  20       2.98       3.14  4.380547463274652E-03  1.715533508266060E-05 2992867	  20       2.98       3.14  4.380547463274652E-03  1.715533508266060E-05 2992867	  20       2.98       3.14  5.130499341912663E-03  2.070182163107428E-05 2992867	  20       2.98       3.14  5.130499341912663E-03  2.070182163107428E-05 2992867	  20       2.98       3.14  4.728327314791473E-03  1.876298305183921E-05 2992867
# Underflow:                 0.0000000000000000E+00  0.0000000000000000E+00 0
# Overflow:                  8.2961851312970003E-01  1.3825250626594459E-04 445407728
#-------------------------------------------------------------------------------------	#-------------------------------------------------------------------------------------	#-------------------------------------------------------------------------------------	#-------------------------------------------------------------------------------------	#-------------------------------------------------------------------------------------	#-------------------------------------------------------------------------------------	#-------------------------------------------------------------------------------------
# Sum:                       1.3169060832136836E-01  2.1803923547511265E-05 451479000
#=====================================================================================	#=====================================================================================	#=====================================================================================	#=====================================================================================	#=====================================================================================	#=====================================================================================	#=====================================================================================
