# title = Rapidity Harder Jet
# xlabel = $y_{\text{j}_1}$
# ylabel = $\frac{\text{d}\sigma}{\text{d}y_{\text{j}_1}}\,[\text{fb}]$
# xmin= -4.500E+00
# xmax=  4.500E+00
# ymin=  1.000E-04
# ymax=  4.000E-01
# kmin= -2.000E+01
# kmax=  1.000E+01
# logscale = false
# Renormalization and factorization scale scaled by: 1.0000000000
# Renormalization scaled by: 1.0000000000
# Number of generated events: 6467394395
#	#	#	#	#	#	#
#=====================================================================================	#=====================================================================================	#=====================================================================================	#=====================================================================================	#=====================================================================================	#=====================================================================================	#=====================================================================================
# No.       Left      Right                   Value                   Error Hits
#-------------------------------------------------------------------------------------	#-------------------------------------------------------------------------------------	#-------------------------------------------------------------------------------------	#-------------------------------------------------------------------------------------	#-------------------------------------------------------------------------------------	#-------------------------------------------------------------------------------------	#-------------------------------------------------------------------------------------
   1      -5.00      -4.90  0.000000000000000E+00  0.000000000000000E+00 0	   1      -5.00      -4.90  0.000000000000000E+00  0.000000000000000E+00 0	   1      -5.00      -4.90  0.000000000000000E+00  0.000000000000000E+00 0	   1      -5.00      -4.90  0.000000000000000E+00  0.000000000000000E+00 0	   1      -5.00      -4.90  0.000000000000000E+00  0.000000000000000E+00 0	   1      -5.00      -4.90  0.000000000000000E+00  0.000000000000000E+00 0	   1      -5.00      -4.90  0.000000000000000E+00  0.000000000000000E+00 0
   2      -4.90      -4.80  0.000000000000000E+00  0.000000000000000E+00 0	   2      -4.90      -4.80  0.000000000000000E+00  0.000000000000000E+00 0	   2      -4.90      -4.80  0.000000000000000E+00  0.000000000000000E+00 0	   2      -4.90      -4.80  0.000000000000000E+00  0.000000000000000E+00 0	   2      -4.90      -4.80  0.000000000000000E+00  0.000000000000000E+00 0	   2      -4.90      -4.80  0.000000000000000E+00  0.000000000000000E+00 0	   2      -4.90      -4.80  0.000000000000000E+00  0.000000000000000E+00 0
   3      -4.80      -4.70  0.000000000000000E+00  0.000000000000000E+00 0	   3      -4.80      -4.70  0.000000000000000E+00  0.000000000000000E+00 0	   3      -4.80      -4.70  0.000000000000000E+00  0.000000000000000E+00 0	   3      -4.80      -4.70  0.000000000000000E+00  0.000000000000000E+00 0	   3      -4.80      -4.70  0.000000000000000E+00  0.000000000000000E+00 0	   3      -4.80      -4.70  0.000000000000000E+00  0.000000000000000E+00 0	   3      -4.80      -4.70  0.000000000000000E+00  0.000000000000000E+00 0
   4      -4.70      -4.60  0.000000000000000E+00  0.000000000000000E+00 0	   4      -4.70      -4.60  0.000000000000000E+00  0.000000000000000E+00 0	   4      -4.70      -4.60  0.000000000000000E+00  0.000000000000000E+00 0	   4      -4.70      -4.60  0.000000000000000E+00  0.000000000000000E+00 0	   4      -4.70      -4.60  0.000000000000000E+00  0.000000000000000E+00 0	   4      -4.70      -4.60  0.000000000000000E+00  0.000000000000000E+00 0	   4      -4.70      -4.60  0.000000000000000E+00  0.000000000000000E+00 0
   5      -4.60      -4.50  0.000000000000000E+00  0.000000000000000E+00 0	   5      -4.60      -4.50  0.000000000000000E+00  0.000000000000000E+00 0	   5      -4.60      -4.50  0.000000000000000E+00  0.000000000000000E+00 0	   5      -4.60      -4.50  0.000000000000000E+00  0.000000000000000E+00 0	   5      -4.60      -4.50  0.000000000000000E+00  0.000000000000000E+00 0	   5      -4.60      -4.50  0.000000000000000E+00  0.000000000000000E+00 0	   5      -4.60      -4.50  0.000000000000000E+00  0.000000000000000E+00 0
   6      -4.50      -4.40  0.000000000000000E+00  0.000000000000000E+00 0	   6      -4.50      -4.40  0.000000000000000E+00  0.000000000000000E+00 0	   6      -4.50      -4.40  0.000000000000000E+00  0.000000000000000E+00 0	   6      -4.50      -4.40  0.000000000000000E+00  0.000000000000000E+00 0	   6      -4.50      -4.40  0.000000000000000E+00  0.000000000000000E+00 0	   6      -4.50      -4.40  0.000000000000000E+00  0.000000000000000E+00 0	   6      -4.50      -4.40  0.000000000000000E+00  0.000000000000000E+00 0
   7      -4.40      -4.30  0.000000000000000E+00  0.000000000000000E+00 0	   7      -4.40      -4.30  0.000000000000000E+00  0.000000000000000E+00 0	   7      -4.40      -4.30  0.000000000000000E+00  0.000000000000000E+00 0	   7      -4.40      -4.30  0.000000000000000E+00  0.000000000000000E+00 0	   7      -4.40      -4.30  0.000000000000000E+00  0.000000000000000E+00 0	   7      -4.40      -4.30  0.000000000000000E+00  0.000000000000000E+00 0	   7      -4.40      -4.30  0.000000000000000E+00  0.000000000000000E+00 0
   8      -4.30      -4.20  0.000000000000000E+00  0.000000000000000E+00 0	   8      -4.30      -4.20  0.000000000000000E+00  0.000000000000000E+00 0	   8      -4.30      -4.20  0.000000000000000E+00  0.000000000000000E+00 0	   8      -4.30      -4.20  0.000000000000000E+00  0.000000000000000E+00 0	   8      -4.30      -4.20  0.000000000000000E+00  0.000000000000000E+00 0	   8      -4.30      -4.20  0.000000000000000E+00  0.000000000000000E+00 0	   8      -4.30      -4.20  0.000000000000000E+00  0.000000000000000E+00 0
   9      -4.20      -4.10  0.000000000000000E+00  0.000000000000000E+00 0	   9      -4.20      -4.10  0.000000000000000E+00  0.000000000000000E+00 0	   9      -4.20      -4.10  0.000000000000000E+00  0.000000000000000E+00 0	   9      -4.20      -4.10  0.000000000000000E+00  0.000000000000000E+00 0	   9      -4.20      -4.10  0.000000000000000E+00  0.000000000000000E+00 0	   9      -4.20      -4.10  0.000000000000000E+00  0.000000000000000E+00 0	   9      -4.20      -4.10  0.000000000000000E+00  0.000000000000000E+00 0
  10      -4.10      -4.00  0.000000000000000E+00  0.000000000000000E+00 0	  10      -4.10      -4.00  0.000000000000000E+00  0.000000000000000E+00 0	  10      -4.10      -4.00  0.000000000000000E+00  0.000000000000000E+00 0	  10      -4.10      -4.00  0.000000000000000E+00  0.000000000000000E+00 0	  10      -4.10      -4.00  0.000000000000000E+00  0.000000000000000E+00 0	  10      -4.10      -4.00  0.000000000000000E+00  0.000000000000000E+00 0	  10      -4.10      -4.00  0.000000000000000E+00  0.000000000000000E+00 0
  11      -4.00      -3.90  5.096051255564064E-02  9.717336059164529E-05 28393089	  11      -4.00      -3.90  5.096051255564064E-02  9.717336059164529E-05 28393089	  11      -4.00      -3.90  4.549738973487600E-02  8.553309430506610E-05 28393089	  11      -4.00      -3.90  4.549738973487600E-02  8.553309430506610E-05 28393089	  11      -4.00      -3.90  5.764328922652008E-02  1.119249718964957E-04 28393089	  11      -4.00      -3.90  5.764328922652008E-02  1.119249718964957E-04 28393089	  11      -4.00      -3.90  5.096051255564064E-02  9.717336059164529E-05 28393089
  12      -3.90      -3.80  6.465174067430603E-02  1.129382589354307E-04 32243630	  12      -3.90      -3.80  6.465174067430603E-02  1.129382589354307E-04 32243630	  12      -3.90      -3.80  5.787375493213578E-02  9.967531775761998E-05 32243630	  12      -3.90      -3.80  5.787375493213578E-02  9.967531775761998E-05 32243630	  12      -3.90      -3.80  7.291224451740004E-02  1.296822587430132E-04 32243630	  12      -3.90      -3.80  7.291224451740004E-02  1.296822587430132E-04 32243630	  12      -3.90      -3.80  6.465174067430603E-02  1.129382589354307E-04 32243630
  13      -3.80      -3.70  8.043010702910908E-02  1.298212004712597E-04 36130981	  13      -3.80      -3.70  8.043010702910908E-02  1.298212004712597E-04 36130981	  13      -3.80      -3.70  7.218194806599988E-02  1.148219211720374E-04 36130981	  13      -3.80      -3.70  7.218194806599988E-02  1.148219211720374E-04 36130981	  13      -3.80      -3.70  9.044665462444804E-02  1.486940230169404E-04 36130981	  13      -3.80      -3.70  9.044665462444804E-02  1.486940230169404E-04 36130981	  13      -3.80      -3.70  8.043010702910908E-02  1.298212004712597E-04 36130981
  14      -3.70      -3.60  9.818076389441774E-02  1.477189984019422E-04 39985393	  14      -3.70      -3.60  9.818076389441774E-02  1.477189984019422E-04 39985393	  14      -3.70      -3.60  8.834072216988277E-02  1.310418349168503E-04 39985393	  14      -3.70      -3.60  8.834072216988277E-02  1.310418349168503E-04 39985393	  14      -3.70      -3.60  1.100865309497213E-01  1.686143800602269E-04 39985393	  14      -3.70      -3.60  1.100865309497213E-01  1.686143800602269E-04 39985393	  14      -3.70      -3.60  9.818076389441774E-02  1.477189984019422E-04 39985393
  15      -3.60      -3.50  1.169015182066293E-01  1.632834650947753E-04 43767479	  15      -3.60      -3.50  1.169015182066293E-01  1.632834650947753E-04 43767479	  15      -3.60      -3.50  1.054560668433916E-01  1.452638885203692E-04 43767479	  15      -3.60      -3.50  1.054560668433916E-01  1.452638885203692E-04 43767479	  15      -3.60      -3.50  1.306978700274377E-01  1.857632571415378E-04 43767479	  15      -3.60      -3.50  1.306978700274377E-01  1.857632571415378E-04 43767479	  15      -3.60      -3.50  1.169015182066293E-01  1.632834650947753E-04 43767479
  16      -3.50      -3.40  1.374485139869117E-01  1.795315335675292E-04 47411102	  16      -3.50      -3.40  1.374485139869117E-01  1.795315335675292E-04 47411102	  16      -3.50      -3.40  1.242985981560629E-01  1.601367843404930E-04 47411102	  16      -3.50      -3.40  1.242985981560629E-01  1.601367843404930E-04 47411102	  16      -3.50      -3.40  1.532432229445403E-01  2.036407520274191E-04 47411102	  16      -3.50      -3.40  1.532432229445403E-01  2.036407520274191E-04 47411102	  16      -3.50      -3.40  1.374485139869117E-01  1.795315335675292E-04 47411102
  17      -3.40      -3.30  1.585854396695136E-01  1.954927757015180E-04 50872759	  17      -3.40      -3.30  1.585854396695136E-01  1.954927757015180E-04 50872759	  17      -3.40      -3.30  1.437630793106434E-01  1.748251549067678E-04 50872759	  17      -3.40      -3.30  1.437630793106434E-01  1.748251549067678E-04 50872759	  17      -3.40      -3.30  1.763254115751811E-01  2.210786560540634E-04 50872759	  17      -3.40      -3.30  1.763254115751811E-01  2.210786560540634E-04 50872759	  17      -3.40      -3.30  1.585854396695136E-01  1.954927757015180E-04 50872759
  18      -3.30      -3.20  1.796344985919692E-01  2.083521869647073E-04 54115720	  18      -3.30      -3.20  1.796344985919692E-01  2.083521869647073E-04 54115720	  18      -3.30      -3.20  1.632292304312822E-01  1.868725404633377E-04 54115720	  18      -3.30      -3.20  1.632292304312822E-01  1.868725404633377E-04 54115720	  18      -3.30      -3.20  1.992009227334307E-01  2.348342942392231E-04 54115720	  18      -3.30      -3.20  1.992009227334307E-01  2.348342942392231E-04 54115720	  18      -3.30      -3.20  1.796344985919692E-01  2.083521869647073E-04 54115720
  19      -3.20      -3.10  2.008727169004416E-01  2.227222945415880E-04 57112815	  19      -3.20      -3.10  2.008727169004416E-01  2.227222945415880E-04 57112815	  19      -3.20      -3.10  1.829291948762628E-01  2.001738729807502E-04 57112815	  19      -3.20      -3.10  1.829291948762628E-01  2.001738729807502E-04 57112815	  19      -3.20      -3.10  2.222055603335191E-01  2.504372553167231E-04 57112815	  19      -3.20      -3.10  2.222055603335191E-01  2.504372553167231E-04 57112815	  19      -3.20      -3.10  2.008727169004416E-01  2.227222945415880E-04 57112815
  20      -3.10      -3.00  2.213667393774089E-01  2.365490600666780E-04 59837099	  20      -3.10      -3.00  2.213667393774089E-01  2.365490600666780E-04 59837099	  20      -3.10      -3.00  2.020355530254122E-01  2.129509280792013E-04 59837099	  20      -3.10      -3.00  2.020355530254122E-01  2.129509280792013E-04 59837099	  20      -3.10      -3.00  2.442738454067674E-01  2.654878865412928E-04 59837099	  20      -3.10      -3.00  2.442738454067674E-01  2.654878865412928E-04 59837099	  20      -3.10      -3.00  2.213667393774089E-01  2.365490600666780E-04 59837099
  21      -3.00      -2.90  2.398960815837324E-01  2.414506376242645E-04 62279058	  21      -3.00      -2.90  2.398960815837324E-01  2.414506376242645E-04 62279058	  21      -3.00      -2.90  2.194362701446347E-01  2.181247094408605E-04 62279058	  21      -3.00      -2.90  2.194362701446347E-01  2.181247094408605E-04 62279058	  21      -3.00      -2.90  2.640573358145119E-01  2.699069384498453E-04 62279058	  21      -3.00      -2.90  2.640573358145119E-01  2.699069384498453E-04 62279058	  21      -3.00      -2.90  2.398960815837324E-01  2.414506376242645E-04 62279058
  22      -2.90      -2.80  2.561146721035219E-01  2.476420281370611E-04 64414651	  22      -2.90      -2.80  2.561146721035219E-01  2.476420281370611E-04 64414651	  22      -2.90      -2.80  2.347629535743385E-01  2.242620897871688E-04 64414651	  22      -2.90      -2.80  2.347629535743385E-01  2.242620897871688E-04 64414651	  22      -2.90      -2.80  2.812471803412296E-01  2.760528602401685E-04 64414651	  22      -2.90      -2.80  2.812471803412296E-01  2.760528602401685E-04 64414651	  22      -2.90      -2.80  2.561146721035219E-01  2.476420281370611E-04 64414651
  23      -2.80      -2.70  2.703259839177049E-01  2.511597970826392E-04 66215827	  23      -2.80      -2.70  2.703259839177049E-01  2.511597970826392E-04 66215827	  23      -2.80      -2.70  2.482789521953919E-01  2.279504043665695E-04 66215827	  23      -2.80      -2.70  2.482789521953919E-01  2.279504043665695E-04 66215827	  23      -2.80      -2.70  2.961962794381741E-01  2.792789380974687E-04 66215827	  23      -2.80      -2.70  2.961962794381741E-01  2.792789380974687E-04 66215827	  23      -2.80      -2.70  2.703259839177049E-01  2.511597970826392E-04 66215827
  24      -2.70      -2.60  2.815661063129522E-01  2.520742461208090E-04 67720075	  24      -2.70      -2.60  2.815661063129522E-01  2.520742461208090E-04 67720075	  24      -2.70      -2.60  2.591163419929849E-01  2.293677466113671E-04 67720075	  24      -2.70      -2.60  2.591163419929849E-01  2.293677466113671E-04 67720075	  24      -2.70      -2.60  3.078250780493647E-01  2.794811347422056E-04 67720075	  24      -2.70      -2.60  3.078250780493647E-01  2.794811347422056E-04 67720075	  24      -2.70      -2.60  2.815661063129522E-01  2.520742461208090E-04 67720075
  25      -2.60      -2.50  2.900651048286729E-01  2.528310306934769E-04 68887884	  25      -2.60      -2.50  2.900651048286729E-01  2.528310306934769E-04 68887884	  25      -2.60      -2.50  2.674555565520535E-01  2.306355526870793E-04 68887884	  25      -2.60      -2.50  2.674555565520535E-01  2.306355526870793E-04 68887884	  25      -2.60      -2.50  3.164258305362452E-01  2.795101175026933E-04 68887884	  25      -2.60      -2.50  3.164258305362452E-01  2.795101175026933E-04 68887884	  25      -2.60      -2.50  2.900651048286729E-01  2.528310306934769E-04 68887884
  26      -2.50      -2.40  2.954448324300546E-01  2.495296120492823E-04 69746848	  26      -2.50      -2.40  2.954448324300546E-01  2.495296120492823E-04 69746848	  26      -2.50      -2.40  2.728953926046654E-01  2.280382142145965E-04 69746848	  26      -2.50      -2.40  2.728953926046654E-01  2.280382142145965E-04 69746848	  26      -2.50      -2.40  3.216569573695426E-01  2.752918534801539E-04 69746848	  26      -2.50      -2.40  3.216569573695426E-01  2.752918534801539E-04 69746848	  26      -2.50      -2.40  2.954448324300546E-01  2.495296120492823E-04 69746848
  27      -2.40      -2.30  2.972505119389850E-01  2.439834466603554E-04 70282299	  27      -2.40      -2.30  2.972505119389850E-01  2.439834466603554E-04 70282299	  27      -2.40      -2.30  2.750556997810989E-01  2.234906827102221E-04 70282299	  27      -2.40      -2.30  2.750556997810989E-01  2.234906827102221E-04 70282299	  27      -2.40      -2.30  3.229698874559855E-01  2.684704440685078E-04 70282299	  27      -2.40      -2.30  3.229698874559855E-01  2.684704440685078E-04 70282299	  27      -2.40      -2.30  2.972505119389850E-01  2.439834466603554E-04 70282299
  28      -2.30      -2.20  2.967538437158866E-01  2.381240346720690E-04 70488113	  28      -2.30      -2.20  2.967538437158866E-01  2.381240346720690E-04 70488113	  28      -2.30      -2.20  2.750536751111276E-01  2.185579080680653E-04 70488113	  28      -2.30      -2.20  2.750536751111276E-01  2.185579080680653E-04 70488113	  28      -2.30      -2.20  3.218229571090498E-01  2.614197211757657E-04 70488113	  28      -2.30      -2.20  3.218229571090498E-01  2.614197211757657E-04 70488113	  28      -2.30      -2.20  2.967538437158866E-01  2.381240346720690E-04 70488113
  29      -2.20      -2.10  2.930206413889828E-01  2.300493323459088E-04 70379350	  29      -2.20      -2.10  2.930206413889828E-01  2.300493323459088E-04 70379350	  29      -2.20      -2.10  2.720461656133563E-01  2.116599430586561E-04 70379350	  29      -2.20      -2.10  2.720461656133563E-01  2.116599430586561E-04 70379350	  29      -2.20      -2.10  3.171745351440481E-01  2.518540630509198E-04 70379350	  29      -2.20      -2.10  3.171745351440481E-01  2.518540630509198E-04 70379350	  29      -2.20      -2.10  2.930206413889828E-01  2.300493323459088E-04 70379350
  30      -2.10      -2.00  2.860462857288282E-01  2.199046479740144E-04 69952433	  30      -2.10      -2.00  2.860462857288282E-01  2.199046479740144E-04 69952433	  30      -2.10      -2.00  2.659999727757718E-01  2.027324695971853E-04 69952433	  30      -2.10      -2.00  2.659999727757718E-01  2.027324695971853E-04 69952433	  30      -2.10      -2.00  3.090563786896232E-01  2.401984718102383E-04 69952433	  30      -2.10      -2.00  3.090563786896232E-01  2.401984718102383E-04 69952433	  30      -2.10      -2.00  2.860462857288282E-01  2.199046479740144E-04 69952433
  31      -2.00      -1.90  2.773397925757224E-01  2.083597882302674E-04 69239518	  31      -2.00      -1.90  2.773397925757224E-01  2.083597882302674E-04 69239518	  31      -2.00      -1.90  2.582968474242543E-01  1.925354846948446E-04 69239518	  31      -2.00      -1.90  2.582968474242543E-01  1.925354846948446E-04 69239518	  31      -2.00      -1.90  2.991292772783677E-01  2.269891785933278E-04 69239518	  31      -2.00      -1.90  2.991292772783677E-01  2.269891785933278E-04 69239518	  31      -2.00      -1.90  2.773397925757224E-01  2.083597882302674E-04 69239518
  32      -1.90      -1.80  2.669061213062587E-01  1.979051506792951E-04 68222859	  32      -1.90      -1.80  2.669061213062587E-01  1.979051506792951E-04 68222859	  32      -1.90      -1.80  2.489385608807379E-01  1.832032039263994E-04 68222859	  32      -1.90      -1.80  2.489385608807379E-01  1.832032039263994E-04 68222859	  32      -1.90      -1.80  2.873988859606965E-01  2.151518983179360E-04 68222859	  32      -1.90      -1.80  2.873988859606965E-01  2.151518983179360E-04 68222859	  32      -1.90      -1.80  2.669061213062587E-01  1.979051506792951E-04 68222859
  33      -1.80      -1.70  2.546395427218719E-01  1.865970956980538E-04 66909210	  33      -1.80      -1.70  2.546395427218719E-01  1.865970956980538E-04 66909210	  33      -1.80      -1.70  2.378116074850497E-01  1.729952699539955E-04 66909210	  33      -1.80      -1.70  2.378116074850497E-01  1.729952699539955E-04 66909210	  33      -1.80      -1.70  2.737733484804317E-01  2.025108673130914E-04 66909210	  33      -1.80      -1.70  2.737733484804317E-01  2.025108673130914E-04 66909210	  33      -1.80      -1.70  2.546395427218719E-01  1.865970956980538E-04 66909210
  34      -1.70      -1.60  2.407860435263170E-01  1.743159919797494E-04 65333759	  34      -1.70      -1.60  2.407860435263170E-01  1.743159919797494E-04 65333759	  34      -1.70      -1.60  2.251826627997665E-01  1.619001948706968E-04 65333759	  34      -1.70      -1.60  2.251826627997665E-01  1.619001948706968E-04 65333759	  34      -1.70      -1.60  2.584664477429877E-01  1.887939177967870E-04 65333759	  34      -1.70      -1.60  2.584664477429877E-01  1.887939177967870E-04 65333759	  34      -1.70      -1.60  2.407860435263170E-01  1.743159919797494E-04 65333759
  35      -1.60      -1.50  2.259292277453190E-01  1.615343483895418E-04 63481022	  35      -1.60      -1.50  2.259292277453190E-01  1.615343483895418E-04 63481022	  35      -1.60      -1.50  2.115568109533959E-01  1.503417957912091E-04 63481022	  35      -1.60      -1.50  2.115568109533959E-01  1.503417957912091E-04 63481022	  35      -1.60      -1.50  2.421602875433899E-01  1.745289622924875E-04 63481022	  35      -1.60      -1.50  2.421602875433899E-01  1.745289622924875E-04 63481022	  35      -1.60      -1.50  2.259292277453190E-01  1.615343483895418E-04 63481022
  36      -1.50      -1.40  2.105256273732786E-01  1.494054859118702E-04 61526580	  36      -1.50      -1.40  2.105256273732786E-01  1.494054859118702E-04 61526580	  36      -1.50      -1.40  1.973709905326574E-01  1.392750548527228E-04 61526580	  36      -1.50      -1.40  1.973709905326574E-01  1.392750548527228E-04 61526580	  36      -1.50      -1.40  2.253301807471101E-01  1.611261887712228E-04 61526580	  36      -1.50      -1.40  2.253301807471101E-01  1.611261887712228E-04 61526580	  36      -1.50      -1.40  2.105256273732786E-01  1.494054859118702E-04 61526580
  37      -1.40      -1.30  1.949342672176054E-01  1.380310158440160E-04 59561697	  37      -1.40      -1.30  1.949342672176054E-01  1.380310158440160E-04 59561697	  37      -1.40      -1.30  1.829598928839618E-01  1.288598369097345E-04 59561697	  37      -1.40      -1.30  1.829598928839618E-01  1.288598369097345E-04 59561697	  37      -1.40      -1.30  2.083636617456892E-01  1.486053011587891E-04 59561697	  37      -1.40      -1.30  2.083636617456892E-01  1.486053011587891E-04 59561697	  37      -1.40      -1.30  1.949342672176054E-01  1.380310158440160E-04 59561697
  38      -1.30      -1.20  1.788100624763631E-01  1.256537320430559E-04 57534714	  38      -1.30      -1.20  1.788100624763631E-01  1.256537320430559E-04 57534714	  38      -1.30      -1.20  1.679959013859281E-01  1.174584484075947E-04 57534714	  38      -1.30      -1.20  1.679959013859281E-01  1.174584484075947E-04 57534714	  38      -1.30      -1.20  1.908962008988058E-01  1.350728265627514E-04 57534714	  38      -1.30      -1.20  1.908962008988058E-01  1.350728265627514E-04 57534714	  38      -1.30      -1.20  1.788100624763631E-01  1.256537320430559E-04 57534714
  39      -1.20      -1.10  1.631476144731253E-01  1.144550220784103E-04 55502730	  39      -1.20      -1.10  1.631476144731253E-01  1.144550220784103E-04 55502730	  39      -1.20      -1.10  1.534329819493298E-01  1.071494689467033E-04 55502730	  39      -1.20      -1.10  1.534329819493298E-01  1.071494689467033E-04 55502730	  39      -1.20      -1.10  1.739653061627812E-01  1.228191835309700E-04 55502730	  39      -1.20      -1.10  1.739653061627812E-01  1.228191835309700E-04 55502730	  39      -1.20      -1.10  1.631476144731253E-01  1.144550220784103E-04 55502730
  40      -1.10      -1.00  1.475765005765201E-01  1.036781171009403E-04 53473665	  40      -1.10      -1.00  1.475765005765201E-01  1.036781171009403E-04 53473665	  40      -1.10      -1.00  1.389140578641506E-01  9.719119232420737E-05 53473665	  40      -1.10      -1.00  1.389140578641506E-01  9.719119232420737E-05 53473665	  40      -1.10      -1.00  1.571869599659831E-01  1.110763131854221E-04 53473665	  40      -1.10      -1.00  1.571869599659831E-01  1.110763131854221E-04 53473665	  40      -1.10      -1.00  1.475765005765201E-01  1.036781171009403E-04 53473665
  41      -1.00      -0.90  1.329595306687611E-01  9.332206091960691E-05 51501341	  41      -1.00      -0.90  1.329595306687611E-01  9.332206091960691E-05 51501341	  41      -1.00      -0.90  1.252510176311470E-01  8.758826948762602E-05 51501341	  41      -1.00      -0.90  1.252510176311470E-01  8.758826948762602E-05 51501341	  41      -1.00      -0.90  1.414808799926065E-01  9.983735447063091E-05 51501341	  41      -1.00      -0.90  1.414808799926065E-01  9.983735447063091E-05 51501341	  41      -1.00      -0.90  1.329595306687611E-01  9.332206091960691E-05 51501341
  42      -0.90      -0.80  1.192268800447594E-01  8.400801607722653E-05 49638924	  42      -0.90      -0.80  1.192268800447594E-01  8.400801607722653E-05 49638924	  42      -0.90      -0.80  1.123897029158838E-01  7.892557347496322E-05 49638924	  42      -0.90      -0.80  1.123897029158838E-01  7.892557347496322E-05 49638924	  42      -0.90      -0.80  1.267575411593246E-01  8.976308069342268E-05 49638924	  42      -0.90      -0.80  1.267575411593246E-01  8.976308069342268E-05 49638924	  42      -0.90      -0.80  1.192268800447594E-01  8.400801607722653E-05 49638924
  43      -0.80      -0.70  1.064897942818710E-01  7.481947291586562E-05 47919281	  43      -0.80      -0.70  1.064897942818710E-01  7.481947291586562E-05 47919281	  43      -0.80      -0.70  1.004420069581888E-01  7.037496275670106E-05 47919281	  43      -0.80      -0.70  1.004420069581888E-01  7.037496275670106E-05 47919281	  43      -0.80      -0.70  1.131261807284085E-01  7.983036283067650E-05 47919281	  43      -0.80      -0.70  1.131261807284085E-01  7.983036283067650E-05 47919281	  43      -0.80      -0.70  1.064897942818710E-01  7.481947291586562E-05 47919281
  44      -0.70      -0.60  9.489925628034333E-02  6.680464252685506E-05 46351582	  44      -0.70      -0.60  9.489925628034333E-02  6.680464252685506E-05 46351582	  44      -0.70      -0.60  8.955302969326685E-02  6.288387233135269E-05 46351582	  44      -0.70      -0.60  8.955302969326685E-02  6.288387233135269E-05 46351582	  44      -0.70      -0.60  1.007439340386027E-01  7.120967732856767E-05 46351582	  44      -0.70      -0.60  1.007439340386027E-01  7.120967732856767E-05 46351582	  44      -0.70      -0.60  9.489925628034333E-02  6.680464252685506E-05 46351582
  45      -0.60      -0.50  8.474501088624664E-02  5.931409200941952E-05 44981940	  45      -0.60      -0.50  8.474501088624664E-02  5.931409200941952E-05 44981940	  45      -0.60      -0.50  7.999847185931069E-02  5.588264393285764E-05 44981940	  45      -0.60      -0.50  7.999847185931069E-02  5.588264393285764E-05 44981940	  45      -0.60      -0.50  8.991553784405777E-02  6.315194742497050E-05 44981940	  45      -0.60      -0.50  8.991553784405777E-02  6.315194742497050E-05 44981940	  45      -0.60      -0.50  8.474501088624664E-02  5.931409200941952E-05 44981940
  46      -0.50      -0.40  7.580005507247049E-02  5.231082752588490E-05 43812637	  46      -0.50      -0.40  7.580005507247049E-02  5.231082752588490E-05 43812637	  46      -0.50      -0.40  7.157032802392335E-02  4.930788351040466E-05 43812637	  46      -0.50      -0.40  7.157032802392335E-02  4.930788351040466E-05 43812637	  46      -0.50      -0.40  8.039161808147043E-02  5.565772654106496E-05 43812637	  46      -0.50      -0.40  8.039161808147043E-02  5.565772654106496E-05 43812637	  46      -0.50      -0.40  7.580005507247049E-02  5.231082752588490E-05 43812637
  47      -0.40      -0.30  6.884919827751658E-02  4.658111126055659E-05 42886262	  47      -0.40      -0.30  6.884919827751658E-02  4.658111126055659E-05 42886262	  47      -0.40      -0.30  6.501682912101775E-02  4.393814270736970E-05 42886262	  47      -0.40      -0.30  6.501682912101775E-02  4.393814270736970E-05 42886262	  47      -0.40      -0.30  7.299657882701123E-02  4.951392631706061E-05 42886262	  47      -0.40      -0.30  7.299657882701123E-02  4.951392631706061E-05 42886262	  47      -0.40      -0.30  6.884919827751658E-02  4.658111126055659E-05 42886262
  48      -0.30      -0.20  6.351259814445714E-02  4.176926447294449E-05 42185708	  48      -0.30      -0.20  6.351259814445714E-02  4.176926447294449E-05 42185708	  48      -0.30      -0.20  5.998300173361912E-02  3.944122137301411E-05 42185708	  48      -0.30      -0.20  5.998300173361912E-02  3.944122137301411E-05 42185708	  48      -0.30      -0.20  6.732162381521083E-02  4.433566892620700E-05 42185708	  48      -0.30      -0.20  6.732162381521083E-02  4.433566892620700E-05 42185708	  48      -0.30      -0.20  6.351259814445714E-02  4.176926447294449E-05 42185708
  49      -0.20      -0.10  5.975981758944164E-02  3.818276832691936E-05 41737172	  49      -0.20      -0.10  5.975981758944164E-02  3.818276832691936E-05 41737172	  49      -0.20      -0.10  5.644036315401497E-02  3.606401847210058E-05 41737172	  49      -0.20      -0.10  5.644036315401497E-02  3.606401847210058E-05 41737172	  49      -0.20      -0.10  6.333489217682975E-02  4.051201313074665E-05 41737172	  49      -0.20      -0.10  6.333489217682975E-02  4.051201313074665E-05 41737172	  49      -0.20      -0.10  5.975981758944164E-02  3.818276832691936E-05 41737172
  50      -0.10       0.00  5.796996258687435E-02  3.620191175334694E-05 41548499	  50      -0.10       0.00  5.796996258687435E-02  3.620191175334694E-05 41548499	  50      -0.10       0.00  5.475114952712851E-02  3.420965420652876E-05 41548499	  50      -0.10       0.00  5.475114952712851E-02  3.420965420652876E-05 41548499	  50      -0.10       0.00  6.143272797154834E-02  3.838344028834009E-05 41548499	  50      -0.10       0.00  6.143272797154834E-02  3.838344028834009E-05 41548499	  50      -0.10       0.00  5.796996258687435E-02  3.620191175334694E-05 41548499
  51       0.00       0.10  5.799650838446004E-02  3.576959912529645E-05 41615908	  51       0.00       0.10  5.799650838446004E-02  3.576959912529645E-05 41615908	  51       0.00       0.10  5.477672397026824E-02  3.381216530385987E-05 41615908	  51       0.00       0.10  5.477672397026824E-02  3.381216530385987E-05 41615908	  51       0.00       0.10  6.146022591122929E-02  3.790998858933198E-05 41615908	  51       0.00       0.10  6.146022591122929E-02  3.790998858933198E-05 41615908	  51       0.00       0.10  5.799650838446004E-02  3.576959912529645E-05 41615908
  52       0.10       0.20  5.982728526847046E-02  3.709258812003712E-05 41946400	  52       0.10       0.20  5.982728526847046E-02  3.709258812003712E-05 41946400	  52       0.10       0.20  5.650462397089482E-02  3.506204966272926E-05 41946400	  52       0.10       0.20  5.650462397089482E-02  3.506204966272926E-05 41946400	  52       0.10       0.20  6.340565788053310E-02  3.931631912308854E-05 41946400	  52       0.10       0.20  6.340565788053310E-02  3.931631912308854E-05 41946400	  52       0.10       0.20  5.982728526847046E-02  3.709258812003712E-05 41946400
  53       0.20       0.30  6.344565213776647E-02  3.994928636225944E-05 42520951	  53       0.20       0.30  6.344565213776647E-02  3.994928636225944E-05 42520951	  53       0.20       0.30  5.992012378369751E-02  3.774525929156353E-05 42520951	  53       0.20       0.30  5.992012378369751E-02  3.774525929156353E-05 42520951	  53       0.20       0.30  6.725028059695383E-02  4.237325729436598E-05 42520951	  53       0.20       0.30  6.725028059695383E-02  4.237325729436598E-05 42520951	  53       0.20       0.30  6.344565213776647E-02  3.994928636225944E-05 42520951
  54       0.30       0.40  6.890099221675998E-02  4.400491340166360E-05 43356245	  54       0.30       0.40  6.890099221675998E-02  4.400491340166360E-05 43356245	  54       0.30       0.40  6.506872556546751E-02  4.156078086551059E-05 43356245	  54       0.30       0.40  6.506872556546751E-02  4.156078086551059E-05 43356245	  54       0.30       0.40  7.304757169774848E-02  4.670368657074428E-05 43356245	  54       0.30       0.40  7.304757169774848E-02  4.670368657074428E-05 43356245	  54       0.30       0.40  6.890099221675998E-02  4.400491340166360E-05 43356245
  55       0.40       0.50  7.607224542113658E-02  4.932066696876332E-05 44437699	  55       0.40       0.50  7.607224542113658E-02  4.932066696876332E-05 44437699	  55       0.40       0.50  7.182786761398524E-02  4.654918703121183E-05 44437699	  55       0.40       0.50  7.182786761398524E-02  4.654918703121183E-05 44437699	  55       0.40       0.50  8.067993338525566E-02  5.239560049803447E-05 44437699	  55       0.40       0.50  8.067993338525566E-02  5.239560049803447E-05 44437699	  55       0.40       0.50  7.607224542113658E-02  4.932066696876332E-05 44437699
  56       0.50       0.60  8.466759083561667E-02  5.544290784621943E-05 45738507	  56       0.50       0.60  8.466759083561667E-02  5.544290784621943E-05 45738507	  56       0.50       0.60  7.992475444848726E-02  5.227456158712466E-05 45738507	  56       0.50       0.60  7.992475444848726E-02  5.227456158712466E-05 45738507	  56       0.50       0.60  8.983401987409112E-02  5.897786160090065E-05 45738507	  56       0.50       0.60  8.983401987409112E-02  5.897786160090065E-05 45738507	  56       0.50       0.60  8.466759083561667E-02  5.544290784621943E-05 45738507
  57       0.60       0.70  9.497324919745256E-02  6.215341504098498E-05 47258523	  57       0.60       0.70  9.497324919745256E-02  6.215341504098498E-05 47258523	  57       0.60       0.70  8.962120578359883E-02  5.855975741622946E-05 47258523	  57       0.60       0.70  8.962120578359883E-02  5.855975741622946E-05 47258523	  57       0.60       0.70  1.008244759186850E-01  6.617825222844426E-05 47258523	  57       0.60       0.70  1.008244759186850E-01  6.617825222844426E-05 47258523	  57       0.60       0.70  9.497324919745256E-02  6.215341504098498E-05 47258523
  58       0.70       0.80  1.063700727592278E-01  6.962551568845706E-05 48948121	  58       0.70       0.80  1.063700727592278E-01  6.962551568845706E-05 48948121	  58       0.70       0.80  1.003311051892582E-01  6.554263147914766E-05 48948121	  58       0.70       0.80  1.003311051892582E-01  6.554263147914766E-05 48948121	  58       0.70       0.80  1.129963553393675E-01  7.421684771211677E-05 48948121	  58       0.70       0.80  1.129963553393675E-01  7.421684771211677E-05 48948121	  58       0.70       0.80  1.063700727592278E-01  6.962551568845706E-05 48948121
  59       0.80       0.90  1.191414641873546E-01  7.761085903575933E-05 50848567	  59       0.80       0.90  1.191414641873546E-01  7.761085903575933E-05 50848567	  59       0.80       0.90  1.123075432440761E-01  7.297013432809624E-05 50848567	  59       0.80       0.90  1.123075432440761E-01  7.297013432809624E-05 50848567	  59       0.80       0.90  1.266686276923552E-01  8.285367211252497E-05 50848567	  59       0.80       0.90  1.266686276923552E-01  8.285367211252497E-05 50848567	  59       0.80       0.90  1.191414641873546E-01  7.761085903575933E-05 50848567
  60       0.90       1.00  1.331459721135877E-01  8.651935777717434E-05 52899768	  60       0.90       1.00  1.331459721135877E-01  8.651935777717434E-05 52899768	  60       0.90       1.00  1.254287528444281E-01  8.126073584841586E-05 52899768	  60       0.90       1.00  1.254287528444281E-01  8.126073584841586E-05 52899768	  60       0.90       1.00  1.416764614521011E-01  9.248259518575504E-05 52899768	  60       0.90       1.00  1.416764614521011E-01  9.248259518575504E-05 52899768	  60       0.90       1.00  1.331459721135877E-01  8.651935777717434E-05 52899768
  61       1.00       1.10  1.477952119614444E-01  9.594578098792166E-05 55034582	  61       1.00       1.10  1.477952119614444E-01  9.594578098792166E-05 55034582	  61       1.00       1.10  1.391121908562087E-01  8.998258621869275E-05 55034582	  61       1.00       1.10  1.391121908562087E-01  8.998258621869275E-05 55034582	  61       1.00       1.10  1.574299461469002E-01  1.027386852171939E-04 55034582	  61       1.00       1.10  1.574299461469002E-01  1.027386852171939E-04 55034582	  61       1.00       1.10  1.477952119614444E-01  9.594578098792166E-05 55034582
  62       1.10       1.20  1.630190833872305E-01  1.054847630783027E-04 57259202	  62       1.10       1.20  1.630190833872305E-01  1.054847630783027E-04 57259202	  62       1.10       1.20  1.533094161850604E-01  9.880334093756118E-05 57259202	  62       1.10       1.20  1.533094161850604E-01  9.880334093756118E-05 57259202	  62       1.10       1.20  1.738318238703771E-01  1.131237757319536E-04 57259202	  62       1.10       1.20  1.738318238703771E-01  1.131237757319536E-04 57259202	  62       1.10       1.20  1.630190833872305E-01  1.054847630783027E-04 57259202
  63       1.20       1.30  1.786817767975394E-01  1.158943824714573E-04 59495222	  63       1.20       1.30  1.786817767975394E-01  1.158943824714573E-04 59495222	  63       1.20       1.30  1.678783965639111E-01  1.083933177091918E-04 59495222	  63       1.20       1.30  1.678783965639111E-01  1.083933177091918E-04 59495222	  63       1.20       1.30  1.907556107961130E-01  1.245064240212719E-04 59495222	  63       1.20       1.30  1.907556107961130E-01  1.245064240212719E-04 59495222	  63       1.20       1.30  1.786817767975394E-01  1.158943824714573E-04 59495222
  64       1.30       1.40  1.947168436878765E-01  1.268195440797309E-04 61733746	  64       1.30       1.40  1.947168436878765E-01  1.268195440797309E-04 61733746	  64       1.30       1.40  1.827495049382377E-01  1.184272972725232E-04 61733746	  64       1.30       1.40  1.827495049382377E-01  1.184272972725232E-04 61733746	  64       1.30       1.40  2.081394416276621E-01  1.364891249069872E-04 61733746	  64       1.30       1.40  2.081394416276621E-01  1.364891249069872E-04 61733746	  64       1.30       1.40  1.947168436878765E-01  1.268195440797309E-04 61733746
  65       1.40       1.50  2.105749301794876E-01  1.375150541468975E-04 63942291	  65       1.40       1.50  2.105749301794876E-01  1.375150541468975E-04 63942291	  65       1.40       1.50  1.974110312265273E-01  1.282203297379225E-04 63942291	  65       1.40       1.50  1.974110312265273E-01  1.282203297379225E-04 63942291	  65       1.40       1.50  2.253911873351862E-01  1.482643068510656E-04 63942291	  65       1.40       1.50  2.253911873351862E-01  1.482643068510656E-04 63942291	  65       1.40       1.50  2.105749301794876E-01  1.375150541468975E-04 63942291
  66       1.50       1.60  2.256962730967549E-01  1.482092033243489E-04 66120513	  66       1.50       1.60  2.256962730967549E-01  1.482092033243489E-04 66120513	  66       1.50       1.60  2.113358842008980E-01  1.379845200869004E-04 66120513	  66       1.50       1.60  2.113358842008980E-01  1.379845200869004E-04 66120513	  66       1.50       1.60  2.419140716381837E-01  1.600709100329502E-04 66120513	  66       1.50       1.60  2.419140716381837E-01  1.600709100329502E-04 66120513	  66       1.50       1.60  2.256962730967549E-01  1.482092033243489E-04 66120513
  67       1.60       1.70  2.405825834579127E-01  1.595223856463589E-04 68196469	  67       1.60       1.70  2.405825834579127E-01  1.595223856463589E-04 68196469	  67       1.60       1.70  2.249891358604219E-01  1.482418110083388E-04 68196469	  67       1.60       1.70  2.249891358604219E-01  1.482418110083388E-04 68196469	  67       1.60       1.70  2.582528429592824E-01  1.726594601039798E-04 68196469	  67       1.60       1.70  2.582528429592824E-01  1.726594601039798E-04 68196469	  67       1.60       1.70  2.405825834579127E-01  1.595223856463589E-04 68196469
  68       1.70       1.80  2.544536137089601E-01  1.714952167214663E-04 70003622	  68       1.70       1.80  2.544536137089601E-01  1.714952167214663E-04 70003622	  68       1.70       1.80  2.376498671382232E-01  1.590625330264091E-04 70003622	  68       1.70       1.80  2.376498671382232E-01  1.590625330264091E-04 70003622	  68       1.70       1.80  2.735574627269960E-01  1.860286359942492E-04 70003622	  68       1.70       1.80  2.735574627269960E-01  1.860286359942492E-04 70003622	  68       1.70       1.80  2.544536137089601E-01  1.714952167214663E-04 70003622
  69       1.80       1.90  2.668112253030481E-01  1.820087320295347E-04 71521052	  69       1.80       1.90  2.668112253030481E-01  1.820087320295347E-04 71521052	  69       1.80       1.90  2.488427147173393E-01  1.685057265974953E-04 71521052	  69       1.80       1.90  2.488427147173393E-01  1.685057265974953E-04 71521052	  69       1.80       1.90  2.873064753661482E-01  1.978472494149090E-04 71521052	  69       1.80       1.90  2.873064753661482E-01  1.978472494149090E-04 71521052	  69       1.80       1.90  2.668112253030481E-01  1.820087320295347E-04 71521052
  70       1.90       2.00  2.774835794211977E-01  1.921465182694465E-04 72755222	  70       1.90       2.00  2.774835794211977E-01  1.921465182694465E-04 72755222	  70       1.90       2.00  2.584158544714847E-01  1.775737320267118E-04 72755222	  70       1.90       2.00  2.584158544714847E-01  1.775737320267118E-04 72755222	  70       1.90       2.00  2.993034281243336E-01  2.092944242575334E-04 72755222	  70       1.90       2.00  2.993034281243336E-01  2.092944242575334E-04 72755222	  70       1.90       2.00  2.774835794211977E-01  1.921465182694465E-04 72755222
  71       2.00       2.10  2.863217146765856E-01  2.016521443071915E-04 73685144	  71       2.00       2.10  2.863217146765856E-01  2.016521443071915E-04 73685144	  71       2.00       2.10  2.662485440515247E-01  1.859954601148285E-04 73685144	  71       2.00       2.10  2.662485440515247E-01  1.859954601148285E-04 73685144	  71       2.00       2.10  3.093648642193403E-01  2.201411700115496E-04 73685144	  71       2.00       2.10  3.093648642193403E-01  2.201411700115496E-04 73685144	  71       2.00       2.10  2.863217146765856E-01  2.016521443071915E-04 73685144
  72       2.10       2.20  2.927255445580640E-01  2.113525253887589E-04 74292842	  72       2.10       2.20  2.927255445580640E-01  2.113525253887589E-04 74292842	  72       2.10       2.20  2.717690634830662E-01  1.945123344166365E-04 74292842	  72       2.10       2.20  2.717690634830662E-01  1.945123344166365E-04 74292842	  72       2.10       2.20  3.168586696415948E-01  2.313108119373317E-04 74292842	  72       2.10       2.20  3.168586696415948E-01  2.313108119373317E-04 74292842	  72       2.10       2.20  2.927255445580640E-01  2.113525253887589E-04 74292842
  73       2.20       2.30  2.969832412343374E-01  2.211439946247581E-04 74562808	  73       2.20       2.30  2.969832412343374E-01  2.211439946247581E-04 74562808	  73       2.20       2.30  2.752676478452025E-01  2.030634479064187E-04 74562808	  73       2.20       2.30  2.752676478452025E-01  2.030634479064187E-04 74562808	  73       2.20       2.30  3.220700143798724E-01  2.426500101235100E-04 74562808	  73       2.20       2.30  3.220700143798724E-01  2.426500101235100E-04 74562808	  73       2.20       2.30  2.969832412343374E-01  2.211439946247581E-04 74562808
  74       2.30       2.40  2.978517287176083E-01  2.275318468459484E-04 74511081	  74       2.30       2.40  2.978517287176083E-01  2.275318468459484E-04 74511081	  74       2.30       2.40  2.756043971765162E-01  2.085154324987009E-04 74511081	  74       2.30       2.40  2.756043971765162E-01  2.085154324987009E-04 74511081	  74       2.30       2.40  3.236318810800556E-01  2.502179259412838E-04 74511081	  74       2.30       2.40  3.236318810800556E-01  2.502179259412838E-04 74511081	  74       2.30       2.40  2.978517287176083E-01  2.275318468459484E-04 74511081
  75       2.40       2.50  2.957914961640437E-01  2.325415719231320E-04 74070537	  75       2.40       2.50  2.957914961640437E-01  2.325415719231320E-04 74070537	  75       2.40       2.50  2.732091222340516E-01  2.125894848487892E-04 74070537	  75       2.40       2.50  2.732091222340516E-01  2.125894848487892E-04 74070537	  75       2.40       2.50  3.220429133515209E-01  2.564440424030849E-04 74070537	  75       2.40       2.50  3.220429133515209E-01  2.564440424030849E-04 74070537	  75       2.40       2.50  2.957914961640437E-01  2.325415719231320E-04 74070537
  76       2.50       2.60  2.903937922396353E-01  2.369872029039791E-04 73326252	  76       2.50       2.60  2.903937922396353E-01  2.369872029039791E-04 73326252	  76       2.50       2.60  2.677382068256196E-01  2.161832062443048E-04 73326252	  76       2.50       2.60  2.677382068256196E-01  2.161832062443048E-04 73326252	  76       2.50       2.60  3.168118960762328E-01  2.619907529337770E-04 73326252	  76       2.50       2.60  3.168118960762328E-01  2.619907529337770E-04 73326252	  76       2.50       2.60  2.903937922396353E-01  2.369872029039791E-04 73326252
  77       2.60       2.70  2.813600091547296E-01  2.360132499387482E-04 72197097	  77       2.60       2.70  2.813600091547296E-01  2.360132499387482E-04 72197097	  77       2.60       2.70  2.589220237009837E-01  2.147799816555744E-04 72197097	  77       2.60       2.70  2.589220237009837E-01  2.147799816555744E-04 72197097	  77       2.60       2.70  3.076057949232967E-01  2.616335014658076E-04 72197097	  77       2.60       2.70  3.076057949232967E-01  2.616335014658076E-04 72197097	  77       2.60       2.70  2.813600091547296E-01  2.360132499387482E-04 72197097
  78       2.70       2.80  2.708511844161422E-01  2.381096014393918E-04 70715601	  78       2.70       2.80  2.708511844161422E-01  2.381096014393918E-04 70715601	  78       2.70       2.80  2.487664634864911E-01  2.161773701575720E-04 70715601	  78       2.70       2.80  2.487664634864911E-01  2.161773701575720E-04 70715601	  78       2.70       2.80  2.967654098749534E-01  2.646587283528400E-04 70715601	  78       2.70       2.80  2.967654098749534E-01  2.646587283528400E-04 70715601	  78       2.70       2.80  2.708511844161422E-01  2.381096014393918E-04 70715601
  79       2.80       2.90  2.562834244291307E-01  2.361780746507883E-04 68878372	  79       2.80       2.90  2.562834244291307E-01  2.361780746507883E-04 68878372	  79       2.80       2.90  2.349119446891768E-01  2.138495691514246E-04 68878372	  79       2.80       2.90  2.349119446891768E-01  2.138495691514246E-04 68878372	  79       2.80       2.90  2.814399401549018E-01  2.633168975754403E-04 68878372	  79       2.80       2.90  2.814399401549018E-01  2.633168975754403E-04 68878372	  79       2.80       2.90  2.562834244291307E-01  2.361780746507883E-04 68878372
  80       2.90       3.00  2.398487493186328E-01  2.320869096798467E-04 66685808	  80       2.90       3.00  2.398487493186328E-01  2.320869096798467E-04 66685808	  80       2.90       3.00  2.193805927615410E-01  2.095654731457044E-04 66685808	  80       2.90       3.00  2.193805927615410E-01  2.095654731457044E-04 66685808	  80       2.90       3.00  2.640225579711722E-01  2.595893511269624E-04 66685808	  80       2.90       3.00  2.640225579711722E-01  2.595893511269624E-04 66685808	  80       2.90       3.00  2.398487493186328E-01  2.320869096798467E-04 66685808
  81       3.00       3.10  2.211581992450947E-01  2.275068755928481E-04 64156846	  81       3.00       3.10  2.211581992450947E-01  2.275068755928481E-04 64156846	  81       3.00       3.10  2.018335847823111E-01  2.047685206857690E-04 64156846	  81       3.00       3.10  2.018335847823111E-01  2.047685206857690E-04 64156846	  81       3.00       3.10  2.440595763987184E-01  2.553853135215133E-04 64156846	  81       3.00       3.10  2.440595763987184E-01  2.553853135215133E-04 64156846	  81       3.00       3.10  2.211581992450947E-01  2.275068755928481E-04 64156846
  82       3.10       3.20  2.008167245489867E-01  2.156526181567863E-04 61305068	  82       3.10       3.20  2.008167245489867E-01  2.156526181567863E-04 61305068	  82       3.10       3.20  1.828877509722364E-01  1.937518080908862E-04 61305068	  82       3.10       3.20  1.828877509722364E-01  1.937518080908862E-04 61305068	  82       3.10       3.20  2.221296526779998E-01  2.425968740862395E-04 61305068	  82       3.10       3.20  2.221296526779998E-01  2.425968740862395E-04 61305068	  82       3.10       3.20  2.008167245489867E-01  2.156526181567863E-04 61305068
  83       3.20       3.30  1.796472537476790E-01  2.048068081848510E-04 58154586	  83       3.20       3.30  1.796472537476790E-01  2.048068081848510E-04 58154586	  83       3.20       3.30  1.632304747175608E-01  1.834841460221102E-04 58154586	  83       3.20       3.30  1.632304747175608E-01  1.834841460221102E-04 58154586	  83       3.20       3.30  1.992295684189118E-01  2.311362468052179E-04 58154586	  83       3.20       3.30  1.992295684189118E-01  2.311362468052179E-04 58154586	  83       3.20       3.30  1.796472537476790E-01  2.048068081848510E-04 58154586
  84       3.30       3.40  1.584151040094815E-01  1.935085181635888E-04 54713210	  84       3.30       3.40  1.584151040094815E-01  1.935085181635888E-04 54713210	  84       3.30       3.40  1.436072364086159E-01  1.729509677655159E-04 54713210	  84       3.30       3.40  1.436072364086159E-01  1.729509677655159E-04 54713210	  84       3.30       3.40  1.761384039641995E-01  2.189850840961150E-04 54713210	  84       3.30       3.40  1.761384039641995E-01  2.189850840961150E-04 54713210	  84       3.30       3.40  1.584151040094815E-01  1.935085181635888E-04 54713210
  85       3.40       3.50  1.375488335286635E-01  1.863591580654809E-04 51005583	  85       3.40       3.50  1.375488335286635E-01  1.863591580654809E-04 51005583	  85       3.40       3.50  1.243886167535867E-01  1.657067297941892E-04 51005583	  85       3.40       3.50  1.243886167535867E-01  1.657067297941892E-04 51005583	  85       3.40       3.50  1.533554746723022E-01  2.121604699388767E-04 51005583	  85       3.40       3.50  1.533554746723022E-01  2.121604699388767E-04 51005583	  85       3.40       3.50  1.375488335286635E-01  1.863591580654809E-04 51005583
  86       3.50       3.60  1.172485418884696E-01  1.681540214240783E-04 47108766	  86       3.50       3.60  1.172485418884696E-01  1.681540214240783E-04 47108766	  86       3.50       3.60  1.057642729904210E-01  1.493869736200126E-04 47108766	  86       3.50       3.60  1.057642729904210E-01  1.493869736200126E-04 47108766	  86       3.50       3.60  1.310935460521818E-01  1.916128522057343E-04 47108766	  86       3.50       3.60  1.310935460521818E-01  1.916128522057343E-04 47108766	  86       3.50       3.60  1.172485418884696E-01  1.681540214240783E-04 47108766
  87       3.60       3.70  9.798361639584906E-02  1.529320120655531E-04 43049886	  87       3.60       3.70  9.798361639584906E-02  1.529320120655531E-04 43049886	  87       3.60       3.70  8.816310832993188E-02  1.354241138822200E-04 43049886	  87       3.60       3.70  8.816310832993188E-02  1.354241138822200E-04 43049886	  87       3.60       3.70  1.098654834575022E-01  1.749235875702007E-04 43049886	  87       3.60       3.70  1.098654834575022E-01  1.749235875702007E-04 43049886	  87       3.60       3.70  9.798361639584906E-02  1.529320120655531E-04 43049886
  88       3.70       3.80  8.061987287921969E-02  1.405667759198650E-04 38888997	  88       3.70       3.80  8.061987287921969E-02  1.405667759198650E-04 38888997	  88       3.70       3.80  7.236444600650899E-02  1.241779159300915E-04 38888997	  88       3.70       3.80  7.236444600650899E-02  1.241779159300915E-04 38888997	  88       3.70       3.80  9.064204195772206E-02  1.612233536292635E-04 38888997	  88       3.70       3.80  9.064204195772206E-02  1.612233536292635E-04 38888997	  88       3.70       3.80  8.061987287921969E-02  1.405667759198650E-04 38888997
  89       3.80       3.90  6.455115474166484E-02  1.201588180284594E-04 34696135	  89       3.80       3.90  6.455115474166484E-02  1.201588180284594E-04 34696135	  89       3.80       3.90  5.779136458559900E-02  1.057667378141183E-04 34696135	  89       3.80       3.90  5.779136458559900E-02  1.057667378141183E-04 34696135	  89       3.80       3.90  7.278747720816318E-02  1.384017066214525E-04 34696135	  89       3.80       3.90  7.278747720816318E-02  1.384017066214525E-04 34696135	  89       3.80       3.90  6.455115474166484E-02  1.201588180284594E-04 34696135
  90       3.90       4.00  5.109506424404799E-02  1.064492714464269E-04 30525066	  90       3.90       4.00  5.109506424404799E-02  1.064492714464269E-04 30525066	  90       3.90       4.00  4.561820165309082E-02  9.352896354096513E-05 30525066	  90       3.90       4.00  4.561820165309082E-02  9.352896354096513E-05 30525066	  90       3.90       4.00  5.779438096138050E-02  1.228581114506711E-04 30525066	  90       3.90       4.00  5.779438096138050E-02  1.228581114506711E-04 30525066	  90       3.90       4.00  5.109506424404799E-02  1.064492714464269E-04 30525066
  91       4.00       4.10  0.000000000000000E+00  0.000000000000000E+00 0	  91       4.00       4.10  0.000000000000000E+00  0.000000000000000E+00 0	  91       4.00       4.10  0.000000000000000E+00  0.000000000000000E+00 0	  91       4.00       4.10  0.000000000000000E+00  0.000000000000000E+00 0	  91       4.00       4.10  0.000000000000000E+00  0.000000000000000E+00 0	  91       4.00       4.10  0.000000000000000E+00  0.000000000000000E+00 0	  91       4.00       4.10  0.000000000000000E+00  0.000000000000000E+00 0
  92       4.10       4.20  0.000000000000000E+00  0.000000000000000E+00 0	  92       4.10       4.20  0.000000000000000E+00  0.000000000000000E+00 0	  92       4.10       4.20  0.000000000000000E+00  0.000000000000000E+00 0	  92       4.10       4.20  0.000000000000000E+00  0.000000000000000E+00 0	  92       4.10       4.20  0.000000000000000E+00  0.000000000000000E+00 0	  92       4.10       4.20  0.000000000000000E+00  0.000000000000000E+00 0	  92       4.10       4.20  0.000000000000000E+00  0.000000000000000E+00 0
  93       4.20       4.30  0.000000000000000E+00  0.000000000000000E+00 0	  93       4.20       4.30  0.000000000000000E+00  0.000000000000000E+00 0	  93       4.20       4.30  0.000000000000000E+00  0.000000000000000E+00 0	  93       4.20       4.30  0.000000000000000E+00  0.000000000000000E+00 0	  93       4.20       4.30  0.000000000000000E+00  0.000000000000000E+00 0	  93       4.20       4.30  0.000000000000000E+00  0.000000000000000E+00 0	  93       4.20       4.30  0.000000000000000E+00  0.000000000000000E+00 0
  94       4.30       4.40  0.000000000000000E+00  0.000000000000000E+00 0	  94       4.30       4.40  0.000000000000000E+00  0.000000000000000E+00 0	  94       4.30       4.40  0.000000000000000E+00  0.000000000000000E+00 0	  94       4.30       4.40  0.000000000000000E+00  0.000000000000000E+00 0	  94       4.30       4.40  0.000000000000000E+00  0.000000000000000E+00 0	  94       4.30       4.40  0.000000000000000E+00  0.000000000000000E+00 0	  94       4.30       4.40  0.000000000000000E+00  0.000000000000000E+00 0
  95       4.40       4.50  0.000000000000000E+00  0.000000000000000E+00 0	  95       4.40       4.50  0.000000000000000E+00  0.000000000000000E+00 0	  95       4.40       4.50  0.000000000000000E+00  0.000000000000000E+00 0	  95       4.40       4.50  0.000000000000000E+00  0.000000000000000E+00 0	  95       4.40       4.50  0.000000000000000E+00  0.000000000000000E+00 0	  95       4.40       4.50  0.000000000000000E+00  0.000000000000000E+00 0	  95       4.40       4.50  0.000000000000000E+00  0.000000000000000E+00 0
  96       4.50       4.60  0.000000000000000E+00  0.000000000000000E+00 0	  96       4.50       4.60  0.000000000000000E+00  0.000000000000000E+00 0	  96       4.50       4.60  0.000000000000000E+00  0.000000000000000E+00 0	  96       4.50       4.60  0.000000000000000E+00  0.000000000000000E+00 0	  96       4.50       4.60  0.000000000000000E+00  0.000000000000000E+00 0	  96       4.50       4.60  0.000000000000000E+00  0.000000000000000E+00 0	  96       4.50       4.60  0.000000000000000E+00  0.000000000000000E+00 0
  97       4.60       4.70  0.000000000000000E+00  0.000000000000000E+00 0	  97       4.60       4.70  0.000000000000000E+00  0.000000000000000E+00 0	  97       4.60       4.70  0.000000000000000E+00  0.000000000000000E+00 0	  97       4.60       4.70  0.000000000000000E+00  0.000000000000000E+00 0	  97       4.60       4.70  0.000000000000000E+00  0.000000000000000E+00 0	  97       4.60       4.70  0.000000000000000E+00  0.000000000000000E+00 0	  97       4.60       4.70  0.000000000000000E+00  0.000000000000000E+00 0
  98       4.70       4.80  0.000000000000000E+00  0.000000000000000E+00 0	  98       4.70       4.80  0.000000000000000E+00  0.000000000000000E+00 0	  98       4.70       4.80  0.000000000000000E+00  0.000000000000000E+00 0	  98       4.70       4.80  0.000000000000000E+00  0.000000000000000E+00 0	  98       4.70       4.80  0.000000000000000E+00  0.000000000000000E+00 0	  98       4.70       4.80  0.000000000000000E+00  0.000000000000000E+00 0	  98       4.70       4.80  0.000000000000000E+00  0.000000000000000E+00 0
  99       4.80       4.90  0.000000000000000E+00  0.000000000000000E+00 0	  99       4.80       4.90  0.000000000000000E+00  0.000000000000000E+00 0	  99       4.80       4.90  0.000000000000000E+00  0.000000000000000E+00 0	  99       4.80       4.90  0.000000000000000E+00  0.000000000000000E+00 0	  99       4.80       4.90  0.000000000000000E+00  0.000000000000000E+00 0	  99       4.80       4.90  0.000000000000000E+00  0.000000000000000E+00 0	  99       4.80       4.90  0.000000000000000E+00  0.000000000000000E+00 0
 100       4.90       5.00  0.000000000000000E+00  0.000000000000000E+00 0	 100       4.90       5.00  0.000000000000000E+00  0.000000000000000E+00 0	 100       4.90       5.00  0.000000000000000E+00  0.000000000000000E+00 0	 100       4.90       5.00  0.000000000000000E+00  0.000000000000000E+00 0	 100       4.90       5.00  0.000000000000000E+00  0.000000000000000E+00 0	 100       4.90       5.00  0.000000000000000E+00  0.000000000000000E+00 0	 100       4.90       5.00  0.000000000000000E+00  0.000000000000000E+00 0
# Underflow:                 0.0000000000000000E+00  0.0000000000000000E+00 0
# Overflow:                  0.0000000000000000E+00  0.0000000000000000E+00 0
#-------------------------------------------------------------------------------------	#-------------------------------------------------------------------------------------	#-------------------------------------------------------------------------------------	#-------------------------------------------------------------------------------------	#-------------------------------------------------------------------------------------	#-------------------------------------------------------------------------------------	#-------------------------------------------------------------------------------------
# Sum:                       1.3169060832228086E-01  2.1863014742206375E-05 451479000
#=====================================================================================	#=====================================================================================	#=====================================================================================	#=====================================================================================	#=====================================================================================	#=====================================================================================	#=====================================================================================
