# title = Rapidity Harder Jet
# xlabel = $y_{\text{j}_1}$
# ylabel = $\frac{\text{d}\sigma}{\text{d}y_{\text{j}_1}}\,[\text{fb}]$
# xmin= -4.500E+00
# xmax=  4.500E+00
# ymin=  1.000E-04
# ymax=  4.000E-01
# kmin= -2.000E+01
# kmax=  1.000E+01
# logscale = false
# Renormalization and factorization scale scaled by: 1.0000000000
# Renormalization scaled by: 1.0000000000
# Number of generated events: 6467394395
#	#	#	#	#	#	#
#=====================================================================================	#=====================================================================================	#=====================================================================================	#=====================================================================================	#=====================================================================================	#=====================================================================================	#=====================================================================================
# No.       Left      Right                   Value                   Error Hits
#-------------------------------------------------------------------------------------	#-------------------------------------------------------------------------------------	#-------------------------------------------------------------------------------------	#-------------------------------------------------------------------------------------	#-------------------------------------------------------------------------------------	#-------------------------------------------------------------------------------------	#-------------------------------------------------------------------------------------
   1      -4.50      -4.25  0.000000000000000E+00  0.000000000000000E+00 0	   1      -4.50      -4.25  0.000000000000000E+00  0.000000000000000E+00 0	   1      -4.50      -4.25  0.000000000000000E+00  0.000000000000000E+00 0	   1      -4.50      -4.25  0.000000000000000E+00  0.000000000000000E+00 0	   1      -4.50      -4.25  0.000000000000000E+00  0.000000000000000E+00 0	   1      -4.50      -4.25  0.000000000000000E+00  0.000000000000000E+00 0	   1      -4.50      -4.25  0.000000000000000E+00  0.000000000000000E+00 0
   2      -4.25      -4.00  0.000000000000000E+00  0.000000000000000E+00 0	   2      -4.25      -4.00  0.000000000000000E+00  0.000000000000000E+00 0	   2      -4.25      -4.00  0.000000000000000E+00  0.000000000000000E+00 0	   2      -4.25      -4.00  0.000000000000000E+00  0.000000000000000E+00 0	   2      -4.25      -4.00  0.000000000000000E+00  0.000000000000000E+00 0	   2      -4.25      -4.00  0.000000000000000E+00  0.000000000000000E+00 0	   2      -4.25      -4.00  0.000000000000000E+00  0.000000000000000E+00 0
   3      -4.00      -3.75  6.148176283366821E-02  6.955592944391627E-05 78212490	   3      -4.00      -3.75  6.148176283366821E-02  6.955592944391627E-05 78212490	   3      -4.00      -3.75  5.501320298372413E-02  6.135390212847413E-05 78212490	   3      -4.00      -3.75  5.501320298372413E-02  6.135390212847413E-05 78212490	   3      -4.00      -3.75  6.937022863923084E-02  7.991904438411568E-05 78212490	   3      -4.00      -3.75  6.937022863923084E-02  7.991904438411568E-05 78212490	   3      -4.00      -3.75  6.148176283366821E-02  6.955592944391627E-05 78212490
   4      -3.75      -3.50  1.029680941103852E-01  9.574325916933615E-05 102308082	   4      -3.75      -3.50  1.029680941103852E-01  9.574325916933615E-05 102308082	   4      -3.75      -3.50  9.272674971478932E-02  8.502133550862484E-05 102308082	   4      -3.75      -3.50  9.272674971478932E-02  8.502133550862484E-05 102308082	   4      -3.75      -3.50  1.153444070989786E-01  1.091564866763486E-04 102308082	   4      -3.75      -3.50  1.153444070989786E-01  1.091564866763486E-04 102308082	   4      -3.75      -3.50  1.029680941103852E-01  9.574325916933615E-05 102308082
   5      -3.50      -3.25  1.532172433269368E-01  1.207386860188830E-04 124956193	   5      -3.50      -3.25  1.532172433269368E-01  1.207386860188830E-04 124956193	   5      -3.50      -3.25  1.388316071632636E-01  1.079329228941230E-04 124956193	   5      -3.50      -3.25  1.388316071632636E-01  1.079329228941230E-04 124956193	   5      -3.50      -3.25  1.704470102261220E-01  1.366044970040952E-04 124956193	   5      -3.50      -3.25  1.704470102261220E-01  1.366044970040952E-04 124956193	   5      -3.50      -3.25  1.532172433269368E-01  1.207386860188830E-04 124956193
   6      -3.25      -3.00  2.059459200835803E-01  1.432712062256951E-04 144393302	   6      -3.25      -3.00  2.059459200835803E-01  1.432712062256951E-04 144393302	   6      -3.25      -3.00  1.876706551565760E-01  1.288242218963536E-04 144393302	   6      -3.25      -3.00  1.876706551565760E-01  1.288242218963536E-04 144393302	   6      -3.25      -3.00  2.276525749712489E-01  1.610184980328353E-04 144393302	   6      -3.25      -3.00  2.276525749712489E-01  1.610184980328353E-04 144393302	   6      -3.25      -3.00  2.059459200835803E-01  1.432712062256951E-04 144393302
   7      -3.00      -2.75  2.518515612624999E-01  1.554492669701546E-04 159592841	   7      -3.00      -2.75  2.518515612624999E-01  1.554492669701546E-04 159592841	   7      -3.00      -2.75  2.307426545913204E-01  1.406832118868606E-04 159592841	   7      -3.00      -2.75  2.307426545913204E-01  1.406832118868606E-04 159592841	   7      -3.00      -2.75  2.767177828190978E-01  1.734136240487253E-04 159592841	   7      -3.00      -2.75  2.767177828190978E-01  1.734136240487253E-04 159592841	   7      -3.00      -2.75  2.518515612624999E-01  1.554492669701546E-04 159592841
   8      -2.75      -2.50  2.833356182361385E-01  1.595517881934276E-04 169924654	   8      -2.75      -2.50  2.833356182361385E-01  1.595517881934276E-04 169924654	   8      -2.75      -2.50  2.608773751923555E-01  1.452749274724988E-04 169924654	   8      -2.75      -2.50  2.608773751923555E-01  1.452749274724988E-04 169924654	   8      -2.75      -2.50  3.095828988526746E-01  1.767659500639454E-04 169924654	   8      -2.75      -2.50  3.095828988526746E-01  1.767659500639454E-04 169924654	   8      -2.75      -2.50  2.833356182361385E-01  1.595517881934276E-04 169924654
   9      -2.50      -2.25  2.964962971466037E-01  1.552653988561937E-04 175270114	   9      -2.50      -2.25  2.964962971466037E-01  1.552653988561937E-04 175270114	   9      -2.50      -2.25  2.742313561793166E-01  1.421243804927879E-04 175270114	   9      -2.50      -2.25  2.742313561793166E-01  1.421243804927879E-04 175270114	   9      -2.50      -2.25  3.223179674227011E-01  1.709815113125460E-04 175270114	   9      -2.50      -2.25  3.223179674227011E-01  1.709815113125460E-04 175270114	   9      -2.50      -2.25  2.964962971466037E-01  1.552653988561937E-04 175270114
  10      -2.25      -2.00  2.909101489344406E-01  1.436999612388688E-04 175578929	  10      -2.25      -2.00  2.909101489344406E-01  1.436999612388688E-04 175578929	  10      -2.25      -2.00  2.701890061750358E-01  1.322621712837723E-04 175578929	  10      -2.25      -2.00  2.701890061750358E-01  1.322621712837723E-04 175578929	  10      -2.25      -2.00  3.147543188845389E-01  1.572550860393529E-04 175578929	  10      -2.25      -2.00  3.147543188845389E-01  1.572550860393529E-04 175578929	  10      -2.25      -2.00  2.909101489344406E-01  1.436999612388688E-04 175578929
  11      -2.00      -1.75  2.693495562207857E-01  1.268569835052877E-04 171096736	  11      -2.00      -1.75  2.693495562207857E-01  1.268569835052877E-04 171096736	  11      -2.00      -1.75  2.511150929515933E-01  1.173674968463612E-04 171096736	  11      -2.00      -1.75  2.511150929515933E-01  1.173674968463612E-04 171096736	  11      -2.00      -1.75  2.901660065558292E-01  1.380023309984360E-04 171096736	  11      -2.00      -1.75  2.901660065558292E-01  1.380023309984360E-04 171096736	  11      -2.00      -1.75  2.693495562207857E-01  1.268569835052877E-04 171096736
  12      -1.75      -1.50  2.368907349293487E-01  1.082713172008123E-04 162089632	  12      -1.75      -1.50  2.368907349293487E-01  1.082713172008123E-04 162089632	  12      -1.75      -1.50  2.215995028656656E-01  1.006004050124310E-04 162089632	  12      -1.75      -1.50  2.215995028656656E-01  1.006004050124310E-04 162089632	  12      -1.75      -1.50  2.542052922464681E-01  1.172089127072407E-04 162089632	  12      -1.75      -1.50  2.542052922464681E-01  1.172089127072407E-04 162089632	  12      -1.75      -1.50  2.368907349293487E-01  1.082713172008123E-04 162089632
  13      -1.50      -1.25  1.987643376011949E-01  8.907223676110291E-05 150108909	  13      -1.50      -1.25  1.987643376011949E-01  8.907223676110291E-05 150108909	  13      -1.50      -1.25  1.864914357729637E-01  8.311314037811205E-05 150108909	  13      -1.50      -1.25  1.864914357729637E-01  8.311314037811205E-05 150108909	  13      -1.50      -1.25  2.125427345762528E-01  9.595128387447013E-05 150108909	  13      -1.50      -1.25  2.125427345762528E-01  9.595128387447013E-05 150108909	  13      -1.50      -1.25  1.987643376011949E-01  8.907223676110291E-05 150108909
  14      -1.25      -1.00  1.592332912455478E-01  7.089279881939632E-05 137490477	  14      -1.25      -1.00  1.592332912455478E-01  7.089279881939632E-05 137490477	  14      -1.25      -1.00  1.497780940734237E-01  6.638006233713484E-05 137490477	  14      -1.25      -1.00  1.497780940734237E-01  6.638006233713484E-05 137490477	  14      -1.25      -1.00  1.697541892318951E-01  7.605665482469157E-05 137490477	  14      -1.25      -1.00  1.697541892318951E-01  7.605665482469157E-05 137490477	  14      -1.25      -1.00  1.592332912455478E-01  7.089279881939632E-05 137490477
  15      -1.00      -0.75  1.228019777748406E-01  5.476287052748850E-05 125303723	  15      -1.00      -0.75  1.228019777748406E-01  5.476287052748850E-05 125303723	  15      -1.00      -0.75  1.157356602626590E-01  5.143368840637273E-05 125303723	  15      -1.00      -0.75  1.157356602626590E-01  5.143368840637273E-05 125303723	  15      -1.00      -0.75  1.305935407403131E-01  5.853677314084581E-05 125303723	  15      -1.00      -0.75  1.305935407403131E-01  5.853677314084581E-05 125303723	  15      -1.00      -0.75  1.228019777748406E-01  5.476287052748850E-05 125303723
  16      -0.75      -0.50  9.252621108994512E-02  4.117689815177251E-05 115089345	  16      -0.75      -0.50  9.252621108994512E-02  4.117689815177251E-05 115089345	  16      -0.75      -0.50  8.731803136046215E-02  3.876666412779641E-05 115089345	  16      -0.75      -0.50  8.731803136046215E-02  3.876666412779641E-05 115089345	  16      -0.75      -0.50  9.821608876488855E-02  4.388258675679220E-05 115089345	  16      -0.75      -0.50  9.821608876488855E-02  4.388258675679220E-05 115089345	  16      -0.75      -0.50  9.252621108994512E-02  4.117689815177251E-05 115089345
  17      -0.50      -0.25  7.079511434635270E-02  3.052717638314940E-05 107868021	  17      -0.50      -0.25  7.079511434635270E-02  3.052717638314940E-05 107868021	  17      -0.50      -0.25  6.685131606098269E-02  2.878957685251243E-05 107868021	  17      -0.50      -0.25  6.685131606098269E-02  2.878957685251243E-05 107868021	  17      -0.50      -0.25  7.506698776457418E-02  3.245771708146746E-05 107868021	  17      -0.50      -0.25  7.506698776457418E-02  3.245771708146746E-05 107868021	  17      -0.50      -0.25  7.079511434635270E-02  3.052717638314940E-05 107868021
  18      -0.25       0.00  5.956153832194570E-02  2.397867511051184E-05 104302257	  18      -0.25       0.00  5.956153832194570E-02  2.397867511051184E-05 104302257	  18      -0.25       0.00  5.625335256289884E-02  2.265179706117463E-05 104302257	  18      -0.25       0.00  5.625335256289884E-02  2.265179706117463E-05 104302257	  18      -0.25       0.00  6.312398858424875E-02  2.543580824494285E-05 104302257	  18      -0.25       0.00  6.312398858424875E-02  2.543580824494285E-05 104302257	  18      -0.25       0.00  5.956153832194570E-02  2.397867511051184E-05 104302257
  19       0.00       0.25  5.959324869868052E-02  2.337567964477772E-05 104733909	  19       0.00       0.25  5.959324869868052E-02  2.337567964477772E-05 104733909	  19       0.00       0.25  5.628386728998930E-02  2.209494352194615E-05 104733909	  19       0.00       0.25  5.628386728998930E-02  2.209494352194615E-05 104733909	  19       0.00       0.25  6.315683153945760E-02  2.477833817008887E-05 104733909	  19       0.00       0.25  6.315683153945760E-02  2.477833817008887E-05 104733909	  19       0.00       0.25  5.959324869868052E-02  2.337567964477772E-05 104733909
  20       0.25       0.50  7.090382467275469E-02  2.885468244347129E-05 109143294	  20       0.25       0.50  7.090382467275469E-02  2.885468244347129E-05 109143294	  20       0.25       0.50  6.695535867173093E-02  2.724422404810102E-05 109143294	  20       0.25       0.50  6.695535867173093E-02  2.724422404810102E-05 109143294	  20       0.25       0.50  7.518063624921867E-02  3.063619507358827E-05 109143294	  20       0.25       0.50  7.518063624921867E-02  3.063619507358827E-05 109143294	  20       0.25       0.50  7.090382467275469E-02  2.885468244347129E-05 109143294
  21       0.50       0.75  9.251928930019757E-02  3.838772723042698E-05 117241267	  21       0.50       0.75  9.251928930019757E-02  3.838772723042698E-05 117241267	  21       0.50       0.75  8.731130537770980E-02  3.617236529903509E-05 117241267	  21       0.50       0.75  8.731130537770980E-02  3.617236529903509E-05 117241267	  21       0.50       0.75  9.820884144522871E-02  4.086747251689918E-05 117241267	  21       0.50       0.75  9.820884144522871E-02  4.086747251689918E-05 117241267	  21       0.50       0.75  9.251928930019757E-02  3.838772723042698E-05 117241267
  22       0.75       1.00  1.228000503370766E-01  5.072106287661273E-05 128452219	  22       0.75       1.00  1.228000503370766E-01  5.072106287661273E-05 128452219	  22       0.75       1.00  1.157340392262227E-01  4.767182217467110E-05 128452219	  22       0.75       1.00  1.157340392262227E-01  4.767182217467110E-05 128452219	  22       0.75       1.00  1.305911346654031E-01  5.417017807974905E-05 128452219	  22       0.75       1.00  1.305911346654031E-01  5.417017807974905E-05 128452219	  22       0.75       1.00  1.228000503370766E-01  5.072106287661273E-05 128452219
  23       1.00       1.25  1.592560403645705E-01  6.539449518948554E-05 141757224	  23       1.00       1.25  1.592560403645705E-01  6.539449518948554E-05 141757224	  23       1.00       1.25  1.497961430525955E-01  6.126283921208905E-05 141757224	  23       1.00       1.25  1.497961430525955E-01  6.126283921208905E-05 141757224	  23       1.00       1.25  1.697828672294386E-01  7.011622975764325E-05 141757224	  23       1.00       1.25  1.697828672294386E-01  7.011622975764325E-05 141757224	  23       1.00       1.25  1.592560403645705E-01  6.539449518948554E-05 141757224
  24       1.25       1.50  1.986590980408227E-01  8.199046549876495E-05 155707819	  24       1.25       1.50  1.986590980408227E-01  8.199046549876495E-05 155707819	  24       1.25       1.50  1.863880728553631E-01  7.652822586576687E-05 155707819	  24       1.25       1.50  1.863880728553631E-01  7.652822586576687E-05 155707819	  24       1.25       1.50  2.124363366810335E-01  8.829212789088393E-05 155707819	  24       1.25       1.50  2.124363366810335E-01  8.829212789088393E-05 155707819	  24       1.25       1.50  1.986590980408227E-01  8.199046549876495E-05 155707819
  25       1.50       1.75  2.367815003578236E-01  9.927868380079312E-05 169108675	  25       1.50       1.75  2.367815003578236E-01  9.927868380079312E-05 169108675	  25       1.50       1.75  2.214972314015091E-01  9.229297024078968E-05 169108675	  25       1.50       1.75  2.214972314015091E-01  9.229297024078968E-05 169108675	  25       1.50       1.75  2.540881872835449E-01  1.074077130317699E-04 169108675	  25       1.50       1.75  2.540881872835449E-01  1.074077130317699E-04 169108675	  25       1.50       1.75  2.367815003578236E-01  9.927868380079312E-05 169108675
  26       1.75       2.00  2.692294096372464E-01  1.167820430788496E-04 179488203	  26       1.75       2.00  2.692294096372464E-01  1.167820430788496E-04 179488203	  26       1.75       2.00  2.509961511537989E-01  1.080575587399139E-04 179488203	  26       1.75       2.00  2.509961511537989E-01  1.080575587399139E-04 179488203	  26       1.75       2.00  2.900455250423324E-01  1.270264507724342E-04 179488203	  26       1.75       2.00  2.900455250423324E-01  1.270264507724342E-04 179488203	  26       1.75       2.00  2.692294096372464E-01  1.167820430788496E-04 179488203
  27       2.00       2.25  2.908661364771438E-01  1.322904060757108E-04 185247650	  27       2.00       2.25  2.908661364771438E-01  1.322904060757108E-04 185247650	  27       2.00       2.25  2.701447584178054E-01  1.217957186746940E-04 185247650	  27       2.00       2.25  2.701447584178054E-01  1.217957186746940E-04 185247650	  27       2.00       2.25  3.147113300161256E-01  1.447221350807316E-04 185247650	  27       2.00       2.25  3.147113300161256E-01  1.447221350807316E-04 185247650	  27       2.00       2.25  2.908661364771438E-01  1.322904060757108E-04 185247650
  28       2.25       2.50  2.970033536631278E-01  1.445873453284237E-04 185874762	  28       2.25       2.50  2.970033536631278E-01  1.445873453284237E-04 185874762	  28       2.25       2.50  2.746947514982624E-01  1.324143641286953E-04 185874762	  28       2.25       2.50  2.746947514982624E-01  1.324143641286953E-04 185874762	  28       2.25       2.50  3.228760070527699E-01  1.591282382992872E-04 185874762	  28       2.25       2.50  3.228760070527699E-01  1.591282382992872E-04 185874762	  28       2.25       2.50  2.970033536631278E-01  1.445873453284237E-04 185874762
  29       2.50       2.75  2.835313890158320E-01  1.493840527358717E-04 181081761	  29       2.50       2.75  2.835313890158320E-01  1.493840527358717E-04 181081761	  29       2.50       2.75  2.610474500972982E-01  1.360383498814431E-04 181081761	  29       2.50       2.75  2.610474500972982E-01  1.360383498814431E-04 181081761	  29       2.50       2.75  3.098106140499324E-01  1.654696632713162E-04 181081761	  29       2.50       2.75  3.098106140499324E-01  1.654696632713162E-04 181081761	  29       2.50       2.75  2.835313890158320E-01  1.493840527358717E-04 181081761
  30       2.75       3.00  2.519634748074604E-01  1.489670993736185E-04 170721369	  30       2.75       3.00  2.519634748074604E-01  1.489670993736185E-04 170721369	  30       2.75       3.00  2.308402424882038E-01  1.347889820852205E-04 170721369	  30       2.75       3.00  2.308402424882038E-01  1.347889820852205E-04 170721369	  30       2.75       3.00  2.768476255502514E-01  1.662214887974786E-04 170721369	  30       2.75       3.00  2.768476255502514E-01  1.662214887974786E-04 170721369	  30       2.75       3.00  2.519634748074604E-01  1.489670993736185E-04 170721369
  31       3.00       3.25  2.058182815903070E-01  1.384843072602227E-04 154951838	  31       3.00       3.25  2.058182815903070E-01  1.384843072602227E-04 154951838	  31       3.00       3.25  1.875525887993250E-01  1.244789802070478E-04 154951838	  31       3.00       3.25  1.875525887993250E-01  1.244789802070478E-04 154951838	  31       3.00       3.25  2.275133282732353E-01  1.556946936964080E-04 154951838	  31       3.00       3.25  2.275133282732353E-01  1.556946936964080E-04 154951838	  31       3.00       3.25  2.058182815903070E-01  1.384843072602227E-04 154951838
  32       3.25       3.50  1.532161644416513E-01  1.216600951868843E-04 134383455	  32       3.25       3.50  1.532161644416513E-01  1.216600951868843E-04 134383455	  32       3.25       3.50  1.388264766543888E-01  1.085535186286238E-04 134383455	  32       3.25       3.50  1.388264766543888E-01  1.085535186286238E-04 134383455	  32       3.25       3.50  1.704517421796083E-01  1.379498866626022E-04 134383455	  32       3.25       3.50  1.704517421796083E-01  1.379498866626022E-04 134383455	  32       3.25       3.50  1.532161644416513E-01  1.216600951868843E-04 134383455
  33       3.50       3.75  1.030848320271262E-01  9.972734626359129E-05 110127392	  33       3.50       3.75  1.030848320271262E-01  9.972734626359129E-05 110127392	  33       3.50       3.75  9.283296817286037E-02  8.844004728280579E-05 110127392	  33       3.50       3.75  9.283296817286037E-02  8.844004728280579E-05 110127392	  33       3.50       3.75  1.154737210724587E-01  1.138730468515130E-04 110127392	  33       3.50       3.75  1.154737210724587E-01  1.138730468515130E-04 110127392	  33       3.50       3.75  1.030848320271262E-01  9.972734626359129E-05 110127392
  34       3.75       4.00  6.151446803258372E-02  7.486445783048111E-05 84141458	  34       3.75       4.00  6.151446803258372E-02  7.486445783048111E-05 84141458	  34       3.75       4.00  5.504758925337164E-02  6.587555140728253E-05 84141458	  34       3.75       4.00  5.504758925337164E-02  6.587555140728253E-05 84141458	  34       3.75       4.00  6.939945078231084E-02  8.626191766371595E-05 84141458	  34       3.75       4.00  6.939945078231084E-02  8.626191766371595E-05 84141458	  34       3.75       4.00  6.151446803258372E-02  7.486445783048111E-05 84141458
  35       4.00       4.25  0.000000000000000E+00  0.000000000000000E+00 0	  35       4.00       4.25  0.000000000000000E+00  0.000000000000000E+00 0	  35       4.00       4.25  0.000000000000000E+00  0.000000000000000E+00 0	  35       4.00       4.25  0.000000000000000E+00  0.000000000000000E+00 0	  35       4.00       4.25  0.000000000000000E+00  0.000000000000000E+00 0	  35       4.00       4.25  0.000000000000000E+00  0.000000000000000E+00 0	  35       4.00       4.25  0.000000000000000E+00  0.000000000000000E+00 0
  36       4.25       4.50  0.000000000000000E+00  0.000000000000000E+00 0	  36       4.25       4.50  0.000000000000000E+00  0.000000000000000E+00 0	  36       4.25       4.50  0.000000000000000E+00  0.000000000000000E+00 0	  36       4.25       4.50  0.000000000000000E+00  0.000000000000000E+00 0	  36       4.25       4.50  0.000000000000000E+00  0.000000000000000E+00 0	  36       4.25       4.50  0.000000000000000E+00  0.000000000000000E+00 0	  36       4.25       4.50  0.000000000000000E+00  0.000000000000000E+00 0
# Underflow:                 0.0000000000000000E+00  0.0000000000000000E+00 0
# Overflow:                  0.0000000000000000E+00  0.0000000000000000E+00 0
#-------------------------------------------------------------------------------------	#-------------------------------------------------------------------------------------	#-------------------------------------------------------------------------------------	#-------------------------------------------------------------------------------------	#-------------------------------------------------------------------------------------	#-------------------------------------------------------------------------------------	#-------------------------------------------------------------------------------------
# Sum:                       1.3169060832227319E-01  2.1861460116065426E-05 451479000
#=====================================================================================	#=====================================================================================	#=====================================================================================	#=====================================================================================	#=====================================================================================	#=====================================================================================	#=====================================================================================
