# title = Rapidity Positron
# xlabel = $y_{\text{e}^+}$
# ylabel = $\frac{\text{d}\sigma}{\text{d}y_{\text{e}^+}}\,[\text{fb}]$
# xmin= -2.500E+00
# xmax=  2.500E+00
# ymin=  1.000E-04
# ymax=  6.000E-01
# kmin= -2.000E+01
# kmax=  1.000E+01
# logscale = false
# Renormalization and factorization scale scaled by: 1.0000000000
# Renormalization scaled by: 1.0000000000
# Number of generated events: 6937080
#	#	#	#	#	#	#
#=====================================================================================	#=====================================================================================	#=====================================================================================	#=====================================================================================	#=====================================================================================	#=====================================================================================	#=====================================================================================
# No.       Left      Right                   Value                   Error Hits
#-------------------------------------------------------------------------------------	#-------------------------------------------------------------------------------------	#-------------------------------------------------------------------------------------	#-------------------------------------------------------------------------------------	#-------------------------------------------------------------------------------------	#-------------------------------------------------------------------------------------	#-------------------------------------------------------------------------------------
   1      -2.50      -2.25  7.593556454419081E-02  2.170632333981381E-03 133690306	   1      -2.50      -2.25  7.593556454419081E-02  2.170632333981381E-03 133690306	   1      -2.50      -2.25  6.971098620301797E-02  1.952678839443731E-03 133690306	   1      -2.50      -2.25  6.971098620301797E-02  1.952678839443731E-03 133690306	   1      -2.50      -2.25  8.326230748836887E-02  2.440028076842358E-03 133690306	   1      -2.50      -2.25  8.326230748836887E-02  2.440028076842358E-03 133690306	   1      -2.50      -2.25  7.593556454419081E-02  2.170632333981381E-03 133690306
   2      -2.25      -2.00  1.095845436269464E-01  3.376994925466362E-03 174225559	   2      -2.25      -2.00  1.095845436269464E-01  3.376994925466362E-03 174225559	   2      -2.25      -2.00  1.009696238543288E-01  3.023347201016658E-03 174225559	   2      -2.25      -2.00  1.009696238543288E-01  3.023347201016658E-03 174225559	   2      -2.25      -2.00  1.196606897079641E-01  3.813064689759548E-03 174225559	   2      -2.25      -2.00  1.196606897079641E-01  3.813064689759548E-03 174225559	   2      -2.25      -2.00  1.095845436269464E-01  3.376994925466362E-03 174225559
   3      -2.00      -1.75  1.457017962575127E-01  4.837221600262386E-03 217814407	   3      -2.00      -1.75  1.457017962575127E-01  4.837221600262386E-03 217814407	   3      -2.00      -1.75  1.348548393204695E-01  4.397378306418643E-03 217814407	   3      -2.00      -1.75  1.348548393204695E-01  4.397378306418643E-03 217814407	   3      -2.00      -1.75  1.582884361932852E-01  5.366067338497725E-03 217814407	   3      -2.00      -1.75  1.582884361932852E-01  5.366067338497725E-03 217814407	   3      -2.00      -1.75  1.457017962575127E-01  4.837221600262386E-03 217814407
   4      -1.75      -1.50  1.863176441281586E-01  4.215277097005501E-03 262819116	   4      -1.75      -1.50  1.863176441281586E-01  4.215277097005501E-03 262819116	   4      -1.75      -1.50  1.729022538792928E-01  3.809385199493895E-03 262819116	   4      -1.75      -1.50  1.729022538792928E-01  3.809385199493895E-03 262819116	   4      -1.75      -1.50  2.017929596980018E-01  4.711645520316709E-03 262819116	   4      -1.75      -1.50  2.017929596980018E-01  4.711645520316709E-03 262819116	   4      -1.75      -1.50  1.863176441281586E-01  4.215277097005501E-03 262819116
   5      -1.50      -1.25  2.287727022015017E-01  5.438661766099178E-03 307264950	   5      -1.50      -1.25  2.287727022015017E-01  5.438661766099178E-03 307264950	   5      -1.50      -1.25  2.126788900569374E-01  4.931098379876628E-03 307264950	   5      -1.50      -1.25  2.126788900569374E-01  4.931098379876628E-03 307264950	   5      -1.50      -1.25  2.473114607079169E-01  6.051128836452038E-03 307264950	   5      -1.50      -1.25  2.473114607079169E-01  6.051128836452038E-03 307264950	   5      -1.50      -1.25  2.287727022015017E-01  5.438661766099178E-03 307264950
   6      -1.25      -1.00  2.633161496892873E-01  3.963270475582426E-03 348814156	   6      -1.25      -1.00  2.633161496892873E-01  3.963270475582426E-03 348814156	   6      -1.25      -1.00  2.451687302914734E-01  3.611614490782279E-03 348814156	   6      -1.25      -1.00  2.451687302914734E-01  3.611614490782279E-03 348814156	   6      -1.25      -1.00  2.841837389384490E-01  4.390873046397421E-03 348814156	   6      -1.25      -1.00  2.841837389384490E-01  4.390873046397421E-03 348814156	   6      -1.25      -1.00  2.633161496892873E-01  3.963270475582426E-03 348814156
   7      -1.00      -0.75  3.009649919391537E-01  4.900687138356391E-03 385205187	   7      -1.00      -0.75  3.009649919391537E-01  4.900687138356391E-03 385205187	   7      -1.00      -0.75  2.805825369483304E-01  4.496751835960306E-03 385205187	   7      -1.00      -0.75  2.805825369483304E-01  4.496751835960306E-03 385205187	   7      -1.00      -0.75  3.243348888037016E-01  5.382498253288264E-03 385205187	   7      -1.00      -0.75  3.243348888037016E-01  5.382498253288264E-03 385205187	   7      -1.00      -0.75  3.009649919391537E-01  4.900687138356391E-03 385205187
   8      -0.75      -0.50  3.228735705538973E-01  4.273652821936242E-03 414484685	   8      -0.75      -0.50  3.228735705538973E-01  4.273652821936242E-03 414484685	   8      -0.75      -0.50  3.011861983823219E-01  3.908992115969668E-03 414484685	   8      -0.75      -0.50  3.011861983823219E-01  3.908992115969668E-03 414484685	   8      -0.75      -0.50  3.477259578778665E-01  4.710858639774560E-03 414484685	   8      -0.75      -0.50  3.477259578778665E-01  4.710858639774560E-03 414484685	   8      -0.75      -0.50  3.228735705538973E-01  4.273652821936242E-03 414484685
   9      -0.50      -0.25  3.435761932924461E-01  5.032744369530055E-03 435057203	   9      -0.50      -0.25  3.435761932924461E-01  5.032744369530055E-03 435057203	   9      -0.50      -0.25  3.208140710405522E-01  4.587357264310953E-03 435057203	   9      -0.50      -0.25  3.208140710405522E-01  4.587357264310953E-03 435057203	   9      -0.50      -0.25  3.696198868084771E-01  5.572702050714260E-03 435057203	   9      -0.50      -0.25  3.696198868084771E-01  5.572702050714260E-03 435057203	   9      -0.50      -0.25  3.435761932924461E-01  5.032744369530055E-03 435057203
  10      -0.25       0.00  3.531592069433855E-01  4.690563258631704E-03 445664717	  10      -0.25       0.00  3.531592069433855E-01  4.690563258631704E-03 445664717	  10      -0.25       0.00  3.301788253505719E-01  4.303206178410145E-03 445664717	  10      -0.25       0.00  3.301788253505719E-01  4.303206178410145E-03 445664717	  10      -0.25       0.00  3.793599193663145E-01  5.152540364023626E-03 445664717	  10      -0.25       0.00  3.793599193663145E-01  5.152540364023626E-03 445664717	  10      -0.25       0.00  3.531592069433855E-01  4.690563258631704E-03 445664717
  11       0.00       0.25  3.490028785704948E-01  4.245486624079449E-03 445719571	  11       0.00       0.25  3.490028785704948E-01  4.245486624079449E-03 445719571	  11       0.00       0.25  3.262228297784512E-01  3.879861982806392E-03 445719571	  11       0.00       0.25  3.262228297784512E-01  3.879861982806392E-03 445719571	  11       0.00       0.25  3.750246840379971E-01  4.691880506687489E-03 445719571	  11       0.00       0.25  3.750246840379971E-01  4.691880506687489E-03 445719571	  11       0.00       0.25  3.490028785704948E-01  4.245486624079449E-03 445719571
  12       0.25       0.50  3.479780750645402E-01  4.431187405686198E-03 435164415	  12       0.25       0.50  3.479780750645402E-01  4.431187405686198E-03 435164415	  12       0.25       0.50  3.250407818716915E-01  4.061934464760003E-03 435164415	  12       0.25       0.50  3.250407818716915E-01  4.061934464760003E-03 435164415	  12       0.25       0.50  3.741933621307102E-01  4.875123586068408E-03 435164415	  12       0.25       0.50  3.741933621307102E-01  4.875123586068408E-03 435164415	  12       0.25       0.50  3.479780750645402E-01  4.431187405686198E-03 435164415
  13       0.50       0.75  3.277114621939117E-01  4.328229206422059E-03 414482665	  13       0.50       0.75  3.277114621939117E-01  4.328229206422059E-03 414482665	  13       0.50       0.75  3.059798043380082E-01  3.976040261612738E-03 414482665	  13       0.50       0.75  3.059798043380082E-01  3.976040261612738E-03 414482665	  13       0.50       0.75  3.525635725552959E-01  4.748744211445661E-03 414482665	  13       0.50       0.75  3.525635725552959E-01  4.748744211445661E-03 414482665	  13       0.50       0.75  3.277114621939117E-01  4.328229206422059E-03 414482665
  14       0.75       1.00  3.064432612473516E-01  4.503181688869237E-03 384757432	  14       0.75       1.00  3.064432612473516E-01  4.503181688869237E-03 384757432	  14       0.75       1.00  2.853059577030689E-01  4.111207015207293E-03 384757432	  14       0.75       1.00  2.853059577030689E-01  4.111207015207293E-03 384757432	  14       0.75       1.00  3.307620202439320E-01  4.976468375511310E-03 384757432	  14       0.75       1.00  3.307620202439320E-01  4.976468375511310E-03 384757432	  14       0.75       1.00  3.064432612473516E-01  4.503181688869237E-03 384757432
  15       1.00       1.25  2.649258050561642E-01  4.549245927798152E-03 347626883	  15       1.00       1.25  2.649258050561642E-01  4.549245927798152E-03 347626883	  15       1.00       1.25  2.467732237756717E-01  4.163074289035567E-03 347626883	  15       1.00       1.25  2.467732237756717E-01  4.163074289035567E-03 347626883	  15       1.00       1.25  2.857731969952776E-01  5.011827194213598E-03 347626883	  15       1.00       1.25  2.857731969952776E-01  5.011827194213598E-03 347626883	  15       1.00       1.25  2.649258050561642E-01  4.549245927798152E-03 347626883
  16       1.25       1.50  2.257795762841253E-01  4.094302462687566E-03 305060166	  16       1.25       1.50  2.257795762841253E-01  4.094302462687566E-03 305060166	  16       1.25       1.50  2.100389046867281E-01  3.731018177122652E-03 305060166	  16       1.25       1.50  2.100389046867281E-01  3.731018177122652E-03 305060166	  16       1.25       1.50  2.438919166754117E-01  4.534268279015074E-03 305060166	  16       1.25       1.50  2.438919166754117E-01  4.534268279015074E-03 305060166	  16       1.25       1.50  2.257795762841253E-01  4.094302462687566E-03 305060166
  17       1.50       1.75  1.812210075137257E-01  3.413637075490976E-03 259441734	  17       1.50       1.75  1.812210075137257E-01  3.413637075490976E-03 259441734	  17       1.50       1.75  1.681736919927293E-01  3.105753169061098E-03 259441734	  17       1.50       1.75  1.681736919927293E-01  3.105753169061098E-03 259441734	  17       1.50       1.75  1.962940513965959E-01  3.786252559323423E-03 259441734	  17       1.50       1.75  1.962940513965959E-01  3.786252559323423E-03 259441734	  17       1.50       1.75  1.812210075137257E-01  3.413637075490976E-03 259441734
  18       1.75       2.00  1.450056000421202E-01  3.293541544313215E-03 213287543	  18       1.75       2.00  1.450056000421202E-01  3.293541544313215E-03 213287543	  18       1.75       2.00  1.340444388311731E-01  2.991890180199169E-03 213287543	  18       1.75       2.00  1.340444388311731E-01  2.991890180199169E-03 213287543	  18       1.75       2.00  1.577575172717353E-01  3.659042604145701E-03 213287543	  18       1.75       2.00  1.577575172717353E-01  3.659042604145701E-03 213287543	  18       1.75       2.00  1.450056000421202E-01  3.293541544313215E-03 213287543
  19       2.00       2.25  1.111109959836129E-01  2.710287931577298E-03 168728903	  19       2.00       2.25  1.111109959836129E-01  2.710287931577298E-03 168728903	  19       2.00       2.25  1.023937704165569E-01  2.449356628123060E-03 168728903	  19       2.00       2.25  1.023937704165569E-01  2.449356628123060E-03 168728903	  19       2.00       2.25  1.213023122537867E-01  3.029247764519558E-03 168728903	  19       2.00       2.25  1.213023122537867E-01  3.029247764519558E-03 168728903	  19       2.00       2.25  1.111109959836129E-01  2.710287931577298E-03 168728903
  20       2.25       2.50  7.545783443518254E-02  2.572904786112838E-03 127635865	  20       2.25       2.50  7.545783443518254E-02  2.572904786112838E-03 127635865	  20       2.25       2.50  6.932070369104300E-02  2.298698427520944E-03 127635865	  20       2.25       2.50  6.932070369104300E-02  2.298698427520944E-03 127635865	  20       2.25       2.50  8.266299259487929E-02  2.913392645424343E-03 127635865	  20       2.25       2.50  8.266299259487929E-02  2.913392645424343E-03 127635865	  20       2.25       2.50  7.545783443518254E-02  2.572904786112838E-03 127635865
# Underflow:                -3.8026115416968739E-04  3.2546750908358229E-05 6669
# Overflow:                 -1.8722523873295593E-03  1.2770026732258113E-04 7072
#-------------------------------------------------------------------------------------	#-------------------------------------------------------------------------------------	#-------------------------------------------------------------------------------------	#-------------------------------------------------------------------------------------	#-------------------------------------------------------------------------------------	#-------------------------------------------------------------------------------------	#-------------------------------------------------------------------------------------
# Sum:                      -1.5099764659991584E-02  1.9897122306954541E-04 170000
#=====================================================================================	#=====================================================================================	#=====================================================================================	#=====================================================================================	#=====================================================================================	#=====================================================================================	#=====================================================================================
