# title = CMS Energy
# xlabel = $\sqrt{\hat{s}}\,$[GeV]
# ylabel = $\frac{\text{d}\sigma}{\text{d}\sqrt{\hat{s}}}\,\left[\frac{\text{fb}}{\text{GeV}}\right]$
# xmin=  5.000E+02
# xmax=  4.000E+03
# ymin=  1.000E-07
# ymax=  1.000E-03
# kmin= -2.000E+01
# kmax=  1.000E+01
# logscale = true
# Renormalization and factorization scale scaled by: 1.0000000000
# Renormalization scaled by: 1.0000000000
# Number of generated events: 4442000575
#	#	#	#	#	#	#
#=====================================================================================	#=====================================================================================	#=====================================================================================	#=====================================================================================	#=====================================================================================	#=====================================================================================	#=====================================================================================
# No.       Left      Right                   Value                   Error Hits
#-------------------------------------------------------------------------------------	#-------------------------------------------------------------------------------------	#-------------------------------------------------------------------------------------	#-------------------------------------------------------------------------------------	#-------------------------------------------------------------------------------------	#-------------------------------------------------------------------------------------	#-------------------------------------------------------------------------------------
   1       0.00     100.00  0.000000000000000E+00  0.000000000000000E+00 0	   1       0.00     100.00  0.000000000000000E+00  0.000000000000000E+00 0	   1       0.00     100.00  0.000000000000000E+00  0.000000000000000E+00 0	   1       0.00     100.00  0.000000000000000E+00  0.000000000000000E+00 0	   1       0.00     100.00  0.000000000000000E+00  0.000000000000000E+00 0	   1       0.00     100.00  0.000000000000000E+00  0.000000000000000E+00 0	   1       0.00     100.00  0.000000000000000E+00  0.000000000000000E+00 0
   2     100.00     200.00  0.000000000000000E+00  0.000000000000000E+00 0	   2     100.00     200.00  0.000000000000000E+00  0.000000000000000E+00 0	   2     100.00     200.00  0.000000000000000E+00  0.000000000000000E+00 0	   2     100.00     200.00  0.000000000000000E+00  0.000000000000000E+00 0	   2     100.00     200.00  0.000000000000000E+00  0.000000000000000E+00 0	   2     100.00     200.00  0.000000000000000E+00  0.000000000000000E+00 0	   2     100.00     200.00  0.000000000000000E+00  0.000000000000000E+00 0
   3     200.00     300.00  0.000000000000000E+00  0.000000000000000E+00 0	   3     200.00     300.00  0.000000000000000E+00  0.000000000000000E+00 0	   3     200.00     300.00  0.000000000000000E+00  0.000000000000000E+00 0	   3     200.00     300.00  0.000000000000000E+00  0.000000000000000E+00 0	   3     200.00     300.00  0.000000000000000E+00  0.000000000000000E+00 0	   3     200.00     300.00  0.000000000000000E+00  0.000000000000000E+00 0	   3     200.00     300.00  0.000000000000000E+00  0.000000000000000E+00 0
   4     300.00     400.00  0.000000000000000E+00  0.000000000000000E+00 0	   4     300.00     400.00  0.000000000000000E+00  0.000000000000000E+00 0	   4     300.00     400.00  0.000000000000000E+00  0.000000000000000E+00 0	   4     300.00     400.00  0.000000000000000E+00  0.000000000000000E+00 0	   4     300.00     400.00  0.000000000000000E+00  0.000000000000000E+00 0	   4     300.00     400.00  0.000000000000000E+00  0.000000000000000E+00 0	   4     300.00     400.00  0.000000000000000E+00  0.000000000000000E+00 0
   5     400.00     500.00  0.000000000000000E+00  0.000000000000000E+00 0	   5     400.00     500.00  0.000000000000000E+00  0.000000000000000E+00 0	   5     400.00     500.00  0.000000000000000E+00  0.000000000000000E+00 0	   5     400.00     500.00  0.000000000000000E+00  0.000000000000000E+00 0	   5     400.00     500.00  0.000000000000000E+00  0.000000000000000E+00 0	   5     400.00     500.00  0.000000000000000E+00  0.000000000000000E+00 0	   5     400.00     500.00  0.000000000000000E+00  0.000000000000000E+00 0
   6     500.00     600.00  0.000000000000000E+00  0.000000000000000E+00 0	   6     500.00     600.00  0.000000000000000E+00  0.000000000000000E+00 0	   6     500.00     600.00  0.000000000000000E+00  0.000000000000000E+00 0	   6     500.00     600.00  0.000000000000000E+00  0.000000000000000E+00 0	   6     500.00     600.00  0.000000000000000E+00  0.000000000000000E+00 0	   6     500.00     600.00  0.000000000000000E+00  0.000000000000000E+00 0	   6     500.00     600.00  0.000000000000000E+00  0.000000000000000E+00 0
   7     600.00     700.00  5.092878372405887E-06  5.180986101611207E-09 5212291	   7     600.00     700.00  5.092878372405887E-06  5.180986101611207E-09 5212291	   7     600.00     700.00  5.319442567487288E-06  5.399269766696097E-09 5212291	   7     600.00     700.00  5.319442567487288E-06  5.399269766696097E-09 5212291	   7     600.00     700.00  4.797654257106095E-06  4.898697852255807E-09 5212291	   7     600.00     700.00  4.797654257106095E-06  4.898697852255807E-09 5212291	   7     600.00     700.00  5.092878372405887E-06  5.180986101611207E-09 5212291
   8     700.00     800.00  2.331428661490159E-04  7.403167055541202E-08 48784945	   8     700.00     800.00  2.331428661490159E-04  7.403167055541202E-08 48784945	   8     700.00     800.00  2.418408862490362E-04  7.659102151185212E-08 48784945	   8     700.00     800.00  2.418408862490362E-04  7.659102151185212E-08 48784945	   8     700.00     800.00  2.214041553468064E-04  7.059873984141091E-08 48784945	   8     700.00     800.00  2.214041553468064E-04  7.059873984141091E-08 48784945	   8     700.00     800.00  2.331428661490159E-04  7.403167055541202E-08 48784945
   9     800.00     900.00  6.838762145107830E-04  1.738515079102567E-07 83157951	   9     800.00     900.00  6.838762145107830E-04  1.738515079102567E-07 83157951	   9     800.00     900.00  7.042493204821019E-04  1.786260859311996E-07 83157951	   9     800.00     900.00  7.042493204821019E-04  1.786260859311996E-07 83157951	   9     800.00     900.00  6.549834109021233E-04  1.671388679909500E-07 83157951	   9     800.00     900.00  6.549834109021233E-04  1.671388679909500E-07 83157951	   9     800.00     900.00  6.838762145107830E-04  1.738515079102567E-07 83157951
  10     900.00    1000.00  1.048890724719880E-03  2.592835754701766E-07 101931644	  10     900.00    1000.00  1.048890724719880E-03  2.592835754701766E-07 101931644	  10     900.00    1000.00  1.072598229749976E-03  2.646025530360958E-07 101931644	  10     900.00    1000.00  1.072598229749976E-03  2.646025530360958E-07 101931644	  10     900.00    1000.00  1.012832714113187E-03  2.512703567026470E-07 101931644	  10     900.00    1000.00  1.012832714113187E-03  2.512703567026470E-07 101931644	  10     900.00    1000.00  1.048890724719880E-03  2.592835754701766E-07 101931644
  11    1000.00    1100.00  1.300585111017146E-03  3.296752404747568E-07 110349317	  11    1000.00    1100.00  1.300585111017146E-03  3.296752404747568E-07 110349317	  11    1000.00    1100.00  1.321457625244659E-03  3.343335653487348E-07 110349317	  11    1000.00    1100.00  1.321457625244659E-03  3.343335653487348E-07 110349317	  11    1000.00    1100.00  1.265353307163282E-03  3.218580061220993E-07 110349317	  11    1000.00    1100.00  1.265353307163282E-03  3.218580061220993E-07 110349317	  11    1000.00    1100.00  1.300585111017146E-03  3.296752404747568E-07 110349317
  12    1100.00    1200.00  1.467120650920353E-03  3.889903530199320E-07 112636088	  12    1100.00    1200.00  1.467120650920353E-03  3.889903530199320E-07 112636088	  12    1100.00    1200.00  1.481890397607397E-03  3.922283692506097E-07 112636088	  12    1100.00    1200.00  1.481890397607397E-03  3.922283692506097E-07 112636088	  12    1100.00    1200.00  1.437273136020131E-03  3.823461636974721E-07 112636088	  12    1100.00    1200.00  1.437273136020131E-03  3.823461636974721E-07 112636088	  12    1100.00    1200.00  1.467120650920353E-03  3.889903530199320E-07 112636088
  13    1200.00    1300.00  1.570268061284398E-03  4.393241374864371E-07 111660347	  13    1200.00    1300.00  1.570268061284398E-03  4.393241374864371E-07 111660347	  13    1200.00    1300.00  1.577444829391105E-03  4.406554687574808E-07 111660347	  13    1200.00    1300.00  1.577444829391105E-03  4.406554687574808E-07 111660347	  13    1200.00    1300.00  1.548181480329803E-03  4.345102700425938E-07 111660347	  13    1200.00    1300.00  1.548181480329803E-03  4.345102700425938E-07 111660347	  13    1200.00    1300.00  1.570268061284398E-03  4.393241374864371E-07 111660347
  14    1300.00    1400.00  1.629999440270490E-03  4.846135115062895E-07 109010320	  14    1300.00    1400.00  1.629999440270490E-03  4.846135115062895E-07 109010320	  14    1300.00    1400.00  1.629157186057113E-03  4.837240885621596E-07 109010320	  14    1300.00    1400.00  1.629157186057113E-03  4.837240885621596E-07 109010320	  14    1300.00    1400.00  1.616653841255680E-03  4.820600349706256E-07 109010320	  14    1300.00    1400.00  1.616653841255680E-03  4.820600349706256E-07 109010320	  14    1300.00    1400.00  1.629999440270490E-03  4.846135115062895E-07 109010320
  15    1400.00    1500.00  1.658128038409021E-03  5.253763769940968E-07 105521579	  15    1400.00    1500.00  1.658128038409021E-03  5.253763769940968E-07 105521579	  15    1400.00    1500.00  1.649427072250383E-03  5.220460592282984E-07 105521579	  15    1400.00    1500.00  1.649427072250383E-03  5.220460592282984E-07 105521579	  15    1400.00    1500.00  1.653720850632110E-03  5.254054927174659E-07 105521579	  15    1400.00    1500.00  1.653720850632110E-03  5.254054927174659E-07 105521579	  15    1400.00    1500.00  1.658128038409021E-03  5.253763769940968E-07 105521579
  16    1500.00    1600.00  1.661680476750396E-03  5.609300411913086E-07 101662256	  16    1500.00    1600.00  1.661680476750396E-03  5.609300411913086E-07 101662256	  16    1500.00    1600.00  1.645610049690972E-03  5.550445049229296E-07 101662256	  16    1500.00    1600.00  1.645610049690972E-03  5.550445049229296E-07 101662256	  16    1500.00    1600.00  1.665938006526553E-03  5.637385158668768E-07 101662256	  16    1500.00    1600.00  1.665938006526553E-03  5.637385158668768E-07 101662256	  16    1500.00    1600.00  1.661680476750396E-03  5.609300411913086E-07 101662256
  17    1600.00    1700.00  1.649623295963282E-03  5.960745773289104E-07 97684653	  17    1600.00    1700.00  1.649623295963282E-03  5.960745773289104E-07 97684653	  17    1600.00    1700.00  1.626821133284717E-03  5.875162384860348E-07 97684653	  17    1600.00    1700.00  1.626821133284717E-03  5.875162384860348E-07 97684653	  17    1600.00    1700.00  1.662012113634198E-03  6.018321611060365E-07 97684653	  17    1600.00    1700.00  1.662012113634198E-03  6.018321611060365E-07 97684653	  17    1600.00    1700.00  1.649623295963282E-03  5.960745773289104E-07 97684653
  18    1700.00    1800.00  1.624962977575848E-03  6.270838571447375E-07 93674173	  18    1700.00    1800.00  1.624962977575848E-03  6.270838571447375E-07 93674173	  18    1700.00    1800.00  1.596132063193691E-03  6.158087795362359E-07 93674173	  18    1700.00    1800.00  1.596132063193691E-03  6.158087795362359E-07 93674173	  18    1700.00    1800.00  1.644823065043865E-03  6.358907896138414E-07 93674173	  18    1700.00    1800.00  1.644823065043865E-03  6.358907896138414E-07 93674173	  18    1700.00    1800.00  1.624962977575848E-03  6.270838571447375E-07 93674173
  19    1800.00    1900.00  1.589788296245999E-03  6.537392513189191E-07 89789694	  19    1800.00    1900.00  1.589788296245999E-03  6.537392513189191E-07 89789694	  19    1800.00    1900.00  1.555643460206415E-03  6.397274013714969E-07 89789694	  19    1800.00    1900.00  1.555643460206415E-03  6.397274013714969E-07 89789694	  19    1800.00    1900.00  1.616416121329448E-03  6.656719131769584E-07 89789694	  19    1800.00    1900.00  1.616416121329448E-03  6.656719131769584E-07 89789694	  19    1800.00    1900.00  1.589788296245999E-03  6.537392513189191E-07 89789694
  20    1900.00    2000.00  1.548025855819596E-03  6.788024241137568E-07 86002920	  20    1900.00    2000.00  1.548025855819596E-03  6.788024241137568E-07 86002920	  20    1900.00    2000.00  1.509318626664563E-03  6.620656750897226E-07 86002920	  20    1900.00    2000.00  1.509318626664563E-03  6.620656750897226E-07 86002920	  20    1900.00    2000.00  1.580622975236682E-03  6.938753687321723E-07 86002920	  20    1900.00    2000.00  1.580622975236682E-03  6.938753687321723E-07 86002920	  20    1900.00    2000.00  1.548025855819596E-03  6.788024241137568E-07 86002920
  21    2000.00    2100.00  1.503477236602941E-03  7.039408746242805E-07 82382259	  21    2000.00    2100.00  1.503477236602941E-03  7.039408746242805E-07 82382259	  21    2000.00    2100.00  1.460821883374553E-03  6.844414473723070E-07 82382259	  21    2000.00    2100.00  1.460821883374553E-03  6.844414473723070E-07 82382259	  21    2000.00    2100.00  1.541366519723035E-03  7.222180392170925E-07 82382259	  21    2000.00    2100.00  1.541366519723035E-03  7.222180392170925E-07 82382259	  21    2000.00    2100.00  1.503477236602941E-03  7.039408746242805E-07 82382259
  22    2100.00    2200.00  1.455228723233875E-03  7.262487388959220E-07 78916265	  22    2100.00    2200.00  1.455228723233875E-03  7.262487388959220E-07 78916265	  22    2100.00    2200.00  1.409249764427390E-03  7.040254244000047E-07 78916265	  22    2100.00    2200.00  1.409249764427390E-03  7.040254244000047E-07 78916265	  22    2100.00    2200.00  1.497713484122980E-03  7.477147882817071E-07 78916265	  22    2100.00    2200.00  1.497713484122980E-03  7.477147882817071E-07 78916265	  22    2100.00    2200.00  1.455228723233875E-03  7.262487388959220E-07 78916265
  23    2200.00    2300.00  1.405233656707425E-03  7.479410672726150E-07 75627267	  23    2200.00    2300.00  1.405233656707425E-03  7.479410672726150E-07 75627267	  23    2200.00    2300.00  1.356499071102858E-03  7.230053221984120E-07 75627267	  23    2200.00    2300.00  1.356499071102858E-03  7.230053221984120E-07 75627267	  23    2200.00    2300.00  1.451668253789661E-03  7.726015519936954E-07 75627267	  23    2200.00    2300.00  1.451668253789661E-03  7.726015519936954E-07 75627267	  23    2200.00    2300.00  1.405233656707425E-03  7.479410672726150E-07 75627267
  24    2300.00    2400.00  1.354147836618826E-03  7.643161667788130E-07 72493936	  24    2300.00    2400.00  1.354147836618826E-03  7.643161667788130E-07 72493936	  24    2300.00    2400.00  1.303161004111208E-03  7.367478763921584E-07 72493936	  24    2300.00    2400.00  1.303161004111208E-03  7.367478763921584E-07 72493936	  24    2300.00    2400.00  1.403942350657280E-03  7.921180401662348E-07 72493936	  24    2300.00    2400.00  1.403942350657280E-03  7.921180401662348E-07 72493936	  24    2300.00    2400.00  1.354147836618826E-03  7.643161667788130E-07 72493936
  25    2400.00    2500.00  1.302027567477038E-03  7.762835935592957E-07 69526654	  25    2400.00    2500.00  1.302027567477038E-03  7.762835935592957E-07 69526654	  25    2400.00    2500.00  1.249261776530826E-03  7.462777557611733E-07 69526654	  25    2400.00    2500.00  1.249261776530826E-03  7.462777557611733E-07 69526654	  25    2400.00    2500.00  1.354625875969177E-03  8.070344042470690E-07 69526654	  25    2400.00    2500.00  1.354625875969177E-03  8.070344042470690E-07 69526654	  25    2400.00    2500.00  1.302027567477038E-03  7.762835935592957E-07 69526654
  26    2500.00    2600.00  1.252391923294485E-03  7.963446367085894E-07 66742126	  26    2500.00    2600.00  1.252391923294485E-03  7.963446367085894E-07 66742126	  26    2500.00    2600.00  1.198191394952846E-03  7.636416114229736E-07 66742126	  26    2500.00    2600.00  1.198191394952846E-03  7.636416114229736E-07 66742126	  26    2500.00    2600.00  1.307360159635987E-03  8.303147367331318E-07 66742126	  26    2500.00    2600.00  1.307360159635987E-03  8.303147367331318E-07 66742126	  26    2500.00    2600.00  1.252391923294485E-03  7.963446367085894E-07 66742126
  27    2600.00    2700.00  1.200235512316529E-03  8.044051772813664E-07 64095295	  27    2600.00    2700.00  1.200235512316529E-03  8.044051772813664E-07 64095295	  27    2600.00    2700.00  1.145078564810915E-03  7.694176141942894E-07 64095295	  27    2600.00    2700.00  1.145078564810915E-03  7.694176141942894E-07 64095295	  27    2600.00    2700.00  1.257013156978209E-03  8.411827245474660E-07 64095295	  27    2600.00    2700.00  1.257013156978209E-03  8.411827245474660E-07 64095295	  27    2600.00    2700.00  1.200235512316529E-03  8.044051772813664E-07 64095295
  28    2700.00    2800.00  1.152242757212539E-03  8.211098240657686E-07 61576050	  28    2700.00    2800.00  1.152242757212539E-03  8.211098240657686E-07 61576050	  28    2700.00    2800.00  1.096303260643378E-03  7.834932043410439E-07 61576050	  28    2700.00    2800.00  1.096303260643378E-03  7.834932043410439E-07 61576050	  28    2700.00    2800.00  1.210584772896992E-03  8.610632705247330E-07 61576050	  28    2700.00    2800.00  1.210584772896992E-03  8.610632705247330E-07 61576050	  28    2700.00    2800.00  1.152242757212539E-03  8.211098240657686E-07 61576050
  29    2800.00    2900.00  1.102706790582903E-03  8.244084419894727E-07 59191588	  29    2800.00    2900.00  1.102706790582903E-03  8.244084419894727E-07 59191588	  29    2800.00    2900.00  1.046408855402301E-03  7.847435409782080E-07 59191588	  29    2800.00    2900.00  1.046408855402301E-03  7.847435409782080E-07 59191588	  29    2800.00    2900.00  1.162098290527734E-03  8.669294798121553E-07 59191588	  29    2800.00    2900.00  1.162098290527734E-03  8.669294798121553E-07 59191588	  29    2800.00    2900.00  1.102706790582903E-03  8.244084419894727E-07 59191588
  30    2900.00    3000.00  1.054608624361126E-03  8.334290626426696E-07 56917918	  30    2900.00    3000.00  1.054608624361126E-03  8.334290626426696E-07 56917918	  30    2900.00    3000.00  9.981780188523504E-04  7.914311868743732E-07 56917918	  30    2900.00    3000.00  9.981780188523504E-04  7.914311868743732E-07 56917918	  30    2900.00    3000.00  1.114760950745888E-03  8.788341686751889E-07 56917918	  30    2900.00    3000.00  1.114760950745888E-03  8.788341686751889E-07 56917918	  30    2900.00    3000.00  1.054608624361126E-03  8.334290626426696E-07 56917918
  31    3000.00    3100.00  1.010164938750943E-03  8.450223856999482E-07 54782490	  31    3000.00    3100.00  1.010164938750943E-03  8.450223856999482E-07 54782490	  31    3000.00    3100.00  9.536819099987396E-04  8.005760903718879E-07 54782490	  31    3000.00    3100.00  9.536819099987396E-04  8.005760903718879E-07 54782490	  31    3000.00    3100.00  1.070943401052500E-03  8.934436615207232E-07 54782490	  31    3000.00    3100.00  1.070943401052500E-03  8.934436615207232E-07 54782490	  31    3000.00    3100.00  1.010164938750943E-03  8.450223856999482E-07 54782490
  32    3100.00    3200.00  9.654156085162305E-04  8.487850834239001E-07 52755729	  32    3100.00    3200.00  9.654156085162305E-04  8.487850834239001E-07 52755729	  32    3100.00    3200.00  9.092175308893852E-04  8.024020140176970E-07 52755729	  32    3100.00    3200.00  9.092175308893852E-04  8.024020140176970E-07 52755729	  32    3100.00    3200.00  1.026397671547714E-03  8.996502385569947E-07 52755729	  32    3100.00    3200.00  1.026397671547714E-03  8.996502385569947E-07 52755729	  32    3100.00    3200.00  9.654156085162305E-04  8.487850834239001E-07 52755729
  33    3200.00    3300.00  9.222027361796810E-04  8.501966665276528E-07 50831274	  33    3200.00    3300.00  9.222027361796810E-04  8.501966665276528E-07 50831274	  33    3200.00    3300.00  8.664081603506229E-04  8.018742630561466E-07 50831274	  33    3200.00    3300.00  8.664081603506229E-04  8.018742630561466E-07 50831274	  33    3200.00    3300.00  9.832238882019782E-04  9.035387176208098E-07 50831274	  33    3200.00    3300.00  9.832238882019782E-04  9.035387176208098E-07 50831274	  33    3200.00    3300.00  9.222027361796810E-04  8.501966665276528E-07 50831274
  34    3300.00    3400.00  8.823108241424162E-04  8.627741824862268E-07 49005446	  34    3300.00    3400.00  8.823108241424162E-04  8.627741824862268E-07 49005446	  34    3300.00    3400.00  8.269796154400748E-04  8.119417268293812E-07 49005446	  34    3300.00    3400.00  8.269796154400748E-04  8.119417268293812E-07 49005446	  34    3300.00    3400.00  9.432638239225953E-04  9.192244321069878E-07 49005446	  34    3300.00    3400.00  9.432638239225953E-04  9.192244321069878E-07 49005446	  34    3300.00    3400.00  8.823108241424162E-04  8.627741824862268E-07 49005446
  35    3400.00    3500.00  8.422161033229304E-04  8.675206605723568E-07 47270204	  35    3400.00    3500.00  8.422161033229304E-04  8.675206605723568E-07 47270204	  35    3400.00    3500.00  7.875536422948307E-04  8.147060654367055E-07 47270204	  35    3400.00    3500.00  7.875536422948307E-04  8.147060654367055E-07 47270204	  35    3400.00    3500.00  9.028376430309202E-04  9.264826737770918E-07 47270204	  35    3400.00    3500.00  9.028376430309202E-04  9.264826737770918E-07 47270204	  35    3400.00    3500.00  8.422161033229304E-04  8.675206605723568E-07 47270204
  36    3500.00    3600.00  8.037178218541501E-04  8.662702321836034E-07 45620097	  36    3500.00    3600.00  8.037178218541501E-04  8.662702321836034E-07 45620097	  36    3500.00    3600.00  7.498422535395246E-04  8.118822249356367E-07 45620097	  36    3500.00    3600.00  7.498422535395246E-04  8.118822249356367E-07 45620097	  36    3500.00    3600.00  8.638400022678172E-04  9.272869659829133E-07 45620097	  36    3500.00    3600.00  8.638400022678172E-04  9.272869659829133E-07 45620097	  36    3500.00    3600.00  8.037178218541501E-04  8.662702321836034E-07 45620097
  37    3600.00    3700.00  7.682639804435753E-04  8.684967419118843E-07 44051831	  37    3600.00    3700.00  7.682639804435753E-04  8.684967419118843E-07 44051831	  37    3600.00    3700.00  7.151573908469322E-04  8.121545490787491E-07 44051831	  37    3600.00    3700.00  7.151573908469322E-04  8.121545490787491E-07 44051831	  37    3600.00    3700.00  8.278770721673382E-04  9.320325095566336E-07 44051831	  37    3600.00    3700.00  8.278770721673382E-04  9.320325095566336E-07 44051831	  37    3600.00    3700.00  7.682639804435753E-04  8.684967419118843E-07 44051831
  38    3700.00    3800.00  7.314009777870721E-04  8.489449490617117E-07 42549823	  38    3700.00    3800.00  7.314009777870721E-04  8.489449490617117E-07 42549823	  38    3700.00    3800.00  6.793095151047812E-04  7.920215653182393E-07 42549823	  38    3700.00    3800.00  6.793095151047812E-04  7.920215653182393E-07 42549823	  38    3700.00    3800.00  7.902006247201992E-04  9.134629567124185E-07 42549823	  38    3700.00    3800.00  7.902006247201992E-04  9.134629567124185E-07 42549823	  38    3700.00    3800.00  7.314009777870721E-04  8.489449490617117E-07 42549823
  39    3800.00    3900.00  6.990718916011066E-04  8.651597207965249E-07 41129957	  39    3800.00    3900.00  6.990718916011066E-04  8.651597207965249E-07 41129957	  39    3800.00    3900.00  6.478915796310621E-04  8.057742386834390E-07 41129957	  39    3800.00    3900.00  6.478915796310621E-04  8.057742386834390E-07 41129957	  39    3800.00    3900.00  7.571451327517565E-04  9.327185350381134E-07 41129957	  39    3800.00    3900.00  7.571451327517565E-04  9.327185350381134E-07 41129957	  39    3800.00    3900.00  6.990718916011066E-04  8.651597207965249E-07 41129957
  40    3900.00    4000.00  6.680129476173537E-04  8.645258349671636E-07 39773353	  40    3900.00    4000.00  6.680129476173537E-04  8.645258349671636E-07 39773353	  40    3900.00    4000.00  6.177875792682965E-04  8.034125082738445E-07 39773353	  40    3900.00    4000.00  6.177875792682965E-04  8.034125082738445E-07 39773353	  40    3900.00    4000.00  7.252841917051534E-04  9.343584423462369E-07 39773353	  40    3900.00    4000.00  7.252841917051534E-04  9.343584423462369E-07 39773353	  40    3900.00    4000.00  6.680129476173537E-04  8.645258349671636E-07 39773353
  41    4000.00    4100.00  6.336580413794770E-04  8.495191496106303E-07 38457475	  41    4000.00    4100.00  6.336580413794770E-04  8.495191496106303E-07 38457475	  41    4000.00    4100.00  5.847566441093956E-04  7.878341686507208E-07 38457475	  41    4000.00    4100.00  5.847566441093956E-04  7.878341686507208E-07 38457475	  41    4000.00    4100.00  6.896824486643366E-04  9.202932908547921E-07 38457475	  41    4000.00    4100.00  6.896824486643366E-04  9.202932908547921E-07 38457475	  41    4000.00    4100.00  6.336580413794770E-04  8.495191496106303E-07 38457475
  42    4100.00    4200.00  6.040771462129443E-04  8.418275191345586E-07 37229560	  42    4100.00    4200.00  6.040771462129443E-04  8.418275191345586E-07 37229560	  42    4100.00    4200.00  5.562781823708295E-04  7.790416499483084E-07 37229560	  42    4100.00    4200.00  5.562781823708295E-04  7.790416499483084E-07 37229560	  42    4100.00    4200.00  6.590896200261437E-04  9.141597161224930E-07 37229560	  42    4100.00    4200.00  6.590896200261437E-04  9.141597161224930E-07 37229560	  42    4100.00    4200.00  6.040771462129443E-04  8.418275191345586E-07 37229560
  43    4200.00    4300.00  5.773879077392265E-04  8.404339260515980E-07 36043571	  43    4200.00    4300.00  5.773879077392265E-04  8.404339260515980E-07 36043571	  43    4200.00    4300.00  5.306123720009847E-04  7.762455175733217E-07 36043571	  43    4200.00    4300.00  5.306123720009847E-04  7.762455175733217E-07 36043571	  43    4200.00    4300.00  6.314540613463144E-04  9.146505917898064E-07 36043571	  43    4200.00    4300.00  6.314540613463144E-04  9.146505917898064E-07 36043571	  43    4200.00    4300.00  5.773879077392265E-04  8.404339260515980E-07 36043571
  44    4300.00    4400.00  5.478688455930751E-04  8.287112527363407E-07 34912682	  44    4300.00    4400.00  5.478688455930751E-04  8.287112527363407E-07 34912682	  44    4300.00    4400.00  5.024496125074875E-04  7.639408602580960E-07 34912682	  44    4300.00    4400.00  5.024496125074875E-04  7.639408602580960E-07 34912682	  44    4300.00    4400.00  6.005834174661201E-04  9.038626230567832E-07 34912682	  44    4300.00    4400.00  6.005834174661201E-04  9.038626230567832E-07 34912682	  44    4300.00    4400.00  5.478688455930751E-04  8.287112527363407E-07 34912682
  45    4400.00    4500.00  5.228999334314681E-04  8.399025451602696E-07 33832685	  45    4400.00    4500.00  5.228999334314681E-04  8.399025451602696E-07 33832685	  45    4400.00    4500.00  4.785836084912169E-04  7.728789986918782E-07 33832685	  45    4400.00    4500.00  4.785836084912169E-04  7.728789986918782E-07 33832685	  45    4400.00    4500.00  5.745399385669902E-04  9.179153746105409E-07 33832685	  45    4400.00    4500.00  5.745399385669902E-04  9.179153746105409E-07 33832685	  45    4400.00    4500.00  5.228999334314681E-04  8.399025451602696E-07 33832685
  46    4500.00    4600.00  4.962721800853042E-04  8.200111614877715E-07 32805280	  46    4500.00    4600.00  4.962721800853042E-04  8.200111614877715E-07 32805280	  46    4500.00    4600.00  4.533036067075003E-04  7.530146715668821E-07 32805280	  46    4500.00    4600.00  4.533036067075003E-04  7.530146715668821E-07 32805280	  46    4500.00    4600.00  5.465336048091556E-04  8.982692459715761E-07 32805280	  46    4500.00    4600.00  5.465336048091556E-04  8.982692459715761E-07 32805280	  46    4500.00    4600.00  4.962721800853042E-04  8.200111614877715E-07 32805280
  47    4600.00    4700.00  4.722939849874435E-04  8.078779228158938E-07 31795410	  47    4600.00    4700.00  4.722939849874435E-04  8.078779228158938E-07 31795410	  47    4600.00    4700.00  4.305347414313674E-04  7.402468970381609E-07 31795410	  47    4600.00    4700.00  4.305347414313674E-04  7.402468970381609E-07 31795410	  47    4600.00    4700.00  5.213240041618656E-04  8.871726861512237E-07 31795410	  47    4600.00    4700.00  5.213240041618656E-04  8.871726861512237E-07 31795410	  47    4600.00    4700.00  4.722939849874435E-04  8.078779228158938E-07 31795410
  48    4700.00    4800.00  4.487148871647460E-04  7.884998943911127E-07 30845374	  48    4700.00    4800.00  4.487148871647460E-04  7.884998943911127E-07 30845374	  48    4700.00    4800.00  4.082297861645399E-04  7.209981979218923E-07 30845374	  48    4700.00    4800.00  4.082297861645399E-04  7.209981979218923E-07 30845374	  48    4700.00    4800.00  4.964201526634482E-04  8.679142796836017E-07 30845374	  48    4700.00    4800.00  4.964201526634482E-04  8.679142796836017E-07 30845374	  48    4700.00    4800.00  4.487148871647460E-04  7.884998943911127E-07 30845374
  49    4800.00    4900.00  4.279019151831569E-04  7.950895372634387E-07 29942382	  49    4800.00    4900.00  4.279019151831569E-04  7.950895372634387E-07 29942382	  49    4800.00    4900.00  3.885395423512731E-04  7.257129563962127E-07 29942382	  49    4800.00    4900.00  3.885395423512731E-04  7.257129563962127E-07 29942382	  49    4800.00    4900.00  4.744452251883881E-04  8.769490458147646E-07 29942382	  49    4800.00    4900.00  4.744452251883881E-04  8.769490458147646E-07 29942382	  49    4800.00    4900.00  4.279019151831569E-04  7.950895372634387E-07 29942382
  50    4900.00    5000.00  4.084729416458272E-04  7.851911678427979E-07 29065046	  50    4900.00    5000.00  4.084729416458272E-04  7.851911678427979E-07 29065046	  50    4900.00    5000.00  3.701879585292609E-04  7.152775863988247E-07 29065046	  50    4900.00    5000.00  3.701879585292609E-04  7.152775863988247E-07 29065046	  50    4900.00    5000.00  4.538957996706328E-04  8.679454238578213E-07 29065046	  50    4900.00    5000.00  4.538957996706328E-04  8.679454238578213E-07 29065046	  50    4900.00    5000.00  4.084729416458272E-04  7.851911678427979E-07 29065046
  51    5000.00    5100.00  3.856660727373301E-04  7.421433155156299E-07 28215092	  51    5000.00    5100.00  3.856660727373301E-04  7.421433155156299E-07 28215092	  51    5000.00    5100.00  3.488339995407228E-04  6.745478308175642E-07 28215092	  51    5000.00    5100.00  3.488339995407228E-04  6.745478308175642E-07 28215092	  51    5000.00    5100.00  4.295094762387150E-04  8.224395254607240E-07 28215092	  51    5000.00    5100.00  4.295094762387150E-04  8.224395254607240E-07 28215092	  51    5000.00    5100.00  3.856660727373301E-04  7.421433155156299E-07 28215092
  52    5100.00    5200.00  3.674220773200754E-04  7.508456211871592E-07 27404678	  52    5100.00    5200.00  3.674220773200754E-04  7.508456211871592E-07 27404678	  52    5100.00    5200.00  3.317151832909123E-04  6.814521417378200E-07 27404678	  52    5100.00    5200.00  3.317151832909123E-04  6.814521417378200E-07 27404678	  52    5100.00    5200.00  4.100598117524699E-04  8.334621078808442E-07 27404678	  52    5100.00    5200.00  4.100598117524699E-04  8.334621078808442E-07 27404678	  52    5100.00    5200.00  3.674220773200754E-04  7.508456211871592E-07 27404678
  53    5200.00    5300.00  3.482931974475990E-04  7.231651895997566E-07 26629093	  53    5200.00    5300.00  3.482931974475990E-04  7.231651895997566E-07 26629093	  53    5200.00    5300.00  3.138343556370445E-04  6.549954956332229E-07 26629093	  53    5200.00    5300.00  3.138343556370445E-04  6.549954956332229E-07 26629093	  53    5200.00    5300.00  3.895729670937062E-04  8.045793262153782E-07 26629093	  53    5200.00    5300.00  3.895729670937062E-04  8.045793262153782E-07 26629093	  53    5200.00    5300.00  3.482931974475990E-04  7.231651895997566E-07 26629093
  54    5300.00    5400.00  3.314827480910511E-04  7.184873511122177E-07 25880776	  54    5300.00    5400.00  3.314827480910511E-04  7.184873511122177E-07 25880776	  54    5300.00    5400.00  2.981288390125715E-04  6.495913868310028E-07 25880776	  54    5300.00    5400.00  2.981288390125715E-04  6.495913868310028E-07 25880776	  54    5300.00    5400.00  3.715611104501365E-04  8.009910936997026E-07 25880776	  54    5300.00    5400.00  3.715611104501365E-04  8.009910936997026E-07 25880776	  54    5300.00    5400.00  3.314827480910511E-04  7.184873511122177E-07 25880776
  55    5400.00    5500.00  3.149605639759727E-04  7.056003202334289E-07 25154000	  55    5400.00    5500.00  3.149605639759727E-04  7.056003202334289E-07 25154000	  55    5400.00    5500.00  2.827557049924267E-04  6.367206067294957E-07 25154000	  55    5400.00    5500.00  2.827557049924267E-04  6.367206067294957E-07 25154000	  55    5400.00    5500.00  3.537703000516343E-04  7.883204039070730E-07 25154000	  55    5400.00    5500.00  3.537703000516343E-04  7.883204039070730E-07 25154000	  55    5400.00    5500.00  3.149605639759727E-04  7.056003202334289E-07 25154000
  56    5500.00    5600.00  2.996112617410828E-04  6.964584444184992E-07 24465016	  56    5500.00    5600.00  2.996112617410828E-04  6.964584444184992E-07 24465016	  56    5500.00    5600.00  2.684710881655845E-04  6.272337841884111E-07 24465016	  56    5500.00    5600.00  2.684710881655845E-04  6.272337841884111E-07 24465016	  56    5500.00    5600.00  3.372492703494087E-04  7.798334483145531E-07 24465016	  56    5500.00    5600.00  3.372492703494087E-04  7.798334483145531E-07 24465016	  56    5500.00    5600.00  2.996112617410828E-04  6.964584444184992E-07 24465016
  57    5600.00    5700.00  2.847731587830494E-04  6.777584671815125E-07 23790201	  57    5600.00    5700.00  2.847731587830494E-04  6.777584671815125E-07 23790201	  57    5600.00    5700.00  2.547077247242926E-04  6.091919852925966E-07 23790201	  57    5600.00    5700.00  2.547077247242926E-04  6.091919852925966E-07 23790201	  57    5600.00    5700.00  3.212160822272235E-04  7.605818128950643E-07 23790201	  57    5600.00    5700.00  3.212160822272235E-04  7.605818128950643E-07 23790201	  57    5600.00    5700.00  2.847731587830494E-04  6.777584671815125E-07 23790201
  58    5700.00    5800.00  2.709914160371223E-04  6.829774181086690E-07 23146321	  58    5700.00    5800.00  2.709914160371223E-04  6.829774181086690E-07 23146321	  58    5700.00    5800.00  2.419512140446379E-04  6.129316468941031E-07 23146321	  58    5700.00    5800.00  2.419512140446379E-04  6.129316468941031E-07 23146321	  58    5700.00    5800.00  3.062876743386614E-04  7.677737394264493E-07 23146321	  58    5700.00    5800.00  3.062876743386614E-04  7.677737394264493E-07 23146321	  58    5700.00    5800.00  2.709914160371223E-04  6.829774181086690E-07 23146321
  59    5800.00    5900.00  2.559636090767993E-04  6.841449789304261E-07 22538038	  59    5800.00    5900.00  2.559636090767993E-04  6.841449789304261E-07 22538038	  59    5800.00    5900.00  2.281052697603305E-04  6.127001999965980E-07 22538038	  59    5800.00    5900.00  2.281052697603305E-04  6.127001999965980E-07 22538038	  59    5800.00    5900.00  2.899191985375289E-04  7.708858609583995E-07 22538038	  59    5800.00    5900.00  2.899191985375289E-04  7.708858609583995E-07 22538038	  59    5800.00    5900.00  2.559636090767993E-04  6.841449789304261E-07 22538038
  60    5900.00    6000.00  2.427312756976973E-04  6.335636574993421E-07 21933508	  60    5900.00    6000.00  2.427312756976973E-04  6.335636574993421E-07 21933508	  60    5900.00    6000.00  2.159249772446461E-04  5.664059613086884E-07 21933508	  60    5900.00    6000.00  2.159249772446461E-04  5.664059613086884E-07 21933508	  60    5900.00    6000.00  2.754923978274724E-04  7.153083397335089E-07 21933508	  60    5900.00    6000.00  2.754923978274724E-04  7.153083397335089E-07 21933508	  60    5900.00    6000.00  2.427312756976973E-04  6.335636574993421E-07 21933508
  61    6000.00    6100.00  2.315010057220924E-04  6.252991931707064E-07 21364379	  61    6000.00    6100.00  2.315010057220924E-04  6.252991931707064E-07 21364379	  61    6000.00    6100.00  2.055682688073774E-04  5.579605437858323E-07 21364379	  61    6000.00    6100.00  2.055682688073774E-04  5.579605437858323E-07 21364379	  61    6000.00    6100.00  2.632785379571898E-04  7.074828051581008E-07 21364379	  61    6000.00    6100.00  2.632785379571898E-04  7.074828051581008E-07 21364379	  61    6000.00    6100.00  2.315010057220924E-04  6.252991931707064E-07 21364379
  62    6100.00    6200.00  2.192588158282814E-04  5.961845341885627E-07 20791483	  62    6100.00    6200.00  2.192588158282814E-04  5.961845341885627E-07 20791483	  62    6100.00    6200.00  1.943457639248639E-04  5.309905922204840E-07 20791483	  62    6100.00    6200.00  1.943457639248639E-04  5.309905922204840E-07 20791483	  62    6100.00    6200.00  2.498678910411777E-04  6.759606724070312E-07 20791483	  62    6100.00    6200.00  2.498678910411777E-04  6.759606724070312E-07 20791483	  62    6100.00    6200.00  2.192588158282814E-04  5.961845341885627E-07 20791483
  63    6200.00    6300.00  2.065718095865586E-04  5.827566211578066E-07 20265604	  63    6200.00    6300.00  2.065718095865586E-04  5.827566211578066E-07 20265604	  63    6200.00    6300.00  1.827723297574959E-04  5.179983370614155E-07 20265604	  63    6200.00    6300.00  1.827723297574959E-04  5.179983370614155E-07 20265604	  63    6200.00    6300.00  2.358880027768895E-04  6.622190243835075E-07 20265604	  63    6200.00    6300.00  2.358880027768895E-04  6.622190243835075E-07 20265604	  63    6200.00    6300.00  2.065718095865586E-04  5.827566211578066E-07 20265604
  64    6300.00    6400.00  1.966688896991491E-04  5.755804233641798E-07 19729530	  64    6300.00    6400.00  1.966688896991491E-04  5.755804233641798E-07 19729530	  64    6300.00    6400.00  1.737083523315445E-04  5.107130110001079E-07 19729530	  64    6300.00    6400.00  1.737083523315445E-04  5.107130110001079E-07 19729530	  64    6300.00    6400.00  2.250222350591290E-04  6.553683227671840E-07 19729530	  64    6300.00    6400.00  2.250222350591290E-04  6.553683227671840E-07 19729530	  64    6300.00    6400.00  1.966688896991491E-04  5.755804233641798E-07 19729530
  65    6400.00    6500.00  1.864703617593667E-04  5.587032516516705E-07 19240047	  65    6400.00    6500.00  1.864703617593667E-04  5.587032516516705E-07 19240047	  65    6400.00    6500.00  1.644070851618443E-04  4.949430021480200E-07 19240047	  65    6400.00    6500.00  1.644070851618443E-04  4.949430021480200E-07 19240047	  65    6400.00    6500.00  2.137848210343016E-04  6.373002615617867E-07 19240047	  65    6400.00    6500.00  2.137848210343016E-04  6.373002615617867E-07 19240047	  65    6400.00    6500.00  1.864703617593667E-04  5.587032516516705E-07 19240047
  66    6500.00    6600.00  1.757420799940642E-04  5.347888853542742E-07 18750380	  66    6500.00    6600.00  1.757420799940642E-04  5.347888853542742E-07 18750380	  66    6500.00    6600.00  1.546771364002527E-04  4.728842019727227E-07 18750380	  66    6500.00    6600.00  1.546771364002527E-04  4.728842019727227E-07 18750380	  66    6500.00    6600.00  2.018842143786933E-04  6.112907454596456E-07 18750380	  66    6500.00    6600.00  2.018842143786933E-04  6.112907454596456E-07 18750380	  66    6500.00    6600.00  1.757420799940642E-04  5.347888853542742E-07 18750380
  67    6600.00    6700.00  1.672883733096616E-04  5.340736579114109E-07 18278466	  67    6600.00    6700.00  1.672883733096616E-04  5.340736579114109E-07 18278466	  67    6600.00    6700.00  1.469786860026934E-04  4.713104035293650E-07 18278466	  67    6600.00    6700.00  1.469786860026934E-04  4.713104035293650E-07 18278466	  67    6600.00    6700.00  1.925549753406872E-04  6.118422602621298E-07 18278466	  67    6600.00    6700.00  1.925549753406872E-04  6.118422602621298E-07 18278466	  67    6600.00    6700.00  1.672883733096616E-04  5.340736579114109E-07 18278466
  68    6700.00    6800.00  1.586862787236170E-04  5.296922977563760E-07 17824958	  68    6700.00    6800.00  1.586862787236170E-04  5.296922977563760E-07 17824958	  68    6700.00    6800.00  1.391849319492585E-04  4.666481995772087E-07 17824958	  68    6700.00    6800.00  1.391849319492585E-04  4.666481995772087E-07 17824958	  68    6700.00    6800.00  1.830043272851197E-04  6.079851956805567E-07 17824958	  68    6700.00    6800.00  1.830043272851197E-04  6.079851956805567E-07 17824958	  68    6700.00    6800.00  1.586862787236170E-04  5.296922977563760E-07 17824958
  69    6800.00    6900.00  1.495587342643089E-04  5.018221592660527E-07 17383716	  69    6800.00    6900.00  1.495587342643089E-04  5.018221592660527E-07 17383716	  69    6800.00    6900.00  1.309463464678185E-04  4.413570646601894E-07 17383716	  69    6800.00    6900.00  1.309463464678185E-04  4.413570646601894E-07 17383716	  69    6800.00    6900.00  1.728245790323701E-04  5.770811561030917E-07 17383716	  69    6800.00    6900.00  1.728245790323701E-04  5.770811561030917E-07 17383716	  69    6800.00    6900.00  1.495587342643089E-04  5.018221592660527E-07 17383716
  70    6900.00    7000.00  1.413248471397604E-04  4.973741095623979E-07 16956144	  70    6900.00    7000.00  1.413248471397604E-04  4.973741095623979E-07 16956144	  70    6900.00    7000.00  1.235289882817894E-04  4.367011538513599E-07 16956144	  70    6900.00    7000.00  1.235289882817894E-04  4.367011538513599E-07 16956144	  70    6900.00    7000.00  1.636212031547497E-04  5.730584312001101E-07 16956144	  70    6900.00    7000.00  1.636212031547497E-04  5.730584312001101E-07 16956144	  70    6900.00    7000.00  1.413248471397604E-04  4.973741095623979E-07 16956144
  71    7000.00    7100.00  1.340083077011659E-04  4.760880170759830E-07 16547837	  71    7000.00    7100.00  1.340083077011659E-04  4.760880170759830E-07 16547837	  71    7000.00    7100.00  1.169306288889815E-04  4.171837601227079E-07 16547837	  71    7000.00    7100.00  1.169306288889815E-04  4.171837601227079E-07 16547837	  71    7000.00    7100.00  1.554553715952209E-04  5.497598108360545E-07 16547837	  71    7000.00    7100.00  1.554553715952209E-04  5.497598108360545E-07 16547837	  71    7000.00    7100.00  1.340083077011659E-04  4.760880170759830E-07 16547837
  72    7100.00    7200.00  1.280706391155421E-04  4.929305958102453E-07 16142470	  72    7100.00    7200.00  1.280706391155421E-04  4.929305958102453E-07 16142470	  72    7100.00    7200.00  1.115666096650419E-04  4.312809554637259E-07 16142470	  72    7100.00    7200.00  1.115666096650419E-04  4.312809554637259E-07 16142470	  72    7100.00    7200.00  1.488430204607774E-04  5.701869356508622E-07 16142470	  72    7100.00    7200.00  1.488430204607774E-04  5.701869356508622E-07 16142470	  72    7100.00    7200.00  1.280706391155421E-04  4.929305958102453E-07 16142470
  73    7200.00    7300.00  1.199207896222260E-04  4.498590705265352E-07 15753003	  73    7200.00    7300.00  1.199207896222260E-04  4.498590705265352E-07 15753003	  73    7200.00    7300.00  1.042840407165602E-04  3.925730867656511E-07 15753003	  73    7200.00    7300.00  1.042840407165602E-04  3.925730867656511E-07 15753003	  73    7200.00    7300.00  1.396474243581726E-04  5.218964809096024E-07 15753003	  73    7200.00    7300.00  1.396474243581726E-04  5.218964809096024E-07 15753003	  73    7200.00    7300.00  1.199207896222260E-04  4.498590705265352E-07 15753003
  74    7300.00    7400.00  1.133624424845312E-04  4.222301287221736E-07 15383310	  74    7300.00    7400.00  1.133624424845312E-04  4.222301287221736E-07 15383310	  74    7300.00    7400.00  9.841157651720646E-05  3.679507412583182E-07 15383310	  74    7300.00    7400.00  9.841157651720646E-05  3.679507412583182E-07 15383310	  74    7300.00    7400.00  1.322664930644414E-04  4.906078672387013E-07 15383310	  74    7300.00    7400.00  1.322664930644414E-04  4.906078672387013E-07 15383310	  74    7300.00    7400.00  1.133624424845312E-04  4.222301287221736E-07 15383310
  75    7400.00    7500.00  1.071104498395766E-04  4.084758885281027E-07 15014071	  75    7400.00    7500.00  1.071104498395766E-04  4.084758885281027E-07 15014071	  75    7400.00    7500.00  9.283248422386044E-05  3.554151805521743E-07 15014071	  75    7400.00    7500.00  9.283248422386044E-05  3.554151805521743E-07 15014071	  75    7400.00    7500.00  1.252024335650795E-04  4.754496364546611E-07 15014071	  75    7400.00    7500.00  1.252024335650795E-04  4.754496364546611E-07 15014071	  75    7400.00    7500.00  1.071104498395766E-04  4.084758885281027E-07 15014071
  76    7500.00    7600.00  1.014828504932822E-04  4.247130895258691E-07 14659411	  76    7500.00    7600.00  1.014828504932822E-04  4.247130895258691E-07 14659411	  76    7500.00    7600.00  8.780497071204283E-05  3.688696460457361E-07 14659411	  76    7500.00    7600.00  8.780497071204283E-05  3.688696460457361E-07 14659411	  76    7500.00    7600.00  1.188531490481185E-04  4.953645235041090E-07 14659411	  76    7500.00    7600.00  1.188531490481185E-04  4.953645235041090E-07 14659411	  76    7500.00    7600.00  1.014828504932822E-04  4.247130895258691E-07 14659411
  77    7600.00    7700.00  9.583523381039354E-05  3.832386831794782E-07 14313907	  77    7600.00    7700.00  9.583523381039354E-05  3.832386831794782E-07 14313907	  77    7600.00    7700.00  8.278208947535591E-05  3.322572129686830E-07 14313907	  77    7600.00    7700.00  8.278208947535591E-05  3.322572129686830E-07 14313907	  77    7600.00    7700.00  1.124479152371676E-04  4.478857053568606E-07 14313907	  77    7600.00    7700.00  1.124479152371676E-04  4.478857053568606E-07 14313907	  77    7600.00    7700.00  9.583523381039354E-05  3.832386831794782E-07 14313907
  78    7700.00    7800.00  9.106642113758689E-05  4.476426957411173E-07 13987594	  78    7700.00    7800.00  9.106642113758689E-05  4.476426957411173E-07 13987594	  78    7700.00    7800.00  7.853151964094321E-05  3.877146081740881E-07 13987594	  78    7700.00    7800.00  7.853151964094321E-05  3.877146081740881E-07 13987594	  78    7700.00    7800.00  1.070537820759752E-04  5.237143061640169E-07 13987594	  78    7700.00    7800.00  1.070537820759752E-04  5.237143061640169E-07 13987594	  78    7700.00    7800.00  9.106642113758689E-05  4.476426957411173E-07 13987594
  79    7800.00    7900.00  8.602257825444786E-05  3.803203350752665E-07 13661579	  79    7800.00    7900.00  8.602257825444786E-05  3.803203350752665E-07 13661579	  79    7800.00    7900.00  7.405687138121444E-05  3.287198159813373E-07 13661579	  79    7800.00    7900.00  7.405687138121444E-05  3.287198159813373E-07 13661579	  79    7800.00    7900.00  1.013174468065764E-04  4.460022832865791E-07 13661579	  79    7800.00    7900.00  1.013174468065764E-04  4.460022832865791E-07 13661579	  79    7800.00    7900.00  8.602257825444786E-05  3.803203350752665E-07 13661579
  80    7900.00    8000.00  8.110449518040855E-05  3.527637415036609E-07 13341351	  80    7900.00    8000.00  8.110449518040855E-05  3.527637415036609E-07 13341351	  80    7900.00    8000.00  6.970706591918366E-05  3.042977642803120E-07 13341351	  80    7900.00    8000.00  6.970706591918366E-05  3.042977642803120E-07 13341351	  80    7900.00    8000.00  9.570411103741894E-05  4.146139836484426E-07 13341351	  80    7900.00    8000.00  9.570411103741894E-05  4.146139836484426E-07 13341351	  80    7900.00    8000.00  8.110449518040855E-05  3.527637415036609E-07 13341351
  81    8000.00    8100.00  7.659474779552599E-05  3.527049824921350E-07 13036593	  81    8000.00    8100.00  7.659474779552599E-05  3.527049824921350E-07 13036593	  81    8000.00    8100.00  6.572610715697954E-05  3.037376492982853E-07 13036593	  81    8000.00    8100.00  6.572610715697954E-05  3.037376492982853E-07 13036593	  81    8000.00    8100.00  9.054522025646092E-05  4.153243799581699E-07 13036593	  81    8000.00    8100.00  9.054522025646092E-05  4.153243799581699E-07 13036593	  81    8000.00    8100.00  7.659474779552599E-05  3.527049824921350E-07 13036593
  82    8100.00    8200.00  7.165589965420936E-05  3.156666710374055E-07 12741398	  82    8100.00    8200.00  7.165589965420936E-05  3.156666710374055E-07 12741398	  82    8100.00    8200.00  6.138225779523717E-05  2.713005261663230E-07 12741398	  82    8100.00    8200.00  6.138225779523717E-05  2.713005261663230E-07 12741398	  82    8100.00    8200.00  8.487145755710922E-05  3.725467727598017E-07 12741398	  82    8100.00    8200.00  8.487145755710922E-05  3.725467727598017E-07 12741398	  82    8100.00    8200.00  7.165589965420936E-05  3.156666710374055E-07 12741398
  83    8200.00    8300.00  6.779790864318400E-05  3.119346518435128E-07 12453745	  83    8200.00    8300.00  6.779790864318400E-05  3.119346518435128E-07 12453745	  83    8200.00    8300.00  5.798484401706325E-05  2.676962193910134E-07 12453745	  83    8200.00    8300.00  5.798484401706325E-05  2.676962193910134E-07 12453745	  83    8200.00    8300.00  8.044651295860424E-05  3.687539435544104E-07 12453745	  83    8200.00    8300.00  8.044651295860424E-05  3.687539435544104E-07 12453745	  83    8200.00    8300.00  6.779790864318400E-05  3.119346518435128E-07 12453745
  84    8300.00    8400.00  6.459602295399532E-05  3.329432903578441E-07 12167738	  84    8300.00    8400.00  6.459602295399532E-05  3.329432903578441E-07 12167738	  84    8300.00    8400.00  5.515358274948830E-05  2.852249960418565E-07 12167738	  84    8300.00    8400.00  5.515358274948830E-05  2.852249960418565E-07 12167738	  84    8300.00    8400.00  7.679296814222938E-05  3.943643374021318E-07 12167738	  84    8300.00    8400.00  7.679296814222938E-05  3.943643374021318E-07 12167738	  84    8300.00    8400.00  6.459602295399532E-05  3.329432903578441E-07 12167738
  85    8400.00    8500.00  6.057190982054447E-05  2.985796455098515E-07 11896397	  85    8400.00    8500.00  6.057190982054447E-05  2.985796455098515E-07 11896397	  85    8400.00    8500.00  5.163345364070572E-05  2.553019229683691E-07 11896397	  85    8400.00    8500.00  5.163345364070572E-05  2.553019229683691E-07 11896397	  85    8400.00    8500.00  7.214119022854360E-05  3.544182139400217E-07 11896397	  85    8400.00    8500.00  7.214119022854360E-05  3.544182139400217E-07 11896397	  85    8400.00    8500.00  6.057190982054447E-05  2.985796455098515E-07 11896397
  86    8500.00    8600.00  5.772402810088940E-05  3.077642859471090E-07 11633550	  86    8500.00    8600.00  5.772402810088940E-05  3.077642859471090E-07 11633550	  86    8500.00    8600.00  4.912710017954454E-05  2.628211687523365E-07 11633550	  86    8500.00    8600.00  4.912710017954454E-05  2.628211687523365E-07 11633550	  86    8500.00    8600.00  6.887360265040646E-05  3.658397605959603E-07 11633550	  86    8500.00    8600.00  6.887360265040646E-05  3.658397605959603E-07 11633550	  86    8500.00    8600.00  5.772402810088940E-05  3.077642859471090E-07 11633550
  87    8600.00    8700.00  5.405806876374947E-05  2.777875980993541E-07 11375743	  87    8600.00    8700.00  5.405806876374947E-05  2.777875980993541E-07 11375743	  87    8600.00    8700.00  4.593199332583068E-05  2.367576623347846E-07 11375743	  87    8600.00    8700.00  4.593199332583068E-05  2.367576623347846E-07 11375743	  87    8600.00    8700.00  6.461838613318774E-05  3.309365982029612E-07 11375743	  87    8600.00    8700.00  6.461838613318774E-05  3.309365982029612E-07 11375743	  87    8600.00    8700.00  5.405806876374947E-05  2.777875980993541E-07 11375743
  88    8700.00    8800.00  5.084614757623133E-05  2.756139014643767E-07 11123085	  88    8700.00    8800.00  5.084614757623133E-05  2.756139014643767E-07 11123085	  88    8700.00    8800.00  4.313214394741680E-05  2.344839993601832E-07 11123085	  88    8700.00    8800.00  4.313214394741680E-05  2.344839993601832E-07 11123085	  88    8700.00    8800.00  6.089126642709079E-05  3.290097016405588E-07 11123085	  88    8700.00    8800.00  6.089126642709079E-05  3.290097016405588E-07 11123085	  88    8700.00    8800.00  5.084614757623133E-05  2.756139014643767E-07 11123085
  89    8800.00    8900.00  4.770650123062431E-05  2.499964539233218E-07 10884237	  89    8800.00    8900.00  4.770650123062431E-05  2.499964539233218E-07 10884237	  89    8800.00    8900.00  4.040256636116155E-05  2.123051526574579E-07 10884237	  89    8800.00    8900.00  4.040256636116155E-05  2.123051526574579E-07 10884237	  89    8800.00    8900.00  5.723701761283607E-05  2.990392223862407E-07 10884237	  89    8800.00    8900.00  5.723701761283607E-05  2.990392223862407E-07 10884237	  89    8800.00    8900.00  4.770650123062431E-05  2.499964539233218E-07 10884237
  90    8900.00    9000.00  4.514974514341902E-05  2.392879192189535E-07 10642458	  90    8900.00    9000.00  4.514974514341902E-05  2.392879192189535E-07 10642458	  90    8900.00    9000.00  3.817825680924773E-05  2.028585867261631E-07 10642458	  90    8900.00    9000.00  3.817825680924773E-05  2.028585867261631E-07 10642458	  90    8900.00    9000.00  5.426369318735394E-05  2.867882549860568E-07 10642458	  90    8900.00    9000.00  5.426369318735394E-05  2.867882549860568E-07 10642458	  90    8900.00    9000.00  4.514974514341902E-05  2.392879192189535E-07 10642458
  91    9000.00    9100.00  4.269978558192504E-05  2.473425008289408E-07 10401309	  91    9000.00    9100.00  4.269978558192504E-05  2.473425008289408E-07 10401309	  91    9000.00    9100.00  3.604638797732820E-05  2.092866385280609E-07 10401309	  91    9000.00    9100.00  3.604638797732820E-05  2.092866385280609E-07 10401309	  91    9000.00    9100.00  5.141585884757388E-05  2.970817812267325E-07 10401309	  91    9000.00    9100.00  5.141585884757388E-05  2.970817812267325E-07 10401309	  91    9000.00    9100.00  4.269978558192504E-05  2.473425008289408E-07 10401309
  92    9100.00    9200.00  4.016591895421775E-05  2.284737127349151E-07 10178654	  92    9100.00    9200.00  4.016591895421775E-05  2.284737127349151E-07 10178654	  92    9100.00    9200.00  3.385377323005631E-05  1.929915836252554E-07 10178654	  92    9100.00    9200.00  3.385377323005631E-05  1.929915836252554E-07 10178654	  92    9100.00    9200.00  4.845086994472414E-05  2.749422673080445E-07 10178654	  92    9100.00    9200.00  4.845086994472414E-05  2.749422673080445E-07 10178654	  92    9100.00    9200.00  4.016591895421775E-05  2.284737127349151E-07 10178654
  93    9200.00    9300.00  3.758518497767387E-05  2.266179326858901E-07 9961311	  93    9200.00    9300.00  3.758518497767387E-05  2.266179326858901E-07 9961311	  93    9200.00    9300.00  3.162699841943338E-05  1.911727356274202E-07 9961311	  93    9200.00    9300.00  3.162699841943338E-05  1.911727356274202E-07 9961311	  93    9200.00    9300.00  4.542108796215839E-05  2.731127507578674E-07 9961311	  93    9200.00    9300.00  4.542108796215839E-05  2.731127507578674E-07 9961311	  93    9200.00    9300.00  3.758518497767387E-05  2.266179326858901E-07 9961311
  94    9300.00    9400.00  3.555435618232561E-05  2.203905765645017E-07 9743706	  94    9300.00    9400.00  3.555435618232561E-05  2.203905765645017E-07 9743706	  94    9300.00    9400.00  2.987054120271115E-05  1.855555543414362E-07 9743706	  94    9300.00    9400.00  2.987054120271115E-05  1.855555543414362E-07 9743706	  94    9300.00    9400.00  4.304393966335318E-05  2.661978937787579E-07 9743706	  94    9300.00    9400.00  4.304393966335318E-05  2.661978937787579E-07 9743706	  94    9300.00    9400.00  3.555435618232561E-05  2.203905765645017E-07 9743706
  95    9400.00    9500.00  3.348526996628973E-05  1.960407508551649E-07 9545509	  95    9400.00    9500.00  3.348526996628973E-05  1.960407508551649E-07 9545509	  95    9400.00    9500.00  2.808791973074118E-05  1.648066474580330E-07 9545509	  95    9400.00    9500.00  2.808791973074118E-05  1.648066474580330E-07 9545509	  95    9400.00    9500.00  4.061103575026018E-05  2.371845389631554E-07 9545509	  95    9400.00    9500.00  4.061103575026018E-05  2.371845389631554E-07 9545509	  95    9400.00    9500.00  3.348526996628973E-05  1.960407508551649E-07 9545509
  96    9500.00    9600.00  3.101921816541795E-05  1.815840931014333E-07 9328924	  96    9500.00    9600.00  3.101921816541795E-05  1.815840931014333E-07 9328924	  96    9500.00    9600.00  2.597749186880511E-05  1.524257753331215E-07 9328924	  96    9500.00    9600.00  2.597749186880511E-05  1.524257753331215E-07 9328924	  96    9500.00    9600.00  3.768839653607582E-05  2.200626220775368E-07 9328924	  96    9500.00    9600.00  3.768839653607582E-05  2.200626220775368E-07 9328924	  96    9500.00    9600.00  3.101921816541795E-05  1.815840931014333E-07 9328924
  97    9600.00    9700.00  2.927902769705579E-05  1.827150433840866E-07 9136879	  97    9600.00    9700.00  2.927902769705579E-05  1.827150433840866E-07 9136879	  97    9600.00    9700.00  2.448089397160726E-05  1.531270096761038E-07 9136879	  97    9600.00    9700.00  2.448089397160726E-05  1.531270096761038E-07 9136879	  97    9600.00    9700.00  3.563831384737027E-05  2.218360118951493E-07 9136879	  97    9600.00    9700.00  3.563831384737027E-05  2.218360118951493E-07 9136879	  97    9600.00    9700.00  2.927902769705579E-05  1.827150433840866E-07 9136879
  98    9700.00    9800.00  2.756127630886774E-05  1.674296501009449E-07 8941693	  98    9700.00    9800.00  2.756127630886774E-05  1.674296501009449E-07 8941693	  98    9700.00    9800.00  2.300693229430288E-05  1.400326419225027E-07 8941693	  98    9700.00    9800.00  2.300693229430288E-05  1.400326419225027E-07 8941693	  98    9700.00    9800.00  3.360935010371194E-05  2.037418233614389E-07 8941693	  98    9700.00    9800.00  3.360935010371194E-05  2.037418233614389E-07 8941693	  98    9700.00    9800.00  2.756127630886774E-05  1.674296501009449E-07 8941693
  99    9800.00    9900.00  2.601561588124918E-05  1.741805983781950E-07 8756280	  99    9800.00    9900.00  2.601561588124918E-05  1.741805983781950E-07 8756280	  99    9800.00    9900.00  2.168338952415500E-05  1.451802717420713E-07 8756280	  99    9800.00    9900.00  2.168338952415500E-05  1.451802717420713E-07 8756280	  99    9800.00    9900.00  3.177937910043946E-05  2.127773457647199E-07 8756280	  99    9800.00    9900.00  3.177937910043946E-05  2.127773457647199E-07 8756280	  99    9800.00    9900.00  2.601561588124918E-05  1.741805983781950E-07 8756280
 100    9900.00   10000.00  2.444856211420907E-05  1.561019813113781E-07 8566239	 100    9900.00   10000.00  2.444856211420907E-05  1.561019813113781E-07 8566239	 100    9900.00   10000.00  2.034452685248610E-05  1.301669097522028E-07 8566239	 100    9900.00   10000.00  2.034452685248610E-05  1.301669097522028E-07 8566239	 100    9900.00   10000.00  2.991927369390967E-05  1.906006145249146E-07 8566239	 100    9900.00   10000.00  2.991927369390967E-05  1.906006145249146E-07 8566239	 100    9900.00   10000.00  2.444856211420907E-05  1.561019813113781E-07 8566239
 101   10000.00   10100.00  2.303920624032655E-05  1.508580533967411E-07 8390706	 101   10000.00   10100.00  2.303920624032655E-05  1.508580533967411E-07 8390706	 101   10000.00   10100.00  1.914155983878398E-05  1.255970244884910E-07 8390706	 101   10000.00   10100.00  1.914155983878398E-05  1.255970244884910E-07 8390706	 101   10000.00   10100.00  2.824464189894617E-05  1.845229818638588E-07 8390706	 101   10000.00   10100.00  2.824464189894617E-05  1.845229818638588E-07 8390706	 101   10000.00   10100.00  2.303920624032655E-05  1.508580533967411E-07 8390706
 102   10100.00   10200.00  2.150708423570523E-05  1.520631339048186E-07 8211736	 102   10100.00   10200.00  2.150708423570523E-05  1.520631339048186E-07 8211736	 102   10100.00   10200.00  1.784021899364644E-05  1.264162889324628E-07 8211736	 102   10100.00   10200.00  1.784021899364644E-05  1.264162889324628E-07 8211736	 102   10100.00   10200.00  2.641357442147503E-05  1.863017152108225E-07 8211736	 102   10100.00   10200.00  2.641357442147503E-05  1.863017152108225E-07 8211736	 102   10100.00   10200.00  2.150708423570523E-05  1.520631339048186E-07 8211736
 103   10200.00   10300.00  2.001215853083483E-05  1.325717351337747E-07 8042556	 103   10200.00   10300.00  2.001215853083483E-05  1.325717351337747E-07 8042556	 103   10200.00   10300.00  1.657314525035259E-05  1.099807784872647E-07 8042556	 103   10200.00   10300.00  1.657314525035259E-05  1.099807784872647E-07 8042556	 103   10200.00   10300.00  2.462268608626223E-05  1.628061476173602E-07 8042556	 103   10200.00   10300.00  2.462268608626223E-05  1.628061476173602E-07 8042556	 103   10200.00   10300.00  2.001215853083483E-05  1.325717351337747E-07 8042556
 104   10300.00   10400.00  1.901276190019254E-05  1.344940590073551E-07 7882844	 104   10300.00   10400.00  1.901276190019254E-05  1.344940590073551E-07 7882844	 104   10300.00   10400.00  1.572222923341457E-05  1.114041059496685E-07 7882844	 104   10300.00   10400.00  1.572222923341457E-05  1.114041059496685E-07 7882844	 104   10300.00   10400.00  2.343202780625774E-05  1.654537529812114E-07 7882844	 104   10300.00   10400.00  2.343202780625774E-05  1.654537529812114E-07 7882844	 104   10300.00   10400.00  1.901276190019254E-05  1.344940590073551E-07 7882844
 105   10400.00   10500.00  1.784962941897984E-05  1.216251176606399E-07 7711399	 105   10400.00   10500.00  1.784962941897984E-05  1.216251176606399E-07 7711399	 105   10400.00   10500.00  1.473601120784109E-05  1.005623181573167E-07 7711399	 105   10400.00   10500.00  1.473601120784109E-05  1.005623181573167E-07 7711399	 105   10400.00   10500.00  2.203956675035435E-05  1.499272999701944E-07 7711399	 105   10400.00   10500.00  2.203956675035435E-05  1.499272999701944E-07 7711399	 105   10400.00   10500.00  1.784962941897984E-05  1.216251176606399E-07 7711399
 106   10500.00   10600.00  1.681382767565119E-05  1.188238413499933E-07 7559805	 106   10500.00   10600.00  1.681382767565119E-05  1.188238413499933E-07 7559805	 106   10500.00   10600.00  1.385949307898620E-05  9.811086017877208E-08 7559805	 106   10500.00   10600.00  1.385949307898620E-05  9.811086017877208E-08 7559805	 106   10500.00   10600.00  2.079669887164205E-05  1.467008176047785E-07 7559805	 106   10500.00   10600.00  2.079669887164205E-05  1.467008176047785E-07 7559805	 106   10500.00   10600.00  1.681382767565119E-05  1.188238413499933E-07 7559805
 107   10600.00   10700.00  1.559456195183594E-05  1.065911250540685E-07 7399824	 107   10600.00   10700.00  1.559456195183594E-05  1.065911250540685E-07 7399824	 107   10600.00   10700.00  1.283456380441165E-05  8.785853909849807E-08 7399824	 107   10600.00   10700.00  1.283456380441165E-05  8.785853909849807E-08 7399824	 107   10600.00   10700.00  1.932217873588414E-05  1.318540891196506E-07 7399824	 107   10600.00   10700.00  1.932217873588414E-05  1.318540891196506E-07 7399824	 107   10600.00   10700.00  1.559456195183594E-05  1.065911250540685E-07 7399824
 108   10700.00   10800.00  1.471616156329158E-05  1.082197483217050E-07 7251076	 108   10700.00   10800.00  1.471616156329158E-05  1.082197483217050E-07 7251076	 108   10700.00   10800.00  1.209234245236868E-05  8.905541458306816E-08 7251076	 108   10700.00   10800.00  1.209234245236868E-05  8.905541458306816E-08 7251076	 108   10700.00   10800.00  1.826660994961855E-05  1.341142777356072E-07 7251076	 108   10700.00   10800.00  1.826660994961855E-05  1.341142777356072E-07 7251076	 108   10700.00   10800.00  1.471616156329158E-05  1.082197483217050E-07 7251076
 109   10800.00   10900.00  1.386332285401306E-05  1.062926961819763E-07 7103788	 109   10800.00   10900.00  1.386332285401306E-05  1.062926961819763E-07 7103788	 109   10800.00   10900.00  1.137353849443091E-05  8.733684187209507E-08 7103788	 109   10800.00   10900.00  1.137353849443091E-05  8.733684187209507E-08 7103788	 109   10800.00   10900.00  1.723867240276634E-05  1.319506029290054E-07 7103788	 109   10800.00   10900.00  1.723867240276634E-05  1.319506029290054E-07 7103788	 109   10800.00   10900.00  1.386332285401306E-05  1.062926961819763E-07 7103788
 110   10900.00   11000.00  1.293262485881844E-05  9.888024753562943E-08 6956388	 110   10900.00   11000.00  1.293262485881844E-05  9.888024753562943E-08 6956388	 110   10900.00   11000.00  1.059313511682408E-05  8.109698946948348E-08 6956388	 110   10900.00   11000.00  1.059313511682408E-05  8.109698946948348E-08 6956388	 110   10900.00   11000.00  1.611015328460100E-05  1.230016919013336E-07 6956388	 110   10900.00   11000.00  1.611015328460100E-05  1.230016919013336E-07 6956388	 110   10900.00   11000.00  1.293262485881844E-05  9.888024753562943E-08 6956388
 111   11000.00   11100.00  1.223026358911858E-05  1.009254274492645E-07 6811603	 111   11000.00   11100.00  1.223026358911858E-05  1.009254274492645E-07 6811603	 111   11000.00   11100.00  1.000315040095160E-05  8.267878624045499E-08 6811603	 111   11000.00   11100.00  1.000315040095160E-05  8.267878624045499E-08 6811603	 111   11000.00   11100.00  1.526041782991267E-05  1.257114658091860E-07 6811603	 111   11000.00   11100.00  1.526041782991267E-05  1.257114658091860E-07 6811603	 111   11000.00   11100.00  1.223026358911858E-05  1.009254274492645E-07 6811603
 112   11100.00   11200.00  1.132126225242853E-05  8.724552293834323E-08 6683083	 112   11100.00   11200.00  1.132126225242853E-05  8.724552293834323E-08 6683083	 112   11100.00   11200.00  9.244061435383466E-06  7.133104759573833E-08 6683083	 112   11100.00   11200.00  9.244061435383466E-06  7.133104759573833E-08 6683083	 112   11100.00   11200.00  1.415303220832898E-05  1.089130357120529E-07 6683083	 112   11100.00   11200.00  1.415303220832898E-05  1.089130357120529E-07 6683083	 112   11100.00   11200.00  1.132126225242853E-05  8.724552293834323E-08 6683083
 113   11200.00   11300.00  1.049554016995198E-05  7.989050458012818E-08 6538525	 113   11200.00   11300.00  1.049554016995198E-05  7.989050458012818E-08 6538525	 113   11200.00   11300.00  8.557306419855679E-06  6.520477910889380E-08 6538525	 113   11200.00   11300.00  8.557306419855679E-06  6.520477910889380E-08 6538525	 113   11200.00   11300.00  1.314237698125001E-05  9.992506294914146E-08 6538525	 113   11200.00   11300.00  1.314237698125001E-05  9.992506294914146E-08 6538525	 113   11200.00   11300.00  1.049554016995198E-05  7.989050458012818E-08 6538525
 114   11300.00   11400.00  9.869727495776555E-06  7.920306581515323E-08 6409516	 114   11300.00   11400.00  9.869727495776555E-06  7.920306581515323E-08 6409516	 114   11300.00   11400.00  8.034377095048306E-06  6.454609859860372E-08 6409516	 114   11300.00   11400.00  8.034377095048306E-06  6.454609859860372E-08 6409516	 114   11300.00   11400.00  1.238070526612438E-05  9.923343309722642E-08 6409516	 114   11300.00   11400.00  1.238070526612438E-05  9.923343309722642E-08 6409516	 114   11300.00   11400.00  9.869727495776555E-06  7.920306581515323E-08 6409516
 115   11400.00   11500.00  9.263298547303440E-06  7.512130842558254E-08 6288052	 115   11400.00   11500.00  9.263298547303440E-06  7.512130842558254E-08 6288052	 115   11400.00   11500.00  7.529361162691972E-06  6.114228801827367E-08 6288052	 115   11400.00   11500.00  7.529361162691972E-06  6.114228801827367E-08 6288052	 115   11400.00   11500.00  1.163970448619868E-05  9.425335274122017E-08 6288052	 115   11400.00   11500.00  1.163970448619868E-05  9.425335274122017E-08 6288052	 115   11400.00   11500.00  9.263298547303440E-06  7.512130842558254E-08 6288052
 116   11500.00   11600.00  8.711026802411029E-06  7.439616953408325E-08 6156822	 116   11500.00   11600.00  8.711026802411029E-06  7.439616953408325E-08 6156822	 116   11500.00   11600.00  7.069134862228113E-06  6.043016068298054E-08 6156822	 116   11500.00   11600.00  7.069134862228113E-06  6.043016068298054E-08 6156822	 116   11500.00   11600.00  1.096547754031231E-05  9.355464661933983E-08 6156822	 116   11500.00   11600.00  1.096547754031231E-05  9.355464661933983E-08 6156822	 116   11500.00   11600.00  8.711026802411029E-06  7.439616953408325E-08 6156822
 117   11600.00   11700.00  8.036808101296241E-06  6.565781782085560E-08 6034025	 117   11600.00   11700.00  8.036808101296241E-06  6.565781782085560E-08 6034025	 117   11600.00   11700.00  6.511777202014140E-06  5.325010419129212E-08 6034025	 117   11600.00   11700.00  6.511777202014140E-06  5.325010419129212E-08 6034025	 117   11600.00   11700.00  1.013461410764587E-05  8.271001697322776E-08 6034025	 117   11600.00   11700.00  1.013461410764587E-05  8.271001697322776E-08 6034025	 117   11600.00   11700.00  8.036808101296241E-06  6.565781782085560E-08 6034025
 118   11700.00   11800.00  7.542167607268854E-06  6.615470583807015E-08 5912742	 118   11700.00   11800.00  7.542167607268854E-06  6.615470583807015E-08 5912742	 118   11700.00   11800.00  6.102081274826487E-06  5.359371653686168E-08 5912742	 118   11700.00   11800.00  6.102081274826487E-06  5.359371653686168E-08 5912742	 118   11700.00   11800.00  9.526505765315906E-06  8.343957091750770E-08 5912742	 118   11700.00   11800.00  9.526505765315906E-06  8.343957091750770E-08 5912742	 118   11700.00   11800.00  7.542167607268854E-06  6.615470583807015E-08 5912742
 119   11800.00   11900.00  7.148920143649820E-06  1.120221179742010E-07 5794156	 119   11800.00   11900.00  7.148920143649820E-06  1.120221179742010E-07 5794156	 119   11800.00   11900.00  5.773335935042647E-06  8.956857671421806E-08 5794156	 119   11800.00   11900.00  5.773335935042647E-06  8.956857671421806E-08 5794156	 119   11800.00   11900.00  9.048419484734924E-06  1.433858861566539E-07 5794156	 119   11800.00   11900.00  9.048419484734924E-06  1.433858861566539E-07 5794156	 119   11800.00   11900.00  7.148920143649820E-06  1.120221179742010E-07 5794156
 120   11900.00   12000.00  6.614953756736753E-06  6.122743724336583E-08 5681210	 120   11900.00   12000.00  6.614953756736753E-06  6.122743724336583E-08 5681210	 120   11900.00   12000.00  5.334984160428213E-06  4.943319438648381E-08 5681210	 120   11900.00   12000.00  5.334984160428213E-06  4.943319438648381E-08 5681210	 120   11900.00   12000.00  8.385151780646948E-06  7.752142746196578E-08 5681210	 120   11900.00   12000.00  8.385151780646948E-06  7.752142746196578E-08 5681210	 120   11900.00   12000.00  6.614953756736753E-06  6.122743724336583E-08 5681210
 121   12000.00   12100.00  6.125858220233534E-06  5.319488348496049E-08 5564552	 121   12000.00   12100.00  6.125858220233534E-06  5.319488348496049E-08 5564552	 121   12000.00   12100.00  4.932529921480226E-06  4.286989263636330E-08 5564552	 121   12000.00   12100.00  4.932529921480226E-06  4.286989263636330E-08 5564552	 121   12000.00   12100.00  7.779325255417393E-06  6.748932055031836E-08 5564552	 121   12000.00   12100.00  7.779325255417393E-06  6.748932055031836E-08 5564552	 121   12000.00   12100.00  6.125858220233534E-06  5.319488348496049E-08 5564552
 122   12100.00   12200.00  5.787248606089506E-06  5.280056627510996E-08 5453199	 122   12100.00   12200.00  5.787248606089506E-06  5.280056627510996E-08 5453199	 122   12100.00   12200.00  4.653151867616495E-06  4.249749939579567E-08 5453199	 122   12100.00   12200.00  4.653151867616495E-06  4.249749939579567E-08 5453199	 122   12100.00   12200.00  7.361285916212673E-06  6.708465201831843E-08 5453199	 122   12100.00   12200.00  7.361285916212673E-06  6.708465201831843E-08 5453199	 122   12100.00   12200.00  5.787248606089506E-06  5.280056627510996E-08 5453199
 123   12200.00   12300.00  5.274067840891396E-06  4.542716518897584E-08 5348917	 123   12200.00   12300.00  5.274067840891396E-06  4.542716518897584E-08 5348917	 123   12200.00   12300.00  4.233928624310307E-06  3.649776685974682E-08 5348917	 123   12200.00   12300.00  4.233928624310307E-06  3.649776685974682E-08 5348917	 123   12200.00   12300.00  6.720280731762410E-06  5.783240371479404E-08 5348917	 123   12200.00   12300.00  6.720280731762410E-06  5.783240371479404E-08 5348917	 123   12200.00   12300.00  5.274067840891396E-06  4.542716518897584E-08 5348917
 124   12300.00   12400.00  5.060214599151783E-06  5.177634525801450E-08 5240375	 124   12300.00   12400.00  5.060214599151783E-06  5.177634525801450E-08 5240375	 124   12300.00   12400.00  4.055689732348315E-06  4.152825134512472E-08 5240375	 124   12300.00   12400.00  4.055689732348315E-06  4.152825134512472E-08 5240375	 124   12300.00   12400.00  6.459516954427456E-06  6.604055440363376E-08 5240375	 124   12300.00   12400.00  6.459516954427456E-06  6.604055440363376E-08 5240375	 124   12300.00   12400.00  5.060214599151783E-06  5.177634525801450E-08 5240375
 125   12400.00   12500.00  4.623484946898074E-06  4.402564496055348E-08 5138997	 125   12400.00   12500.00  4.623484946898074E-06  4.402564496055348E-08 5138997	 125   12400.00   12500.00  3.699996952145018E-06  3.527706075252998E-08 5138997	 125   12400.00   12500.00  3.699996952145018E-06  3.527706075252998E-08 5138997	 125   12400.00   12500.00  5.912169775621476E-06  5.621722292355485E-08 5138997	 125   12400.00   12500.00  5.912169775621476E-06  5.621722292355485E-08 5138997	 125   12400.00   12500.00  4.623484946898074E-06  4.402564496055348E-08 5138997
 126   12500.00   12600.00  4.357103766845805E-06  4.173801789231227E-08 5037361	 126   12500.00   12600.00  4.357103766845805E-06  4.173801789231227E-08 5037361	 126   12500.00   12600.00  3.481666744744057E-06  3.337521206038270E-08 5037361	 126   12500.00   12600.00  3.481666744744057E-06  3.337521206038270E-08 5037361	 126   12500.00   12600.00  5.580791143455667E-06  5.341925037870464E-08 5037361	 126   12500.00   12600.00  5.580791143455667E-06  5.341925037870464E-08 5037361	 126   12500.00   12600.00  4.357103766845805E-06  4.173801789231227E-08 5037361
 127   12600.00   12700.00  4.071233643403722E-06  4.323017596005280E-08 4941469	 127   12600.00   12700.00  4.071233643403722E-06  4.323017596005280E-08 4941469	 127   12600.00   12700.00  3.248166269894617E-06  3.453905971066537E-08 4941469	 127   12600.00   12700.00  3.248166269894617E-06  3.453905971066537E-08 4941469	 127   12600.00   12700.00  5.223807742670180E-06  5.538149885833513E-08 4941469	 127   12600.00   12700.00  5.223807742670180E-06  5.538149885833513E-08 4941469	 127   12600.00   12700.00  4.071233643403722E-06  4.323017596005280E-08 4941469
 128   12700.00   12800.00  3.731737573926291E-06  3.692132172583816E-08 4844904	 128   12700.00   12800.00  3.731737573926291E-06  3.692132172583816E-08 4844904	 128   12700.00   12800.00  2.972381110869127E-06  2.944307885929989E-08 4844904	 128   12700.00   12800.00  2.972381110869127E-06  2.944307885929989E-08 4844904	 128   12700.00   12800.00  4.797085010207124E-06  4.739904333436903E-08 4844904	 128   12700.00   12800.00  4.797085010207124E-06  4.739904333436903E-08 4844904	 128   12700.00   12800.00  3.731737573926291E-06  3.692132172583816E-08 4844904
 129   12800.00   12900.00  3.468646745606976E-06  3.244131419359712E-08 4748230	 129   12800.00   12900.00  3.468646745606976E-06  3.244131419359712E-08 4748230	 129   12800.00   12900.00  2.758617616514548E-06  2.581304755842626E-08 4748230	 129   12800.00   12900.00  2.758617616514548E-06  2.581304755842626E-08 4748230	 129   12800.00   12900.00  4.466552795943691E-06  4.175237041303979E-08 4748230	 129   12800.00   12900.00  4.466552795943691E-06  4.175237041303979E-08 4748230	 129   12800.00   12900.00  3.468646745606976E-06  3.244131419359712E-08 4748230
 130   12900.00   13000.00  3.205614352026341E-06  3.241669469304176E-08 4657472	 130   12900.00   13000.00  3.205614352026341E-06  3.241669469304176E-08 4657472	 130   12900.00   13000.00  2.545877177342168E-06  2.575621396047114E-08 4657472	 130   12900.00   13000.00  2.545877177342168E-06  2.575621396047114E-08 4657472	 130   12900.00   13000.00  4.134302543170664E-06  4.178784066788147E-08 4657472	 130   12900.00   13000.00  4.134302543170664E-06  4.178784066788147E-08 4657472	 130   12900.00   13000.00  3.205614352026341E-06  3.241669469304176E-08 4657472
# Underflow:                 0.0000000000000000E+00  0.0000000000000000E+00 0
# Overflow:                  6.5862630844778404E-07  1.8594846548411131E-09 16611444
#-------------------------------------------------------------------------------------	#-------------------------------------------------------------------------------------	#-------------------------------------------------------------------------------------	#-------------------------------------------------------------------------------------	#-------------------------------------------------------------------------------------	#-------------------------------------------------------------------------------------	#-------------------------------------------------------------------------------------
# Sum:                       1.8746602438630375E-01  3.7049942047640190E-05 319479000
#=====================================================================================	#=====================================================================================	#=====================================================================================	#=====================================================================================	#=====================================================================================	#=====================================================================================	#=====================================================================================
