# title = Rapidity Jet pair
# xlabel = $y_{\text{j}_1 \text{j}_2}$
# ylabel = $\frac{\text{d}\sigma}{\text{d}y_{\text{j}_1 \text{j}_2}}\,[\text{fb}]$
# xmin= -4.500E+00
# xmax=  4.500E+00
# ymin=  1.000E-04
# ymax=  1.000E+00
# kmin= -2.000E+01
# kmax=  1.000E+01
# logscale = false
# Renormalization and factorization scale scaled by: 1.0000000000
# Renormalization scaled by: 1.0000000000
# Number of generated events: 4442000575
#	#	#	#	#	#	#
#=====================================================================================	#=====================================================================================	#=====================================================================================	#=====================================================================================	#=====================================================================================	#=====================================================================================	#=====================================================================================
# No.       Left      Right                   Value                   Error Hits
#-------------------------------------------------------------------------------------	#-------------------------------------------------------------------------------------	#-------------------------------------------------------------------------------------	#-------------------------------------------------------------------------------------	#-------------------------------------------------------------------------------------	#-------------------------------------------------------------------------------------	#-------------------------------------------------------------------------------------
   1      -4.50      -4.25  0.000000000000000E+00  0.000000000000000E+00 0	   1      -4.50      -4.25  0.000000000000000E+00  0.000000000000000E+00 0	   1      -4.50      -4.25  0.000000000000000E+00  0.000000000000000E+00 0	   1      -4.50      -4.25  0.000000000000000E+00  0.000000000000000E+00 0	   1      -4.50      -4.25  0.000000000000000E+00  0.000000000000000E+00 0	   1      -4.50      -4.25  0.000000000000000E+00  0.000000000000000E+00 0	   1      -4.50      -4.25  0.000000000000000E+00  0.000000000000000E+00 0
   2      -4.25      -4.00  0.000000000000000E+00  0.000000000000000E+00 0	   2      -4.25      -4.00  0.000000000000000E+00  0.000000000000000E+00 0	   2      -4.25      -4.00  0.000000000000000E+00  0.000000000000000E+00 0	   2      -4.25      -4.00  0.000000000000000E+00  0.000000000000000E+00 0	   2      -4.25      -4.00  0.000000000000000E+00  0.000000000000000E+00 0	   2      -4.25      -4.00  0.000000000000000E+00  0.000000000000000E+00 0	   2      -4.25      -4.00  0.000000000000000E+00  0.000000000000000E+00 0
   3      -4.00      -3.75  0.000000000000000E+00  0.000000000000000E+00 0	   3      -4.00      -3.75  0.000000000000000E+00  0.000000000000000E+00 0	   3      -4.00      -3.75  0.000000000000000E+00  0.000000000000000E+00 0	   3      -4.00      -3.75  0.000000000000000E+00  0.000000000000000E+00 0	   3      -4.00      -3.75  0.000000000000000E+00  0.000000000000000E+00 0	   3      -4.00      -3.75  0.000000000000000E+00  0.000000000000000E+00 0	   3      -4.00      -3.75  0.000000000000000E+00  0.000000000000000E+00 0
   4      -3.75      -3.50  5.077632098203504E-10  1.610741735565449E-10 284	   4      -3.75      -3.50  5.077632098203504E-10  1.610741735565449E-10 284	   4      -3.75      -3.50  4.259636239115366E-10  1.372827412267040E-10 284	   4      -3.75      -3.50  4.259636239115366E-10  1.372827412267040E-10 284	   4      -3.75      -3.50  6.119728061888341E-10  1.909810345969289E-10 284	   4      -3.75      -3.50  6.119728061888341E-10  1.909810345969289E-10 284	   4      -3.75      -3.50  5.077632098203504E-10  1.610741735565449E-10 284
   5      -3.50      -3.25  3.962345803502812E-06  1.011432773703145E-07 69627	   5      -3.50      -3.25  3.962345803502812E-06  1.011432773703145E-07 69627	   5      -3.50      -3.25  3.594108786011444E-06  9.270976613561904E-08 69627	   5      -3.50      -3.25  3.594108786011444E-06  9.270976613561904E-08 69627	   5      -3.50      -3.25  4.377482775836546E-06  1.105772880670469E-07 69627	   5      -3.50      -3.25  4.377482775836546E-06  1.105772880670469E-07 69627	   5      -3.50      -3.25  3.962345803502812E-06  1.011432773703145E-07 69627
   6      -3.25      -3.00  1.861051202269765E-04  1.342882543463632E-06 827996	   6      -3.25      -3.00  1.861051202269765E-04  1.342882543463632E-06 827996	   6      -3.25      -3.00  1.744275099463546E-04  1.267798835510380E-06 827996	   6      -3.25      -3.00  1.744275099463546E-04  1.267798835510380E-06 827996	   6      -3.25      -3.00  1.982065735451527E-04  1.420297862252974E-06 827996	   6      -3.25      -3.00  1.982065735451527E-04  1.420297862252974E-06 827996	   6      -3.25      -3.00  1.861051202269765E-04  1.342882543463632E-06 827996
   7      -3.00      -2.75  2.169032452290966E-03  6.244757403699806E-06 4040739	   7      -3.00      -2.75  2.169032452290966E-03  6.244757403699806E-06 4040739	   7      -3.00      -2.75  2.071511464483295E-03  5.989819422882193E-06 4040739	   7      -3.00      -2.75  2.071511464483295E-03  5.989819422882193E-06 4040739	   7      -3.00      -2.75  2.262331226072849E-03  6.491009242887795E-06 4040739	   7      -3.00      -2.75  2.262331226072849E-03  6.491009242887795E-06 4040739	   7      -3.00      -2.75  2.169032452290966E-03  6.244757403699806E-06 4040739
   8      -2.75      -2.50  1.230295932576587E-02  1.811530185032337E-05 13053500	   8      -2.75      -2.50  1.230295932576587E-02  1.811530185032337E-05 13053500	   8      -2.75      -2.50  1.187993019432798E-02  1.750254302694236E-05 13053500	   8      -2.75      -2.50  1.187993019432798E-02  1.750254302694236E-05 13053500	   8      -2.75      -2.50  1.267818379327127E-02  1.868863326857327E-05 13053500	   8      -2.75      -2.50  1.267818379327127E-02  1.868863326857327E-05 13053500	   8      -2.75      -2.50  1.230295932576587E-02  1.811530185032337E-05 13053500
   9      -2.50      -2.25  4.329818184529322E-02  3.893779822224469E-05 30092994	   9      -2.50      -2.25  4.329818184529322E-02  3.893779822224469E-05 30092994	   9      -2.50      -2.25  4.205853749535505E-02  3.773908973179935E-05 30092994	   9      -2.50      -2.25  4.205853749535505E-02  3.773908973179935E-05 30092994	   9      -2.50      -2.25  4.433903602690607E-02  4.005594425324810E-05 30092994	   9      -2.50      -2.25  4.433903602690607E-02  4.005594425324810E-05 30092994	   9      -2.50      -2.25  4.329818184529322E-02  3.893779822224469E-05 30092994
  10      -2.25      -2.00  1.110432788627442E-01  7.092262601279794E-05 54714756	  10      -2.25      -2.00  1.110432788627442E-01  7.092262601279794E-05 54714756	  10      -2.25      -2.00  1.081064735378469E-01  6.867595182206005E-05 54714756	  10      -2.25      -2.00  1.081064735378469E-01  6.867595182206005E-05 54714756	  10      -2.25      -2.00  1.134819419643390E-01  7.309342887938932E-05 54714756	  10      -2.25      -2.00  1.134819419643390E-01  7.309342887938932E-05 54714756	  10      -2.25      -2.00  1.110432788627442E-01  7.092262601279794E-05 54714756
  11      -2.00      -1.75  2.304680576256189E-01  1.162339221127815E-04 85996997	  11      -2.00      -1.75  2.304680576256189E-01  1.162339221127815E-04 85996997	  11      -2.00      -1.75  2.242839638854561E-01  1.121130294406535E-04 85996997	  11      -2.00      -1.75  2.242839638854561E-01  1.121130294406535E-04 85996997	  11      -2.00      -1.75  2.357701703868249E-01  1.204265355183896E-04 85996997	  11      -2.00      -1.75  2.357701703868249E-01  1.204265355183896E-04 85996997	  11      -2.00      -1.75  2.304680576256189E-01  1.162339221127815E-04 85996997
  12      -1.75      -1.50  4.129603664707465E-01  1.782062676471058E-04 122904181	  12      -1.75      -1.50  4.129603664707465E-01  1.782062676471058E-04 122904181	  12      -1.75      -1.50  4.009148986550587E-01  1.708368983615386E-04 122904181	  12      -1.75      -1.50  4.009148986550587E-01  1.708368983615386E-04 122904181	  12      -1.75      -1.50  4.238801471692044E-01  1.860772711934748E-04 122904181	  12      -1.75      -1.50  4.238801471692044E-01  1.860772711934748E-04 122904181	  12      -1.75      -1.50  4.129603664707465E-01  1.782062676471058E-04 122904181
  13      -1.50      -1.25  6.641466890947445E-01  2.623242129851408E-04 164362286	  13      -1.50      -1.25  6.641466890947445E-01  2.623242129851408E-04 164362286	  13      -1.50      -1.25  6.422717908888589E-01  2.495190517722624E-04 164362286	  13      -1.50      -1.25  6.422717908888589E-01  2.495190517722624E-04 164362286	  13      -1.50      -1.25  6.851927445926804E-01  2.765769468229851E-04 164362286	  13      -1.50      -1.25  6.851927445926804E-01  2.765769468229851E-04 164362286	  13      -1.50      -1.25  6.641466890947445E-01  2.623242129851408E-04 164362286
  14      -1.25      -1.00  9.855091908880518E-01  3.760031392895187E-04 209126849	  14      -1.25      -1.00  9.855091908880518E-01  3.760031392895187E-04 209126849	  14      -1.25      -1.00  9.482465922176995E-01  3.546546161500947E-04 209126849	  14      -1.25      -1.00  9.482465922176995E-01  3.546546161500947E-04 209126849	  14      -1.25      -1.00  1.023325767104668E+00  4.004902387069778E-04 209126849	  14      -1.25      -1.00  1.023325767104668E+00  4.004902387069778E-04 209126849	  14      -1.25      -1.00  9.855091908880518E-01  3.760031392895187E-04 209126849
  15      -1.00      -0.75  1.367054402238975E+00  5.250482253341034E-04 254912606	  15      -1.00      -0.75  1.367054402238975E+00  5.250482253341034E-04 254912606	  15      -1.00      -0.75  1.307702567629536E+00  4.907538241472175E-04 254912606	  15      -1.00      -0.75  1.307702567629536E+00  4.907538241472175E-04 254912606	  15      -1.00      -0.75  1.430001503093902E+00  5.653523537127363E-04 254912606	  15      -1.00      -0.75  1.430001503093902E+00  5.653523537127363E-04 254912606	  15      -1.00      -0.75  1.367054402238975E+00  5.250482253341034E-04 254912606
  16      -0.75      -0.50  1.788090855079113E+00  6.989014804000616E-04 299186914	  16      -0.75      -0.50  1.788090855079113E+00  6.989014804000616E-04 299186914	  16      -0.75      -0.50  1.700288737126426E+00  6.486752205948264E-04 299186914	  16      -0.75      -0.50  1.700288737126426E+00  6.486752205948264E-04 299186914	  16      -0.75      -0.50  1.884392776643733E+00  7.588173195042646E-04 299186914	  16      -0.75      -0.50  1.884392776643733E+00  7.588173195042646E-04 299186914	  16      -0.75      -0.50  1.788090855079113E+00  6.989014804000616E-04 299186914
  17      -0.50      -0.25  2.182120455186270E+00  8.763116228546714E-04 338854441	  17      -0.50      -0.25  2.182120455186270E+00  8.763116228546714E-04 338854441	  17      -0.50      -0.25  2.064103661284845E+00  8.082515902204386E-04 338854441	  17      -0.50      -0.25  2.064103661284845E+00  8.082515902204386E-04 338854441	  17      -0.50      -0.25  2.314640313841339E+00  9.584837493310859E-04 338854441	  17      -0.50      -0.25  2.314640313841339E+00  9.584837493310859E-04 338854441	  17      -0.50      -0.25  2.182120455186270E+00  8.763116228546714E-04 338854441
  18      -0.25       0.00  2.431903605004397E+00  9.887956193779508E-04 367847960	  18      -0.25       0.00  2.431903605004397E+00  9.887956193779508E-04 367847960	  18      -0.25       0.00  2.293115679081403E+00  9.092225848134951E-04 367847960	  18      -0.25       0.00  2.293115679081403E+00  9.092225848134951E-04 367847960	  18      -0.25       0.00  2.589679390895385E+00  1.085358128342550E-03 367847960	  18      -0.25       0.00  2.589679390895385E+00  1.085358128342550E-03 367847960	  18      -0.25       0.00  2.431903605004397E+00  9.887956193779508E-04 367847960
  19       0.00       0.25  2.433554326291300E+00  9.883378263782472E-04 369940031	  19       0.00       0.25  2.433554326291300E+00  9.883378263782472E-04 369940031	  19       0.00       0.25  2.294623640997881E+00  9.089532900684982E-04 369940031	  19       0.00       0.25  2.294623640997881E+00  9.089532900684982E-04 369940031	  19       0.00       0.25  2.591505324933760E+00  1.084636580150877E-03 369940031	  19       0.00       0.25  2.591505324933760E+00  1.084636580150877E-03 369940031	  19       0.00       0.25  2.433554326291300E+00  9.883378263782472E-04 369940031
  20       0.25       0.50  2.181532291048086E+00  8.752338871359005E-04 343634343	  20       0.25       0.50  2.181532291048086E+00  8.752338871359005E-04 343634343	  20       0.25       0.50  2.063585597873468E+00  8.072877666066671E-04 343634343	  20       0.25       0.50  2.063585597873468E+00  8.072877666066671E-04 343634343	  20       0.25       0.50  2.313966377719791E+00  9.572651134015283E-04 343634343	  20       0.25       0.50  2.313966377719791E+00  9.572651134015283E-04 343634343	  20       0.25       0.50  2.181532291048086E+00  8.752338871359005E-04 343634343
  21       0.50       0.75  1.787550277166345E+00  7.035432807934314E-04 305576796	  21       0.50       0.75  1.787550277166345E+00  7.035432807934314E-04 305576796	  21       0.50       0.75  1.699664200371037E+00  6.517837922478926E-04 305576796	  21       0.50       0.75  1.699664200371037E+00  6.517837922478926E-04 305576796	  21       0.50       0.75  1.883969313306786E+00  7.657145386523248E-04 305576796	  21       0.50       0.75  1.883969313306786E+00  7.657145386523248E-04 305576796	  21       0.50       0.75  1.787550277166345E+00  7.035432807934314E-04 305576796
  22       0.75       1.00  1.366405220382925E+00  5.198311581336528E-04 262120197	  22       0.75       1.00  1.366405220382925E+00  5.198311581336528E-04 262120197	  22       0.75       1.00  1.307105779109114E+00  4.858216793646962E-04 262120197	  22       0.75       1.00  1.307105779109114E+00  4.858216793646962E-04 262120197	  22       0.75       1.00  1.429289638870318E+00  5.598744087840526E-04 262120197	  22       0.75       1.00  1.429289638870318E+00  5.598744087840526E-04 262120197	  22       0.75       1.00  1.366405220382925E+00  5.198311581336528E-04 262120197
  23       1.00       1.25  9.856315549087704E-01  3.701317811413469E-04 216295045	  23       1.00       1.25  9.856315549087704E-01  3.701317811413469E-04 216295045	  23       1.00       1.25  9.483245784684946E-01  3.489903009120699E-04 216295045	  23       1.00       1.25  9.483245784684946E-01  3.489903009120699E-04 216295045	  23       1.00       1.25  1.023508003601957E+00  3.944577971194845E-04 216295045	  23       1.00       1.25  1.023508003601957E+00  3.944577971194845E-04 216295045	  23       1.00       1.25  9.856315549087704E-01  3.701317811413469E-04 216295045
  24       1.25       1.50  6.641758863791777E-01  2.553134786796317E-04 170955087	  24       1.25       1.50  6.641758863791777E-01  2.553134786796317E-04 170955087	  24       1.25       1.50  6.422915342599103E-01  2.428005347543910E-04 170955087	  24       1.25       1.50  6.422915342599103E-01  2.428005347543910E-04 170955087	  24       1.25       1.50  6.852331387578303E-01  2.693034323699110E-04 170955087	  24       1.25       1.50  6.852331387578303E-01  2.693034323699110E-04 170955087	  24       1.25       1.50  6.641758863791777E-01  2.553134786796317E-04 170955087
  25       1.50       1.75  4.131852286283257E-01  1.758244007405209E-04 128572384	  25       1.50       1.75  4.131852286283257E-01  1.758244007405209E-04 128572384	  25       1.50       1.75  4.011238341249430E-01  1.684232445681737E-04 128572384	  25       1.50       1.75  4.011238341249430E-01  1.684232445681737E-04 128572384	  25       1.50       1.75  4.241236494234590E-01  1.837717737551244E-04 128572384	  25       1.50       1.75  4.241236494234590E-01  1.837717737551244E-04 128572384	  25       1.50       1.75  4.131852286283257E-01  1.758244007405209E-04 128572384
  26       1.75       2.00  2.303428354068426E-01  1.094331265499009E-04 90658697	  26       1.75       2.00  2.303428354068426E-01  1.094331265499009E-04 90658697	  26       1.75       2.00  2.241627245980401E-01  1.056436839905684E-04 90658697	  26       1.75       2.00  2.241627245980401E-01  1.056436839905684E-04 90658697	  26       1.75       2.00  2.356407558886694E-01  1.132659815414861E-04 90658697	  26       1.75       2.00  2.356407558886694E-01  1.132659815414861E-04 90658697	  26       1.75       2.00  2.303428354068426E-01  1.094331265499009E-04 90658697
  27       2.00       2.25  1.109380853272053E-01  6.571800540660496E-05 58257757	  27       2.00       2.25  1.109380853272053E-01  6.571800540660496E-05 58257757	  27       2.00       2.25  1.080024429214246E-01  6.366711236458029E-05 58257757	  27       2.00       2.25  1.080024429214246E-01  6.366711236458029E-05 58257757	  27       2.00       2.25  1.133762841077511E-01  6.769627129813384E-05 58257757	  27       2.00       2.25  1.133762841077511E-01  6.769627129813384E-05 58257757	  27       2.00       2.25  1.109380853272053E-01  6.571800540660496E-05 58257757
  28       2.25       2.50  4.325188574582586E-02  3.549062188125156E-05 32532361	  28       2.25       2.50  4.325188574582586E-02  3.549062188125156E-05 32532361	  28       2.25       2.50  4.201467851237013E-02  3.442434479540929E-05 32532361	  28       2.25       2.50  4.201467851237013E-02  3.442434479540929E-05 32532361	  28       2.25       2.50  4.429019003526835E-02  3.647761054904547E-05 32532361	  28       2.25       2.50  4.429019003526835E-02  3.647761054904547E-05 32532361	  28       2.25       2.50  4.325188574582586E-02  3.549062188125156E-05 32532361
  29       2.50       2.75  1.228593754224921E-02  1.633298865833631E-05 14457464	  29       2.50       2.75  1.228593754224921E-02  1.633298865833631E-05 14457464	  29       2.50       2.75  1.186432870769313E-02  1.579764324192582E-05 14457464	  29       2.50       2.75  1.186432870769313E-02  1.579764324192582E-05 14457464	  29       2.50       2.75  1.265955482940796E-02  1.682772871701279E-05 14457464	  29       2.50       2.75  1.265955482940796E-02  1.682772871701279E-05 14457464	  29       2.50       2.75  1.228593754224921E-02  1.633298865833631E-05 14457464
  30       2.75       3.00  2.177529010572354E-03  5.612443791308057E-06 4665954	  30       2.75       3.00  2.177529010572354E-03  5.612443791308057E-06 4665954	  30       2.75       3.00  2.079495401075495E-03  5.382143397728902E-06 4665954	  30       2.75       3.00  2.079495401075495E-03  5.382143397728902E-06 4665954	  30       2.75       3.00  2.271384278564287E-03  5.835227362674389E-06 4665954	  30       2.75       3.00  2.271384278564287E-03  5.835227362674389E-06 4665954	  30       2.75       3.00  2.177529010572354E-03  5.612443791308057E-06 4665954
  31       3.00       3.25  1.842214703750667E-04  1.152603435121799E-06 1002864	  31       3.00       3.25  1.842214703750667E-04  1.152603435121799E-06 1002864	  31       3.00       3.25  1.726876678528627E-04  1.090107899961789E-06 1002864	  31       3.00       3.25  1.726876678528627E-04  1.090107899961789E-06 1002864	  31       3.00       3.25  1.961656617443759E-04  1.216396733633828E-06 1002864	  31       3.00       3.25  1.961656617443759E-04  1.216396733633828E-06 1002864	  31       3.00       3.25  1.842214703750667E-04  1.152603435121799E-06 1002864
  32       3.25       3.50  3.913480012806379E-06  9.190379546304266E-08 86558	  32       3.25       3.50  3.913480012806379E-06  9.190379546304266E-08 86558	  32       3.25       3.50  3.555769597910250E-06  8.458012253736258E-08 86558	  32       3.25       3.50  3.555769597910250E-06  8.458012253736258E-08 86558	  32       3.25       3.50  4.314790494554529E-06  9.997820328021357E-08 86558	  32       3.25       3.50  4.314790494554529E-06  9.997820328021357E-08 86558	  32       3.25       3.50  3.913480012806379E-06  9.190379546304266E-08 86558
  33       3.50       3.75  3.273873675400179E-10  1.422076599583216E-10 332	  33       3.50       3.75  3.273873675400179E-10  1.422076599583216E-10 332	  33       3.50       3.75  2.708440656849308E-10  1.199498036609010E-10 332	  33       3.50       3.75  2.708440656849308E-10  1.199498036609010E-10 332	  33       3.50       3.75  4.010708802741519E-10  1.705019109642027E-10 332	  33       3.50       3.75  4.010708802741519E-10  1.705019109642027E-10 332	  33       3.50       3.75  3.273873675400179E-10  1.422076599583216E-10 332
  34       3.75       4.00  0.000000000000000E+00  0.000000000000000E+00 0	  34       3.75       4.00  0.000000000000000E+00  0.000000000000000E+00 0	  34       3.75       4.00  0.000000000000000E+00  0.000000000000000E+00 0	  34       3.75       4.00  0.000000000000000E+00  0.000000000000000E+00 0	  34       3.75       4.00  0.000000000000000E+00  0.000000000000000E+00 0	  34       3.75       4.00  0.000000000000000E+00  0.000000000000000E+00 0	  34       3.75       4.00  0.000000000000000E+00  0.000000000000000E+00 0
  35       4.00       4.25  0.000000000000000E+00  0.000000000000000E+00 0	  35       4.00       4.25  0.000000000000000E+00  0.000000000000000E+00 0	  35       4.00       4.25  0.000000000000000E+00  0.000000000000000E+00 0	  35       4.00       4.25  0.000000000000000E+00  0.000000000000000E+00 0	  35       4.00       4.25  0.000000000000000E+00  0.000000000000000E+00 0	  35       4.00       4.25  0.000000000000000E+00  0.000000000000000E+00 0	  35       4.00       4.25  0.000000000000000E+00  0.000000000000000E+00 0
  36       4.25       4.50  0.000000000000000E+00  0.000000000000000E+00 0	  36       4.25       4.50  0.000000000000000E+00  0.000000000000000E+00 0	  36       4.25       4.50  0.000000000000000E+00  0.000000000000000E+00 0	  36       4.25       4.50  0.000000000000000E+00  0.000000000000000E+00 0	  36       4.25       4.50  0.000000000000000E+00  0.000000000000000E+00 0	  36       4.25       4.50  0.000000000000000E+00  0.000000000000000E+00 0	  36       4.25       4.50  0.000000000000000E+00  0.000000000000000E+00 0
# Underflow:                 0.0000000000000000E+00  0.0000000000000000E+00 0
# Overflow:                  0.0000000000000000E+00  0.0000000000000000E+00 0
#-------------------------------------------------------------------------------------	#-------------------------------------------------------------------------------------	#-------------------------------------------------------------------------------------	#-------------------------------------------------------------------------------------	#-------------------------------------------------------------------------------------	#-------------------------------------------------------------------------------------	#-------------------------------------------------------------------------------------
# Sum:                       1.8746602438628227E-01  3.7043444938654745E-05 319479000
#=====================================================================================	#=====================================================================================	#=====================================================================================	#=====================================================================================	#=====================================================================================	#=====================================================================================	#=====================================================================================
