# title = Azimuthal Angle between Positron and anti-Muon
# xlabel = $\phi_{\text{e}^+\mu^+}\,$[$^{\circ}$]
# ylabel = $\frac{\text{d}\sigma}{\text{d}\phi_{\text{e}^+\mu^+}}\,\left[\frac{\text{fb}}{\text{$^{\circ}$}}\right]$
# xmin=  0.000E+00
# xmax=  3.142E+00
# ymin=  3.000E-01
# ymax=  7.000E-01
# kmin= -2.000E+01
# kmax=  1.000E+01
# logscale = false
# Renormalization and factorization scale scaled by: 1.0000000000
# Renormalization scaled by: 1.0000000000
# Number of generated events: 5882364
#	#	#	#	#	#	#
#=====================================================================================	#=====================================================================================	#=====================================================================================	#=====================================================================================	#=====================================================================================	#=====================================================================================	#=====================================================================================
# No.       Left      Right                   Value                   Error Hits
#-------------------------------------------------------------------------------------	#-------------------------------------------------------------------------------------	#-------------------------------------------------------------------------------------	#-------------------------------------------------------------------------------------	#-------------------------------------------------------------------------------------	#-------------------------------------------------------------------------------------	#-------------------------------------------------------------------------------------
   1       0.00       0.16  1.455399131633090E-02  7.873698299878690E-04 4598999	   1       0.00       0.16  1.455399131633090E-02  7.873698299878690E-04 4598999	   1       0.00       0.16  1.388062581570149E-02  7.291200420202750E-04 4598999	   1       0.00       0.16  1.388062581570149E-02  7.291200420202750E-04 4598999	   1       0.00       0.16  1.529366014435129E-02  8.558630105721722E-04 4598999	   1       0.00       0.16  1.529366014435129E-02  8.558630105721722E-04 4598999	   1       0.00       0.16  1.455399131633090E-02  7.873698299878690E-04 4598999
   2       0.16       0.31  1.442889615711640E-02  8.868733866151053E-04 4704745	   2       0.16       0.31  1.442889615711640E-02  8.868733866151053E-04 4704745	   2       0.16       0.31  1.379218540653828E-02  7.940945976119745E-04 4704745	   2       0.16       0.31  1.379218540653828E-02  7.940945976119745E-04 4704745	   2       0.16       0.31  1.511603632655978E-02  1.002557246178814E-03 4704745	   2       0.16       0.31  1.511603632655978E-02  1.002557246178814E-03 4704745	   2       0.16       0.31  1.442889615711640E-02  8.868733866151053E-04 4704745
   3       0.31       0.47  1.299295331366716E-02  1.357617328876092E-03 4724876	   3       0.31       0.47  1.299295331366716E-02  1.357617328876092E-03 4724876	   3       0.31       0.47  1.250160196365800E-02  1.218287098507339E-03 4724876	   3       0.31       0.47  1.250160196365800E-02  1.218287098507339E-03 4724876	   3       0.31       0.47  1.350684571264477E-02  1.528328577510361E-03 4724876	   3       0.31       0.47  1.350684571264477E-02  1.528328577510361E-03 4724876	   3       0.31       0.47  1.299295331366716E-02  1.357617328876092E-03 4724876
   4       0.47       0.63  1.544393529313383E-02  8.609665762390566E-04 4736558	   4       0.47       0.63  1.544393529313383E-02  8.609665762390566E-04 4736558	   4       0.47       0.63  1.474030525176952E-02  7.900138217561374E-04 4736558	   4       0.47       0.63  1.474030525176952E-02  7.900138217561374E-04 4736558	   4       0.47       0.63  1.621276750567737E-02  9.440848491262585E-04 4736558	   4       0.47       0.63  1.621276750567737E-02  9.440848491262585E-04 4736558	   4       0.47       0.63  1.544393529313383E-02  8.609665762390566E-04 4736558
   5       0.63       0.79  1.432448346490176E-02  8.213777420335454E-04 4748176	   5       0.63       0.79  1.432448346490176E-02  8.213777420335454E-04 4748176	   5       0.63       0.79  1.368305872616057E-02  7.634259111403781E-04 4748176	   5       0.63       0.79  1.368305872616057E-02  7.634259111403781E-04 4748176	   5       0.63       0.79  1.501949036030686E-02  8.891403603445777E-04 4748176	   5       0.63       0.79  1.501949036030686E-02  8.891403603445777E-04 4748176	   5       0.63       0.79  1.432448346490176E-02  8.213777420335454E-04 4748176
   6       0.79       0.94  1.527642040867849E-02  6.408044765839075E-04 4749961	   6       0.79       0.94  1.527642040867849E-02  6.408044765839075E-04 4749961	   6       0.79       0.94  1.454700265613419E-02  5.845555947593495E-04 4749961	   6       0.79       0.94  1.454700265613419E-02  5.845555947593495E-04 4749961	   6       0.79       0.94  1.608552049642632E-02  7.097606252050060E-04 4749961	   6       0.79       0.94  1.608552049642632E-02  7.097606252050060E-04 4749961	   6       0.79       0.94  1.527642040867849E-02  6.408044765839075E-04 4749961
   7       0.94       1.10  1.216258987600709E-02  4.088274379739684E-03 4753720	   7       0.94       1.10  1.216258987600709E-02  4.088274379739684E-03 4753720	   7       0.94       1.10  1.186801551717015E-02  3.663002125537550E-03 4753720	   7       0.94       1.10  1.186801551717015E-02  3.663002125537550E-03 4753720	   7       0.94       1.10  1.241966268118419E-02  4.605247457282736E-03 4753720	   7       0.94       1.10  1.241966268118419E-02  4.605247457282736E-03 4753720	   7       0.94       1.10  1.216258987600709E-02  4.088274379739684E-03 4753720
   8       1.10       1.26  1.590713397864230E-02  2.135369521340555E-03 4756968	   8       1.10       1.26  1.590713397864230E-02  2.135369521340555E-03 4756968	   8       1.10       1.26  1.506265166907834E-02  1.910120425313925E-03 4756968	   8       1.10       1.26  1.506265166907834E-02  1.910120425313925E-03 4756968	   8       1.10       1.26  1.685613147865273E-02  2.410690628495644E-03 4756968	   8       1.10       1.26  1.685613147865273E-02  2.410690628495644E-03 4756968	   8       1.10       1.26  1.590713397864230E-02  2.135369521340555E-03 4756968
   9       1.26       1.41  1.392702646688327E-02  8.729542227108505E-04 4758320	   9       1.26       1.41  1.392702646688327E-02  8.729542227108505E-04 4758320	   9       1.26       1.41  1.339664605561981E-02  7.757860428449065E-04 4758320	   9       1.26       1.41  1.339664605561981E-02  7.757860428449065E-04 4758320	   9       1.26       1.41  1.447447529412245E-02  9.973899525675331E-04 4758320	   9       1.26       1.41  1.447447529412245E-02  9.973899525675331E-04 4758320	   9       1.26       1.41  1.392702646688327E-02  8.729542227108505E-04 4758320
  10       1.41       1.57  1.305404596172810E-02  9.801756163825832E-04 4759329	  10       1.41       1.57  1.305404596172810E-02  9.801756163825832E-04 4759329	  10       1.41       1.57  1.247956976853243E-02  9.107190789908402E-04 4759329	  10       1.41       1.57  1.247956976853243E-02  9.107190789908402E-04 4759329	  10       1.41       1.57  1.367863331291829E-02  1.063545874907549E-03 4759329	  10       1.41       1.57  1.367863331291829E-02  1.063545874907549E-03 4759329	  10       1.41       1.57  1.305404596172810E-02  9.801756163825832E-04 4759329
  11       1.57       1.73  1.483335106509987E-02  8.974715474979393E-04 4760913	  11       1.57       1.73  1.483335106509987E-02  8.974715474979393E-04 4760913	  11       1.57       1.73  1.418368174839611E-02  8.238271791082663E-04 4760913	  11       1.57       1.73  1.418368174839611E-02  8.238271791082663E-04 4760913	  11       1.57       1.73  1.552686260412186E-02  9.896569019193589E-04 4760913	  11       1.57       1.73  1.552686260412186E-02  9.896569019193589E-04 4760913	  11       1.57       1.73  1.483335106509987E-02  8.974715474979393E-04 4760913
  12       1.73       1.89  1.214568125628671E-02  1.311794721460299E-03 4760511	  12       1.73       1.89  1.214568125628671E-02  1.311794721460299E-03 4760511	  12       1.73       1.89  1.165326221388867E-02  1.212859023988684E-03 4760511	  12       1.73       1.89  1.165326221388867E-02  1.212859023988684E-03 4760511	  12       1.73       1.89  1.267018606970257E-02  1.431416747810894E-03 4760511	  12       1.73       1.89  1.267018606970257E-02  1.431416747810894E-03 4760511	  12       1.73       1.89  1.214568125628671E-02  1.311794721460299E-03 4760511
  13       1.89       2.04  1.518236289703102E-02  9.547310800069975E-04 4769250	  13       1.89       2.04  1.518236289703102E-02  9.547310800069975E-04 4769250	  13       1.89       2.04  1.447064724494357E-02  8.606970557816497E-04 4769250	  13       1.89       2.04  1.447064724494357E-02  8.606970557816497E-04 4769250	  13       1.89       2.04  1.596139447720268E-02  1.069644577798584E-03 4769250	  13       1.89       2.04  1.596139447720268E-02  1.069644577798584E-03 4769250	  13       1.89       2.04  1.518236289703102E-02  9.547310800069975E-04 4769250
  14       2.04       2.20  1.571403214290839E-02  7.788566342062584E-04 4767755	  14       2.04       2.20  1.571403214290839E-02  7.788566342062584E-04 4767755	  14       2.04       2.20  1.495779485386739E-02  7.199710222430193E-04 4767755	  14       2.04       2.20  1.495779485386739E-02  7.199710222430193E-04 4767755	  14       2.04       2.20  1.654581887564736E-02  8.483749391380108E-04 4767755	  14       2.04       2.20  1.654581887564736E-02  8.483749391380108E-04 4767755	  14       2.04       2.20  1.571403214290839E-02  7.788566342062584E-04 4767755
  15       2.20       2.36  1.249816446048196E-02  1.855850245766572E-03 4769068	  15       2.20       2.36  1.249816446048196E-02  1.855850245766572E-03 4769068	  15       2.20       2.36  1.210403058847270E-02  1.687728687493193E-03 4769068	  15       2.20       2.36  1.210403058847270E-02  1.687728687493193E-03 4769068	  15       2.20       2.36  1.288586483118344E-02  2.058886716155667E-03 4769068	  15       2.20       2.36  1.288586483118344E-02  2.058886716155667E-03 4769068	  15       2.20       2.36  1.249816446048196E-02  1.855850245766572E-03 4769068
  16       2.36       2.51  1.389958720943881E-02  1.008922141445868E-03 4767557	  16       2.36       2.51  1.389958720943881E-02  1.008922141445868E-03 4767557	  16       2.36       2.51  1.326079226921260E-02  9.377330979289121E-04 4767557	  16       2.36       2.51  1.326079226921260E-02  9.377330979289121E-04 4767557	  16       2.36       2.51  1.459933455277197E-02  1.091220914538993E-03 4767557	  16       2.36       2.51  1.459933455277197E-02  1.091220914538993E-03 4767557	  16       2.36       2.51  1.389958720943881E-02  1.008922141445868E-03 4767557
  17       2.51       2.67  1.317698300789457E-02  1.263793972137046E-03 4766947	  17       2.51       2.67  1.317698300789457E-02  1.263793972137046E-03 4766947	  17       2.51       2.67  1.267914305657177E-02  1.144745995700912E-03 4766947	  17       2.51       2.67  1.267914305657177E-02  1.144745995700912E-03 4766947	  17       2.51       2.67  1.369347601632316E-02  1.408982704233652E-03 4766947	  17       2.51       2.67  1.369347601632316E-02  1.408982704233652E-03 4766947	  17       2.51       2.67  1.317698300789457E-02  1.263793972137046E-03 4766947
  18       2.67       2.83  1.512738227327656E-02  1.689197959549957E-03 4770751	  18       2.67       2.83  1.512738227327656E-02  1.689197959549957E-03 4770751	  18       2.67       2.83  1.434903544945463E-02  1.504126355720873E-03 4770751	  18       2.67       2.83  1.434903544945463E-02  1.504126355720873E-03 4770751	  18       2.67       2.83  1.600051039602878E-02  1.919257902375088E-03 4770751	  18       2.67       2.83  1.600051039602878E-02  1.919257902375088E-03 4770751	  18       2.67       2.83  1.512738227327656E-02  1.689197959549957E-03 4770751
  19       2.83       2.98  1.185669982621608E-02  2.075372796580510E-03 4772891	  19       2.83       2.98  1.185669982621608E-02  2.075372796580510E-03 4772891	  19       2.83       2.98  1.150537846806408E-02  1.833126685139571E-03 4772891	  19       2.83       2.98  1.150537846806408E-02  1.833126685139571E-03 4772891	  19       2.83       2.98  1.219030099646703E-02  2.376775483545955E-03 4772891	  19       2.83       2.98  1.219030099646703E-02  2.376775483545955E-03 4772891	  19       2.83       2.98  1.185669982621608E-02  2.075372796580510E-03 4772891
  20       2.98       3.14  1.638639235069689E-02  6.107737721245342E-04 4775455	  20       2.98       3.14  1.638639235069689E-02  6.107737721245342E-04 4775455	  20       2.98       3.14  1.560224938007111E-02  5.560809952000517E-04 4775455	  20       2.98       3.14  1.560224938007111E-02  5.560809952000517E-04 4775455	  20       2.98       3.14  1.724858717958060E-02  6.788599640765688E-04 4775455	  20       2.98       3.14  1.724858717958060E-02  6.788599640765688E-04 4775455	  20       2.98       3.14  1.638639235069689E-02  6.107737721245342E-04 4775455
# Underflow:                 0.0000000000000000E+00  0.0000000000000000E+00 0
# Overflow:                 -1.8063772038807502E-01  1.4597594159915400E-03 271429
#-------------------------------------------------------------------------------------	#-------------------------------------------------------------------------------------	#-------------------------------------------------------------------------------------	#-------------------------------------------------------------------------------------	#-------------------------------------------------------------------------------------	#-------------------------------------------------------------------------------------	#-------------------------------------------------------------------------------------
# Sum:                      -2.8639335082695359E-02  2.2988826070701067E-04 275000
#=====================================================================================	#=====================================================================================	#=====================================================================================	#=====================================================================================	#=====================================================================================	#=====================================================================================	#=====================================================================================
