# title = CMS Energy
# xlabel = $\sqrt{\hat{s}}\,$[GeV]
# ylabel = $\frac{\text{d}\sigma}{\text{d}\sqrt{\hat{s}}}\,\left[\frac{\text{fb}}{\text{GeV}}\right]$
# xmin=  5.000E+02
# xmax=  4.000E+03
# ymin=  1.000E-07
# ymax=  1.000E-03
# kmin= -2.000E+01
# kmax=  1.000E+01
# logscale = true
# Renormalization and factorization scale scaled by: 1.0000000000
# Renormalization scaled by: 1.0000000000
# Number of generated events: 5882364
#	#	#	#	#	#	#
#=====================================================================================	#=====================================================================================	#=====================================================================================	#=====================================================================================	#=====================================================================================	#=====================================================================================	#=====================================================================================
# No.       Left      Right                   Value                   Error Hits
#-------------------------------------------------------------------------------------	#-------------------------------------------------------------------------------------	#-------------------------------------------------------------------------------------	#-------------------------------------------------------------------------------------	#-------------------------------------------------------------------------------------	#-------------------------------------------------------------------------------------	#-------------------------------------------------------------------------------------
   1       0.00     100.00  0.000000000000000E+00  0.000000000000000E+00 0	   1       0.00     100.00  0.000000000000000E+00  0.000000000000000E+00 0	   1       0.00     100.00  0.000000000000000E+00  0.000000000000000E+00 0	   1       0.00     100.00  0.000000000000000E+00  0.000000000000000E+00 0	   1       0.00     100.00  0.000000000000000E+00  0.000000000000000E+00 0	   1       0.00     100.00  0.000000000000000E+00  0.000000000000000E+00 0	   1       0.00     100.00  0.000000000000000E+00  0.000000000000000E+00 0
   2     100.00     200.00  0.000000000000000E+00  0.000000000000000E+00 0	   2     100.00     200.00  0.000000000000000E+00  0.000000000000000E+00 0	   2     100.00     200.00  0.000000000000000E+00  0.000000000000000E+00 0	   2     100.00     200.00  0.000000000000000E+00  0.000000000000000E+00 0	   2     100.00     200.00  0.000000000000000E+00  0.000000000000000E+00 0	   2     100.00     200.00  0.000000000000000E+00  0.000000000000000E+00 0	   2     100.00     200.00  0.000000000000000E+00  0.000000000000000E+00 0
   3     200.00     300.00  0.000000000000000E+00  0.000000000000000E+00 0	   3     200.00     300.00  0.000000000000000E+00  0.000000000000000E+00 0	   3     200.00     300.00  0.000000000000000E+00  0.000000000000000E+00 0	   3     200.00     300.00  0.000000000000000E+00  0.000000000000000E+00 0	   3     200.00     300.00  0.000000000000000E+00  0.000000000000000E+00 0	   3     200.00     300.00  0.000000000000000E+00  0.000000000000000E+00 0	   3     200.00     300.00  0.000000000000000E+00  0.000000000000000E+00 0
   4     300.00     400.00  0.000000000000000E+00  0.000000000000000E+00 0	   4     300.00     400.00  0.000000000000000E+00  0.000000000000000E+00 0	   4     300.00     400.00  0.000000000000000E+00  0.000000000000000E+00 0	   4     300.00     400.00  0.000000000000000E+00  0.000000000000000E+00 0	   4     300.00     400.00  0.000000000000000E+00  0.000000000000000E+00 0	   4     300.00     400.00  0.000000000000000E+00  0.000000000000000E+00 0	   4     300.00     400.00  0.000000000000000E+00  0.000000000000000E+00 0
   5     400.00     500.00  0.000000000000000E+00  0.000000000000000E+00 0	   5     400.00     500.00  0.000000000000000E+00  0.000000000000000E+00 0	   5     400.00     500.00  0.000000000000000E+00  0.000000000000000E+00 0	   5     400.00     500.00  0.000000000000000E+00  0.000000000000000E+00 0	   5     400.00     500.00  0.000000000000000E+00  0.000000000000000E+00 0	   5     400.00     500.00  0.000000000000000E+00  0.000000000000000E+00 0	   5     400.00     500.00  0.000000000000000E+00  0.000000000000000E+00 0
   6     500.00     600.00  0.000000000000000E+00  0.000000000000000E+00 0	   6     500.00     600.00  0.000000000000000E+00  0.000000000000000E+00 0	   6     500.00     600.00  0.000000000000000E+00  0.000000000000000E+00 0	   6     500.00     600.00  0.000000000000000E+00  0.000000000000000E+00 0	   6     500.00     600.00  0.000000000000000E+00  0.000000000000000E+00 0	   6     500.00     600.00  0.000000000000000E+00  0.000000000000000E+00 0	   6     500.00     600.00  0.000000000000000E+00  0.000000000000000E+00 0
   7     600.00     700.00  4.144876204589442E-06  2.500200720879423E-08 8498127	   7     600.00     700.00  4.144876204589442E-06  2.500200720879423E-08 8498127	   7     600.00     700.00  4.335720711615382E-06  2.599470717530831E-08 8498127	   7     600.00     700.00  4.335720711615382E-06  2.599470717530831E-08 8498127	   7     600.00     700.00  3.899032755522588E-06  2.370001484952805E-08 8498127	   7     600.00     700.00  3.899032755522588E-06  2.370001484952805E-08 8498127	   7     600.00     700.00  4.144876204589442E-06  2.500200720879423E-08 8498127
   8     700.00     800.00  1.996475587520438E-04  6.920417867604932E-07 75770182	   8     700.00     800.00  1.996475587520438E-04  6.920417867604932E-07 75770182	   8     700.00     800.00  2.074162696884917E-04  7.301579524742639E-07 75770182	   8     700.00     800.00  2.074162696884917E-04  7.301579524742639E-07 75770182	   8     700.00     800.00  1.893036294982627E-04  6.434883022571369E-07 75770182	   8     700.00     800.00  1.893036294982627E-04  6.434883022571369E-07 75770182	   8     700.00     800.00  1.996475587520438E-04  6.920417867604932E-07 75770182
   9     800.00     900.00  6.022596535162699E-04  9.240127591548376E-07 129158914	   9     800.00     900.00  6.022596535162699E-04  9.240127591548376E-07 129158914	   9     800.00     900.00  6.211846446097729E-04  9.434718423916099E-07 129158914	   9     800.00     900.00  6.211846446097729E-04  9.434718423916099E-07 129158914	   9     800.00     900.00  5.758983837563953E-04  8.955592789138799E-07 129158914	   9     800.00     900.00  5.758983837563953E-04  8.955592789138799E-07 129158914	   9     800.00     900.00  6.022596535162699E-04  9.240127591548376E-07 129158914
  10     900.00    1000.00  9.295749103889699E-04  1.401477115031358E-06 158901277	  10     900.00    1000.00  9.295749103889699E-04  1.401477115031358E-06 158901277	  10     900.00    1000.00  9.521474321318379E-04  1.423091525065440E-06 158901277	  10     900.00    1000.00  9.521474321318379E-04  1.423091525065440E-06 158901277	  10     900.00    1000.00  8.961317500455489E-04  1.367071988490182E-06 158901277	  10     900.00    1000.00  8.961317500455489E-04  1.367071988490182E-06 158901277	  10     900.00    1000.00  9.295749103889699E-04  1.401477115031358E-06 158901277
  11    1000.00    1100.00  1.152927245299209E-03  1.844885943469375E-06 172829126	  11    1000.00    1100.00  1.152927245299209E-03  1.844885943469375E-06 172829126	  11    1000.00    1100.00  1.173372615860555E-03  1.863217525743134E-06 172829126	  11    1000.00    1100.00  1.173372615860555E-03  1.863217525743134E-06 172829126	  11    1000.00    1100.00  1.119843399476220E-03  1.810351460391572E-06 172829126	  11    1000.00    1100.00  1.119843399476220E-03  1.810351460391572E-06 172829126	  11    1000.00    1100.00  1.152927245299209E-03  1.844885943469375E-06 172829126
  12    1100.00    1200.00  1.295478024261246E-03  2.344587674943913E-06 177180387	  12    1100.00    1200.00  1.295478024261246E-03  2.344587674943913E-06 177180387	  12    1100.00    1200.00  1.310783342756405E-03  2.351478669341408E-06 177180387	  12    1100.00    1200.00  1.310783342756405E-03  2.351478669341408E-06 177180387	  12    1100.00    1200.00  1.266915079621972E-03  2.320748402894974E-06 177180387	  12    1100.00    1200.00  1.266915079621972E-03  2.320748402894974E-06 177180387	  12    1100.00    1200.00  1.295478024261246E-03  2.344587674943913E-06 177180387
  13    1200.00    1300.00  1.381477796467715E-03  2.876857483660481E-06 176339640	  13    1200.00    1300.00  1.381477796467715E-03  2.876857483660481E-06 176339640	  13    1200.00    1300.00  1.390249336799636E-03  2.871163702922365E-06 176339640	  13    1200.00    1300.00  1.390249336799636E-03  2.871163702922365E-06 176339640	  13    1200.00    1300.00  1.359638432804322E-03  2.863029762753810E-06 176339640	  13    1200.00    1300.00  1.359638432804322E-03  2.863029762753810E-06 176339640	  13    1200.00    1300.00  1.381477796467715E-03  2.876857483660481E-06 176339640
  14    1300.00    1400.00  1.426914437646562E-03  3.304193856539297E-06 172785407	  14    1300.00    1400.00  1.426914437646562E-03  3.304193856539297E-06 172785407	  14    1300.00    1400.00  1.428792989575614E-03  3.283394986367509E-06 172785407	  14    1300.00    1400.00  1.428792989575614E-03  3.283394986367509E-06 172785407	  14    1300.00    1400.00  1.412636357241074E-03  3.304947746124312E-06 172785407	  14    1300.00    1400.00  1.412636357241074E-03  3.304947746124312E-06 172785407	  14    1300.00    1400.00  1.426914437646562E-03  3.304193856539297E-06 172785407
  15    1400.00    1500.00  1.441468795868132E-03  3.840911843421631E-06 167840450	  15    1400.00    1500.00  1.441468795868132E-03  3.840911843421631E-06 167840450	  15    1400.00    1500.00  1.436537162895336E-03  3.798717105573756E-06 167840450	  15    1400.00    1500.00  1.436537162895336E-03  3.798717105573756E-06 167840450	  15    1400.00    1500.00  1.434994606164772E-03  3.863645757941549E-06 167840450	  15    1400.00    1500.00  1.434994606164772E-03  3.863645757941549E-06 167840450	  15    1400.00    1500.00  1.441468795868132E-03  3.840911843421631E-06 167840450
  16    1500.00    1600.00  1.433794635304356E-03  4.768846234113929E-06 162195553	  16    1500.00    1600.00  1.433794635304356E-03  4.768846234113929E-06 162195553	  16    1500.00    1600.00  1.422622345395454E-03  4.680768166571655E-06 162195553	  16    1500.00    1600.00  1.422622345395454E-03  4.680768166571655E-06 162195553	  16    1500.00    1600.00  1.434730741046929E-03  4.840874784751536E-06 162195553	  16    1500.00    1600.00  1.434730741046929E-03  4.840874784751536E-06 162195553	  16    1500.00    1600.00  1.433794635304356E-03  4.768846234113929E-06 162195553
  17    1600.00    1700.00  1.418166157421374E-03  4.677732369440968E-06 156277493	  17    1600.00    1700.00  1.418166157421374E-03  4.677732369440968E-06 156277493	  17    1600.00    1700.00  1.401199730712001E-03  4.591764668967136E-06 156277493	  17    1600.00    1700.00  1.401199730712001E-03  4.591764668967136E-06 156277493	  17    1600.00    1700.00  1.426155557549461E-03  4.746076591098433E-06 156277493	  17    1600.00    1700.00  1.426155557549461E-03  4.746076591098433E-06 156277493	  17    1600.00    1700.00  1.418166157421374E-03  4.677732369440968E-06 156277493
  18    1700.00    1800.00  1.383989917821283E-03  5.662176334529998E-06 150275075	  18    1700.00    1800.00  1.383989917821283E-03  5.662176334529998E-06 150275075	  18    1700.00    1800.00  1.362132154889282E-03  5.543315226460090E-06 150275075	  18    1700.00    1800.00  1.362132154889282E-03  5.543315226460090E-06 150275075	  18    1700.00    1800.00  1.398120704567070E-03  5.763111391507325E-06 150275075	  18    1700.00    1800.00  1.398120704567070E-03  5.763111391507325E-06 150275075	  18    1700.00    1800.00  1.383989917821283E-03  5.662176334529998E-06 150275075
  19    1800.00    1900.00  1.333522456210362E-03  7.060741545757512E-06 144355556	  19    1800.00    1900.00  1.333522456210362E-03  7.060741545757512E-06 144355556	  19    1800.00    1900.00  1.307571470867066E-03  6.889932882003619E-06 144355556	  19    1800.00    1900.00  1.307571470867066E-03  6.889932882003619E-06 144355556	  19    1800.00    1900.00  1.353044426025651E-03  7.214653155112303E-06 144355556	  19    1800.00    1900.00  1.353044426025651E-03  7.214653155112303E-06 144355556	  19    1800.00    1900.00  1.333522456210362E-03  7.060741545757512E-06 144355556
  20    1900.00    2000.00  1.297507769263027E-03  6.573639811148586E-06 138598948	  20    1900.00    2000.00  1.297507769263027E-03  6.573639811148586E-06 138598948	  20    1900.00    2000.00  1.267767869164368E-03  6.396712433493965E-06 138598948	  20    1900.00    2000.00  1.267767869164368E-03  6.396712433493965E-06 138598948	  20    1900.00    2000.00  1.321982687466606E-03  6.739134205899942E-06 138598948	  20    1900.00    2000.00  1.321982687466606E-03  6.739134205899942E-06 138598948	  20    1900.00    2000.00  1.297507769263027E-03  6.573639811148586E-06 138598948
  21    2000.00    2100.00  1.266507298516577E-03  6.504661234305999E-06 133057045	  21    2000.00    2100.00  1.266507298516577E-03  6.504661234305999E-06 133057045	  21    2000.00    2100.00  1.233149978630899E-03  6.313946260186430E-06 133057045	  21    2000.00    2100.00  1.233149978630899E-03  6.313946260186430E-06 133057045	  21    2000.00    2100.00  1.295727197371997E-03  6.687709052658799E-06 133057045	  21    2000.00    2100.00  1.295727197371997E-03  6.687709052658799E-06 133057045	  21    2000.00    2100.00  1.266507298516577E-03  6.504661234305999E-06 133057045
  22    2100.00    2200.00  1.207291907324611E-03  8.148612582311732E-06 127722939	  22    2100.00    2200.00  1.207291907324611E-03  8.148612582311732E-06 127722939	  22    2100.00    2200.00  1.171801915236292E-03  7.874636050667797E-06 127722939	  22    2100.00    2200.00  1.171801915236292E-03  7.874636050667797E-06 127722939	  22    2100.00    2200.00  1.239686913129325E-03  8.422254941861730E-06 127722939	  22    2100.00    2200.00  1.239686913129325E-03  8.422254941861730E-06 127722939	  22    2100.00    2200.00  1.207291907324611E-03  8.148612582311732E-06 127722939
  23    2200.00    2300.00  1.163282595617954E-03  8.078663405353829E-06 122669719	  23    2200.00    2300.00  1.163282595617954E-03  8.078663405353829E-06 122669719	  23    2200.00    2300.00  1.125322209376358E-03  7.792316205358366E-06 122669719	  23    2200.00    2300.00  1.125322209376358E-03  7.792316205358366E-06 122669719	  23    2200.00    2300.00  1.199181282566668E-03  8.367083794356770E-06 122669719	  23    2200.00    2300.00  1.199181282566668E-03  8.367083794356770E-06 122669719	  23    2200.00    2300.00  1.163282595617954E-03  8.078663405353829E-06 122669719
  24    2300.00    2400.00  1.109791901539274E-03  1.016634827006045E-05 117810969	  24    2300.00    2400.00  1.109791901539274E-03  1.016634827006045E-05 117810969	  24    2300.00    2400.00  1.070299742008997E-03  9.790741000953564E-06 117810969	  24    2300.00    2400.00  1.070299742008997E-03  9.790741000953564E-06 117810969	  24    2300.00    2400.00  1.148171171239230E-03  1.054921409809511E-05 117810969	  24    2300.00    2400.00  1.148171171239230E-03  1.054921409809511E-05 117810969	  24    2300.00    2400.00  1.109791901539274E-03  1.016634827006045E-05 117810969
  25    2400.00    2500.00  1.062886321397528E-03  9.800408260768197E-06 113175150	  25    2400.00    2500.00  1.062886321397528E-03  9.800408260768197E-06 113175150	  25    2400.00    2500.00  1.022210454412129E-03  9.412347416551840E-06 113175150	  25    2400.00    2500.00  1.022210454412129E-03  9.412347416551840E-06 113175150	  25    2400.00    2500.00  1.103222747058355E-03  1.020235315432838E-05 113175150	  25    2400.00    2500.00  1.103222747058355E-03  1.020235315432838E-05 113175150	  25    2400.00    2500.00  1.062886321397528E-03  9.800408260768197E-06 113175150
  26    2500.00    2600.00  9.752072228668381E-04  1.664309539671941E-05 108798495	  26    2500.00    2600.00  9.752072228668381E-04  1.664309539671941E-05 108798495	  26    2500.00    2600.00  9.351421659194550E-04  1.596057078361723E-05 108798495	  26    2500.00    2600.00  9.351421659194550E-04  1.596057078361723E-05 108798495	  26    2500.00    2600.00  1.015638335803733E-03  1.735540715234246E-05 108798495	  26    2500.00    2600.00  1.015638335803733E-03  1.735540715234246E-05 108798495	  26    2500.00    2600.00  9.752072228668381E-04  1.664309539671941E-05 108798495
  27    2600.00    2700.00  9.779667775259742E-04  9.917088049970764E-06 104622217	  27    2600.00    2700.00  9.779667775259742E-04  9.917088049970764E-06 104622217	  27    2600.00    2700.00  9.352969689304011E-04  9.449122479322912E-06 104622217	  27    2600.00    2700.00  9.352969689304011E-04  9.449122479322912E-06 104622217	  27    2600.00    2700.00  1.021730575337622E-03  1.041727511285361E-05 104622217	  27    2600.00    2700.00  1.021730575337622E-03  1.041727511285361E-05 104622217	  27    2600.00    2700.00  9.779667775259742E-04  9.917088049970764E-06 104622217
  28    2700.00    2800.00  9.367310992910977E-04  1.030432444464769E-05 100673991	  28    2700.00    2800.00  9.367310992910977E-04  1.030432444464769E-05 100673991	  28    2700.00    2800.00  8.934297300483044E-04  9.830283713255411E-06 100673991	  28    2700.00    2800.00  8.934297300483044E-04  9.830283713255411E-06 100673991	  28    2700.00    2800.00  9.817882463867204E-04  1.081006048910959E-05 100673991	  28    2700.00    2800.00  9.817882463867204E-04  1.081006048910959E-05 100673991	  28    2700.00    2800.00  9.367310992910977E-04  1.030432444464769E-05 100673991
  29    2800.00    2900.00  8.656525485469698E-04  1.141768634273131E-05 96895192	  29    2800.00    2900.00  8.656525485469698E-04  1.141768634273131E-05 96895192	  29    2800.00    2900.00  8.233015191549714E-04  1.086433887006251E-05 96895192	  29    2800.00    2900.00  8.233015191549714E-04  1.086433887006251E-05 96895192	  29    2800.00    2900.00  9.102605957028991E-04  1.201355358394377E-05 96895192	  29    2800.00    2900.00  9.102605957028991E-04  1.201355358394377E-05 96895192	  29    2800.00    2900.00  8.656525485469698E-04  1.141768634273131E-05 96895192
  30    2900.00    3000.00  8.334714029856327E-04  1.352410327622495E-05 93330736	  30    2900.00    3000.00  8.334714029856327E-04  1.352410327622495E-05 93330736	  30    2900.00    3000.00  7.909192396975325E-04  1.282474854141010E-05 93330736	  30    2900.00    3000.00  7.909192396975325E-04  1.282474854141010E-05 93330736	  30    2900.00    3000.00  8.787188537053422E-04  1.428659456355960E-05 93330736	  30    2900.00    3000.00  8.787188537053422E-04  1.428659456355960E-05 93330736	  30    2900.00    3000.00  8.334714029856327E-04  1.352410327622495E-05 93330736
  31    3000.00    3100.00  7.756076328796172E-04  1.381166304939209E-05 89934216	  31    3000.00    3100.00  7.756076328796172E-04  1.381166304939209E-05 89934216	  31    3000.00    3100.00  7.341321252632276E-04  1.309805328324668E-05 89934216	  31    3000.00    3100.00  7.341321252632276E-04  1.309805328324668E-05 89934216	  31    3000.00    3100.00  8.201410980779874E-04  1.458904365710074E-05 89934216	  31    3000.00    3100.00  8.201410980779874E-04  1.458904365710074E-05 89934216	  31    3000.00    3100.00  7.756076328796172E-04  1.381166304939209E-05 89934216
  32    3100.00    3200.00  7.587914177993839E-04  1.183185181856964E-05 86747958	  32    3100.00    3200.00  7.587914177993839E-04  1.183185181856964E-05 86747958	  32    3100.00    3200.00  7.166397443519234E-04  1.113345990339297E-05 86747958	  32    3100.00    3200.00  7.166397443519234E-04  1.113345990339297E-05 86747958	  32    3100.00    3200.00  8.044355427570234E-04  1.260704821264619E-05 86747958	  32    3100.00    3200.00  8.044355427570234E-04  1.260704821264619E-05 86747958	  32    3100.00    3200.00  7.587914177993839E-04  1.183185181856964E-05 86747958
  33    3200.00    3300.00  7.370216231715543E-04  1.072199694094309E-05 83655746	  33    3200.00    3300.00  7.370216231715543E-04  1.072199694094309E-05 83655746	  33    3200.00    3300.00  6.942318247613274E-04  1.008368053514847E-05 83655746	  33    3200.00    3300.00  6.942318247613274E-04  1.008368053514847E-05 83655746	  33    3200.00    3300.00  7.837636450096726E-04  1.143229248238211E-05 83655746	  33    3200.00    3300.00  7.837636450096726E-04  1.143229248238211E-05 83655746	  33    3200.00    3300.00  7.370216231715543E-04  1.072199694094309E-05 83655746
  34    3300.00    3400.00  6.795133531052504E-04  1.103684164641013E-05 80753069	  34    3300.00    3400.00  6.795133531052504E-04  1.103684164641013E-05 80753069	  34    3300.00    3400.00  6.387801697955962E-04  1.034211125285904E-05 80753069	  34    3300.00    3400.00  6.387801697955962E-04  1.034211125285904E-05 80753069	  34    3300.00    3400.00  7.243214031194555E-04  1.181615159553693E-05 80753069	  34    3300.00    3400.00  7.243214031194555E-04  1.181615159553693E-05 80753069	  34    3300.00    3400.00  6.795133531052504E-04  1.103684164641013E-05 80753069
  35    3400.00    3500.00  6.374163860721632E-04  1.251872360870858E-05 77979897	  35    3400.00    3500.00  6.374163860721632E-04  1.251872360870858E-05 77979897	  35    3400.00    3500.00  5.976433184369759E-04  1.174820518302427E-05 77979897	  35    3400.00    3500.00  5.976433184369759E-04  1.174820518302427E-05 77979897	  35    3400.00    3500.00  6.814883411872313E-04  1.338143511989396E-05 77979897	  35    3400.00    3500.00  6.814883411872313E-04  1.338143511989396E-05 77979897	  35    3400.00    3500.00  6.374163860721632E-04  1.251872360870858E-05 77979897
  36    3500.00    3600.00  6.108748920898539E-04  1.325253296667118E-05 75337524	  36    3500.00    3600.00  6.108748920898539E-04  1.325253296667118E-05 75337524	  36    3500.00    3600.00  5.717100228540532E-04  1.237047687083941E-05 75337524	  36    3500.00    3600.00  5.717100228540532E-04  1.237047687083941E-05 75337524	  36    3500.00    3600.00  6.544634276363762E-04  1.425463191404634E-05 75337524	  36    3500.00    3600.00  6.544634276363762E-04  1.425463191404634E-05 75337524	  36    3500.00    3600.00  6.108748920898539E-04  1.325253296667118E-05 75337524
  37    3600.00    3700.00  5.948929365491162E-04  1.213343596427420E-05 72824270	  37    3600.00    3700.00  5.948929365491162E-04  1.213343596427420E-05 72824270	  37    3600.00    3700.00  5.555509159541196E-04  1.122628724687523E-05 72824270	  37    3600.00    3700.00  5.555509159541196E-04  1.122628724687523E-05 72824270	  37    3600.00    3700.00  6.389844400652778E-04  1.318937098569741E-05 72824270	  37    3600.00    3700.00  6.389844400652778E-04  1.318937098569741E-05 72824270	  37    3600.00    3700.00  5.948929365491162E-04  1.213343596427420E-05 72824270
  38    3700.00    3800.00  5.544891713890626E-04  1.414946257655927E-05 70410222	  38    3700.00    3800.00  5.544891713890626E-04  1.414946257655927E-05 70410222	  38    3700.00    3800.00  5.168952268257172E-04  1.301543922320084E-05 70410222	  38    3700.00    3800.00  5.168952268257172E-04  1.301543922320084E-05 70410222	  38    3700.00    3800.00  5.968124218035871E-04  1.547549220653039E-05 70410222	  38    3700.00    3800.00  5.968124218035871E-04  1.547549220653039E-05 70410222	  38    3700.00    3800.00  5.544891713890626E-04  1.414946257655927E-05 70410222
  39    3800.00    3900.00  5.324992657672163E-04  1.470197146825679E-05 68124821	  39    3800.00    3900.00  5.324992657672163E-04  1.470197146825679E-05 68124821	  39    3800.00    3900.00  4.951367829029061E-04  1.367500443100389E-05 68124821	  39    3800.00    3900.00  4.951367829029061E-04  1.367500443100389E-05 68124821	  39    3800.00    3900.00  5.748292546452574E-04  1.587393065968615E-05 68124821	  39    3800.00    3900.00  5.748292546452574E-04  1.587393065968615E-05 68124821	  39    3800.00    3900.00  5.324992657672163E-04  1.470197146825679E-05 68124821
  40    3900.00    4000.00  4.774763278798411E-04  1.788437649101329E-05 65939551	  40    3900.00    4000.00  4.774763278798411E-04  1.788437649101329E-05 65939551	  40    3900.00    4000.00  4.427964607092038E-04  1.662248834690321E-05 65939551	  40    3900.00    4000.00  4.427964607092038E-04  1.662248834690321E-05 65939551	  40    3900.00    4000.00  5.169780034571555E-04  1.932736601877873E-05 65939551	  40    3900.00    4000.00  5.169780034571555E-04  1.932736601877873E-05 65939551	  40    3900.00    4000.00  4.774763278798411E-04  1.788437649101329E-05 65939551
  41    4000.00    4100.00  4.876505819616170E-04  9.207512241694967E-06 63816239	  41    4000.00    4100.00  4.876505819616170E-04  9.207512241694967E-06 63816239	  41    4000.00    4100.00  4.517299769998464E-04  8.485964652960629E-06 63816239	  41    4000.00    4100.00  4.517299769998464E-04  8.485964652960629E-06 63816239	  41    4000.00    4100.00  5.287042847284065E-04  1.004747385318621E-05 63816239	  41    4000.00    4100.00  5.287042847284065E-04  1.004747385318621E-05 63816239	  41    4000.00    4100.00  4.876505819616170E-04  9.207512241694967E-06 63816239
  42    4100.00    4200.00  4.387147185925759E-04  1.748194204665723E-05 61831585	  42    4100.00    4200.00  4.387147185925759E-04  1.748194204665723E-05 61831585	  42    4100.00    4200.00  4.055486443227072E-04  1.617846793289456E-05 61831585	  42    4100.00    4200.00  4.055486443227072E-04  1.617846793289456E-05 61831585	  42    4100.00    4200.00  4.768052546578452E-04  1.898810110391395E-05 61831585	  42    4100.00    4200.00  4.768052546578452E-04  1.898810110391395E-05 61831585	  42    4100.00    4200.00  4.387147185925759E-04  1.748194204665723E-05 61831585
  43    4200.00    4300.00  4.069920108611338E-04  1.619563831030166E-05 59916712	  43    4200.00    4300.00  4.069920108611338E-04  1.619563831030166E-05 59916712	  43    4200.00    4300.00  3.752326427032102E-04  1.491637189522570E-05 59916712	  43    4200.00    4300.00  3.752326427032102E-04  1.491637189522570E-05 59916712	  43    4200.00    4300.00  4.436498691615791E-04  1.768328861145642E-05 59916712	  43    4200.00    4300.00  4.436498691615791E-04  1.768328861145642E-05 59916712	  43    4200.00    4300.00  4.069920108611338E-04  1.619563831030166E-05 59916712
  44    4300.00    4400.00  4.205535915873691E-04  1.104082151046995E-05 58074150	  44    4300.00    4400.00  4.205535915873691E-04  1.104082151046995E-05 58074150	  44    4300.00    4400.00  3.868671325354303E-04  1.016119010809735E-05 58074150	  44    4300.00    4400.00  3.868671325354303E-04  1.016119010809735E-05 58074150	  44    4300.00    4400.00  4.596397717627048E-04  1.206528332478361E-05 58074150	  44    4300.00    4400.00  4.596397717627048E-04  1.206528332478361E-05 58074150	  44    4300.00    4400.00  4.205535915873691E-04  1.104082151046995E-05 58074150
  45    4400.00    4500.00  3.888192269878829E-04  1.196776108399532E-05 56312647	  45    4400.00    4500.00  3.888192269878829E-04  1.196776108399532E-05 56312647	  45    4400.00    4500.00  3.570599079178995E-04  1.099678028976520E-05 56312647	  45    4400.00    4500.00  3.570599079178995E-04  1.099678028976520E-05 56312647	  45    4400.00    4500.00  4.257819605439742E-04  1.310163788532837E-05 56312647	  45    4400.00    4500.00  4.257819605439742E-04  1.310163788532837E-05 56312647	  45    4400.00    4500.00  3.888192269878829E-04  1.196776108399532E-05 56312647
  46    4500.00    4600.00  3.759838892847112E-04  1.211115691359238E-05 54649894	  46    4500.00    4600.00  3.759838892847112E-04  1.211115691359238E-05 54649894	  46    4500.00    4600.00  3.448260780739845E-04  1.099667423100336E-05 54649894	  46    4500.00    4600.00  3.448260780739845E-04  1.099667423100336E-05 54649894	  46    4500.00    4600.00  4.123651560224931E-04  1.344657112641963E-05 54649894	  46    4500.00    4600.00  4.123651560224931E-04  1.344657112641963E-05 54649894	  46    4500.00    4600.00  3.759838892847112E-04  1.211115691359238E-05 54649894
  47    4600.00    4700.00  3.657110211271411E-04  1.071414957462714E-05 53022734	  47    4600.00    4700.00  3.657110211271411E-04  1.071414957462714E-05 53022734	  47    4600.00    4700.00  3.345120546214434E-04  9.781151145962506E-06 53022734	  47    4600.00    4700.00  3.345120546214434E-04  9.781151145962506E-06 53022734	  47    4600.00    4700.00  4.023323828379214E-04  1.181597819602405E-05 53022734	  47    4600.00    4700.00  4.023323828379214E-04  1.181597819602405E-05 53022734	  47    4600.00    4700.00  3.657110211271411E-04  1.071414957462714E-05 53022734
  48    4700.00    4800.00  3.439013190478700E-04  1.055396848298593E-05 51474276	  48    4700.00    4800.00  3.439013190478700E-04  1.055396848298593E-05 51474276	  48    4700.00    4800.00  3.141078024383505E-04  9.572728188326973E-06 51474276	  48    4700.00    4800.00  3.141078024383505E-04  9.572728188326973E-06 51474276	  48    4700.00    4800.00  3.789575126046146E-04  1.172620872497743E-05 51474276	  48    4700.00    4800.00  3.789575126046146E-04  1.172620872497743E-05 51474276	  48    4700.00    4800.00  3.439013190478700E-04  1.055396848298593E-05 51474276
  49    4800.00    4900.00  3.171378010218849E-04  1.177837882967652E-05 49987882	  49    4800.00    4900.00  3.171378010218849E-04  1.177837882967652E-05 49987882	  49    4800.00    4900.00  2.890942253613645E-04  1.070305705783753E-05 49987882	  49    4800.00    4900.00  2.890942253613645E-04  1.070305705783753E-05 49987882	  49    4800.00    4900.00  3.502460251031535E-04  1.305813523911037E-05 49987882	  49    4800.00    4900.00  3.502460251031535E-04  1.305813523911037E-05 49987882	  49    4800.00    4900.00  3.171378010218849E-04  1.177837882967652E-05 49987882
  50    4900.00    5000.00  3.070245904101391E-04  1.314277592423704E-05 48562013	  50    4900.00    5000.00  3.070245904101391E-04  1.314277592423704E-05 48562013	  50    4900.00    5000.00  2.790393986956453E-04  1.195673198624586E-05 48562013	  50    4900.00    5000.00  2.790393986956453E-04  1.195673198624586E-05 48562013	  50    4900.00    5000.00  3.402230886044773E-04  1.455031259996445E-05 48562013	  50    4900.00    5000.00  3.402230886044773E-04  1.455031259996445E-05 48562013	  50    4900.00    5000.00  3.070245904101391E-04  1.314277592423704E-05 48562013
  51    5000.00    5100.00  2.870018635030275E-04  1.196397984156957E-05 47189824	  51    5000.00    5100.00  2.870018635030275E-04  1.196397984156957E-05 47189824	  51    5000.00    5100.00  2.608439139990575E-04  1.086228870794328E-05 47189824	  51    5000.00    5100.00  2.608439139990575E-04  1.086228870794328E-05 47189824	  51    5000.00    5100.00  3.180652717547145E-04  1.327644039416401E-05 47189824	  51    5000.00    5100.00  3.180652717547145E-04  1.327644039416401E-05 47189824	  51    5000.00    5100.00  2.870018635030275E-04  1.196397984156957E-05 47189824
  52    5100.00    5200.00  2.790608293935038E-04  9.178368011729020E-06 45868494	  52    5100.00    5200.00  2.790608293935038E-04  9.178368011729020E-06 45868494	  52    5100.00    5200.00  2.527752542050760E-04  8.304935476739348E-06 45868494	  52    5100.00    5200.00  2.527752542050760E-04  8.304935476739348E-06 45868494	  52    5100.00    5200.00  3.104390442968108E-04  1.022379081695744E-05 45868494	  52    5100.00    5200.00  3.104390442968108E-04  1.022379081695744E-05 45868494	  52    5100.00    5200.00  2.790608293935038E-04  9.178368011729020E-06 45868494
  53    5200.00    5300.00  1.891619851688533E-04  4.972809954795654E-05 44585557	  53    5200.00    5300.00  1.891619851688533E-04  4.972809954795654E-05 44585557	  53    5200.00    5300.00  1.710318709628724E-04  4.515829481102038E-05 44585557	  53    5200.00    5300.00  1.710318709628724E-04  4.515829481102038E-05 44585557	  53    5200.00    5300.00  2.108948547091386E-04  5.515918186375952E-05 44585557	  53    5200.00    5300.00  2.108948547091386E-04  5.515918186375952E-05 44585557	  53    5200.00    5300.00  1.891619851688533E-04  4.972809954795654E-05 44585557
  54    5300.00    5400.00  2.171863240072071E-04  2.003414267997093E-05 43343650	  54    5300.00    5400.00  2.171863240072071E-04  2.003414267997093E-05 43343650	  54    5300.00    5400.00  1.959761864063603E-04  1.814575169823162E-05 43343650	  54    5300.00    5400.00  1.959761864063603E-04  1.814575169823162E-05 43343650	  54    5300.00    5400.00  2.426743542264081E-04  2.228978075701132E-05 43343650	  54    5300.00    5400.00  2.426743542264081E-04  2.228978075701132E-05 43343650	  54    5300.00    5400.00  2.171863240072071E-04  2.003414267997093E-05 43343650
  55    5400.00    5500.00  2.366327380843068E-04  1.361605751499415E-05 42178707	  55    5400.00    5500.00  2.366327380843068E-04  1.361605751499415E-05 42178707	  55    5400.00    5500.00  2.132436669354295E-04  1.227853142406836E-05 42178707	  55    5400.00    5500.00  2.132436669354295E-04  1.227853142406836E-05 42178707	  55    5400.00    5500.00  2.648009623283355E-04  1.522294420866269E-05 42178707	  55    5400.00    5500.00  2.648009623283355E-04  1.522294420866269E-05 42178707	  55    5400.00    5500.00  2.366327380843068E-04  1.361605751499415E-05 42178707
  56    5500.00    5600.00  2.209465897259040E-04  1.030676733050301E-05 41044268	  56    5500.00    5600.00  2.209465897259040E-04  1.030676733050301E-05 41044268	  56    5500.00    5600.00  1.986634925661933E-04  9.239182823097245E-06 41044268	  56    5500.00    5600.00  1.986634925661933E-04  9.239182823097245E-06 41044268	  56    5500.00    5600.00  2.478653055500677E-04  1.160224377403631E-05 41044268	  56    5500.00    5600.00  2.478653055500677E-04  1.160224377403631E-05 41044268	  56    5500.00    5600.00  2.209465897259040E-04  1.030676733050301E-05 41044268
  57    5600.00    5700.00  1.837167479149693E-04  1.973551354455160E-05 39938152	  57    5600.00    5700.00  1.837167479149693E-04  1.973551354455160E-05 39938152	  57    5600.00    5700.00  1.648802996019023E-04  1.771763855887677E-05 39938152	  57    5600.00    5700.00  1.648802996019023E-04  1.771763855887677E-05 39938152	  57    5600.00    5700.00  2.065464538032013E-04  2.217541425253682E-05 39938152	  57    5600.00    5700.00  2.065464538032013E-04  2.217541425253682E-05 39938152	  57    5600.00    5700.00  1.837167479149693E-04  1.973551354455160E-05 39938152
  58    5700.00    5800.00  1.908158633626824E-04  1.072648606322614E-05 38882611	  58    5700.00    5800.00  1.908158633626824E-04  1.072648606322614E-05 38882611	  58    5700.00    5800.00  1.709586654103073E-04  9.626094073812588E-06 38882611	  58    5700.00    5800.00  1.709586654103073E-04  9.626094073812588E-06 38882611	  58    5700.00    5800.00  2.149583304786843E-04  1.205895753739056E-05 38882611	  58    5700.00    5800.00  2.149583304786843E-04  1.205895753739056E-05 38882611	  58    5700.00    5800.00  1.908158633626824E-04  1.072648606322614E-05 38882611
  59    5800.00    5900.00  1.564119968675706E-04  1.696626084278623E-05 37861723	  59    5800.00    5900.00  1.564119968675706E-04  1.696626084278623E-05 37861723	  59    5800.00    5900.00  1.400657169633958E-04  1.518724666685730E-05 37861723	  59    5800.00    5900.00  1.400657169633958E-04  1.518724666685730E-05 37861723	  59    5800.00    5900.00  1.763032464944307E-04  1.912932943015054E-05 37861723	  59    5800.00    5900.00  1.763032464944307E-04  1.912932943015054E-05 37861723	  59    5800.00    5900.00  1.564119968675706E-04  1.696626084278623E-05 37861723
  60    5900.00    6000.00  1.564620401213430E-04  2.033114202444236E-05 36884928	  60    5900.00    6000.00  1.564620401213430E-04  2.033114202444236E-05 36884928	  60    5900.00    6000.00  1.395963261596258E-04  1.821441289726488E-05 36884928	  60    5900.00    6000.00  1.395963261596258E-04  1.821441289726488E-05 36884928	  60    5900.00    6000.00  1.770788053878153E-04  2.289949063292243E-05 36884928	  60    5900.00    6000.00  1.770788053878153E-04  2.289949063292243E-05 36884928	  60    5900.00    6000.00  1.564620401213430E-04  2.033114202444236E-05 36884928
  61    6000.00    6100.00  1.617746763613580E-04  9.173519848697180E-06 35924322	  61    6000.00    6100.00  1.617746763613580E-04  9.173519848697180E-06 35924322	  61    6000.00    6100.00  1.441115629647335E-04  8.179067766163123E-06 35924322	  61    6000.00    6100.00  1.441115629647335E-04  8.179067766163123E-06 35924322	  61    6000.00    6100.00  1.834217225351446E-04  1.038869633647574E-05 35924322	  61    6000.00    6100.00  1.834217225351446E-04  1.038869633647574E-05 35924322	  61    6000.00    6100.00  1.617746763613580E-04  9.173519848697180E-06 35924322
  62    6100.00    6200.00  1.633546114790324E-04  8.268792962022745E-06 35006056	  62    6100.00    6200.00  1.633546114790324E-04  8.268792962022745E-06 35006056	  62    6100.00    6200.00  1.453754225385144E-04  7.356005407549833E-06 35006056	  62    6100.00    6200.00  1.453754225385144E-04  7.356005407549833E-06 35006056	  62    6100.00    6200.00  1.854181896268217E-04  9.387843310171206E-06 35006056	  62    6100.00    6200.00  1.854181896268217E-04  9.387843310171206E-06 35006056	  62    6100.00    6200.00  1.633546114790324E-04  8.268792962022745E-06 35006056
  63    6200.00    6300.00  1.375591192395673E-04  1.890620583590880E-05 34112551	  63    6200.00    6300.00  1.375591192395673E-04  1.890620583590880E-05 34112551	  63    6200.00    6300.00  1.222998446713262E-04  1.683076508436716E-05 34112551	  63    6200.00    6300.00  1.222998446713262E-04  1.683076508436716E-05 34112551	  63    6200.00    6300.00  1.563320681646027E-04  2.144699379451182E-05 34112551	  63    6200.00    6300.00  1.563320681646027E-04  2.144699379451182E-05 34112551	  63    6200.00    6300.00  1.375591192395673E-04  1.890620583590880E-05 34112551
  64    6300.00    6400.00  1.385056221915724E-04  1.550384846490382E-05 33258877	  64    6300.00    6400.00  1.385056221915724E-04  1.550384846490382E-05 33258877	  64    6300.00    6400.00  1.229295625396532E-04  1.364298029124710E-05 33258877	  64    6300.00    6400.00  1.229295625396532E-04  1.364298029124710E-05 33258877	  64    6300.00    6400.00  1.577049373896508E-04  1.781795032293863E-05 33258877	  64    6300.00    6400.00  1.577049373896508E-04  1.781795032293863E-05 33258877	  64    6300.00    6400.00  1.385056221915724E-04  1.550384846490382E-05 33258877
  65    6400.00    6500.00  1.293103325863621E-04  8.644643039458858E-06 32415139	  65    6400.00    6500.00  1.293103325863621E-04  8.644643039458858E-06 32415139	  65    6400.00    6500.00  1.144710842981231E-04  7.640194315388614E-06 32415139	  65    6400.00    6500.00  1.144710842981231E-04  7.640194315388614E-06 32415139	  65    6400.00    6500.00  1.476593752300559E-04  9.887580635117351E-06 32415139	  65    6400.00    6500.00  1.476593752300559E-04  9.887580635117351E-06 32415139	  65    6400.00    6500.00  1.293103325863621E-04  8.644643039458858E-06 32415139
  66    6500.00    6600.00  1.096450983263071E-04  1.640805986426192E-05 31626821	  66    6500.00    6600.00  1.096450983263071E-04  1.640805986426192E-05 31626821	  66    6500.00    6600.00  9.700358901469290E-05  1.452674394022127E-05 31626821	  66    6500.00    6600.00  9.700358901469290E-05  1.452674394022127E-05 31626821	  66    6500.00    6600.00  1.253145525616584E-04  1.872840032085202E-05 31626821	  66    6500.00    6600.00  1.253145525616584E-04  1.872840032085202E-05 31626821	  66    6500.00    6600.00  1.096450983263071E-04  1.640805986426192E-05 31626821
  67    6600.00    6700.00  1.248241223827749E-04  7.809298928700009E-06 30841221	  67    6600.00    6700.00  1.248241223827749E-04  7.809298928700009E-06 30841221	  67    6600.00    6700.00  1.102799147132434E-04  6.868478269837492E-06 30841221	  67    6600.00    6700.00  1.102799147132434E-04  6.868478269837492E-06 30841221	  67    6600.00    6700.00  1.428653361995174E-04  8.980902712611390E-06 30841221	  67    6600.00    6700.00  1.428653361995174E-04  8.980902712611390E-06 30841221	  67    6600.00    6700.00  1.248241223827749E-04  7.809298928700009E-06 30841221
  68    6700.00    6800.00  1.036343885109592E-04  1.106132904995830E-05 30088942	  68    6700.00    6800.00  1.036343885109592E-04  1.106132904995830E-05 30088942	  68    6700.00    6800.00  9.140335673639127E-05  9.718049137050781E-06 30088942	  68    6700.00    6800.00  9.140335673639127E-05  9.718049137050781E-06 30088942	  68    6700.00    6800.00  1.188507068101109E-04  1.273722499111650E-05 30088942	  68    6700.00    6800.00  1.188507068101109E-04  1.273722499111650E-05 30088942	  68    6700.00    6800.00  1.036343885109592E-04  1.106132904995830E-05 30088942
  69    6800.00    6900.00  1.084872007692083E-04  9.741697931287645E-06 29360558	  69    6800.00    6900.00  1.084872007692083E-04  9.741697931287645E-06 29360558	  69    6800.00    6900.00  9.545993318534759E-05  8.540261694816427E-06 29360558	  69    6800.00    6900.00  9.545993318534759E-05  8.540261694816427E-06 29360558	  69    6800.00    6900.00  1.247337917607510E-04  1.124368873811546E-05 29360558	  69    6800.00    6900.00  1.247337917607510E-04  1.124368873811546E-05 29360558	  69    6800.00    6900.00  1.084872007692083E-04  9.741697931287645E-06 29360558
  70    6900.00    7000.00  1.004647423200182E-04  8.204987356416890E-06 28647293	  70    6900.00    7000.00  1.004647423200182E-04  8.204987356416890E-06 28647293	  70    6900.00    7000.00  8.823248431167496E-05  7.184812020353586E-06 28647293	  70    6900.00    7000.00  8.823248431167496E-05  7.184812020353586E-06 28647293	  70    6900.00    7000.00  1.157604970001516E-04  9.483317928311114E-06 28647293	  70    6900.00    7000.00  1.157604970001516E-04  9.483317928311114E-06 28647293	  70    6900.00    7000.00  1.004647423200182E-04  8.204987356416890E-06 28647293
  71    7000.00    7100.00  9.399927291803815E-05  6.394661918361284E-06 27958361	  71    7000.00    7100.00  9.399927291803815E-05  6.394661918361284E-06 27958361	  71    7000.00    7100.00  8.244222877841224E-05  5.589818582710084E-06 27958361	  71    7000.00    7100.00  8.244222877841224E-05  5.589818582710084E-06 27958361	  71    7000.00    7100.00  1.084843478799441E-04  7.405005318817536E-06 27958361	  71    7000.00    7100.00  1.084843478799441E-04  7.405005318817536E-06 27958361	  71    7000.00    7100.00  9.399927291803815E-05  6.394661918361284E-06 27958361
  72    7100.00    7200.00  8.246977468845382E-05  7.925853978152234E-06 27296650	  72    7100.00    7200.00  8.246977468845382E-05  7.925853978152234E-06 27296650	  72    7100.00    7200.00  7.221158385724035E-05  6.900978762522742E-06 27296650	  72    7100.00    7200.00  7.221158385724035E-05  6.900978762522742E-06 27296650	  72    7100.00    7200.00  9.535754125510404E-05  9.218972816645536E-06 27296650	  72    7100.00    7200.00  9.535754125510404E-05  9.218972816645536E-06 27296650	  72    7100.00    7200.00  8.246977468845382E-05  7.925853978152234E-06 27296650
  73    7200.00    7300.00  7.285630459886598E-05  1.181032308201900E-05 26652244	  73    7200.00    7300.00  7.285630459886598E-05  1.181032308201900E-05 26652244	  73    7200.00    7300.00  6.370799406730721E-05  1.032199394895645E-05 26652244	  73    7200.00    7300.00  6.370799406730721E-05  1.032199394895645E-05 26652244	  73    7200.00    7300.00  8.436795580970657E-05  1.367834375790334E-05 26652244	  73    7200.00    7300.00  8.436795580970657E-05  1.367834375790334E-05 26652244	  73    7200.00    7300.00  7.285630459886598E-05  1.181032308201900E-05 26652244
  74    7300.00    7400.00  8.512180630999792E-05  5.699410169684233E-06 26021606	  74    7300.00    7400.00  8.512180630999792E-05  5.699410169684233E-06 26021606	  74    7300.00    7400.00  7.425833164440640E-05  4.966265609714011E-06 26021606	  74    7300.00    7400.00  7.425833164440640E-05  4.966265609714011E-06 26021606	  74    7300.00    7400.00  9.884024623587866E-05  6.623317996123774E-06 26021606	  74    7300.00    7400.00  9.884024623587866E-05  6.623317996123774E-06 26021606	  74    7300.00    7400.00  8.512180630999792E-05  5.699410169684233E-06 26021606
  75    7400.00    7500.00  6.938833969411499E-05  8.182342659534194E-06 25407753	  75    7400.00    7500.00  6.938833969411499E-05  8.182342659534194E-06 25407753	  75    7400.00    7500.00  6.047181147816008E-05  7.118609861745644E-06 25407753	  75    7400.00    7500.00  6.047181147816008E-05  7.118609861745644E-06 25407753	  75    7400.00    7500.00  8.066187349459712E-05  9.525831172644403E-06 25407753	  75    7400.00    7500.00  8.066187349459712E-05  9.525831172644403E-06 25407753	  75    7400.00    7500.00  6.938833969411499E-05  8.182342659534194E-06 25407753
  76    7500.00    7600.00  7.023446670851857E-05  8.747771411873152E-06 24821844	  76    7500.00    7600.00  7.023446670851857E-05  8.747771411873152E-06 24821844	  76    7500.00    7600.00  6.107175996475749E-05  7.597707490148090E-06 24821844	  76    7500.00    7600.00  6.107175996475749E-05  7.597707490148090E-06 24821844	  76    7500.00    7600.00  8.185284876816329E-05  1.020301840067421E-05 24821844	  76    7500.00    7600.00  8.185284876816329E-05  1.020301840067421E-05 24821844	  76    7500.00    7600.00  7.023446670851857E-05  8.747771411873152E-06 24821844
  77    7600.00    7700.00  3.535849853701052E-05  1.855169436296707E-05 24250339	  77    7600.00    7700.00  3.535849853701052E-05  1.855169436296707E-05 24250339	  77    7600.00    7700.00  3.080913675653678E-05  1.606243329025185E-05 24250339	  77    7600.00    7700.00  3.080913675653678E-05  1.606243329025185E-05 24250339	  77    7600.00    7700.00  4.113358454901500E-05  2.171342188170243E-05 24250339	  77    7600.00    7700.00  4.113358454901500E-05  2.171342188170243E-05 24250339	  77    7600.00    7700.00  3.535849853701052E-05  1.855169436296707E-05 24250339
  78    7700.00    7800.00  5.759148687030678E-05  6.536053142879645E-06 23697179	  78    7700.00    7800.00  5.759148687030678E-05  6.536053142879645E-06 23697179	  78    7700.00    7800.00  4.993912794342977E-05  5.652498705132315E-06 23697179	  78    7700.00    7800.00  4.993912794342977E-05  5.652498705132315E-06 23697179	  78    7700.00    7800.00  6.733849277801806E-05  7.660015477784669E-06 23697179	  78    7700.00    7800.00  6.733849277801806E-05  7.660015477784669E-06 23697179	  78    7700.00    7800.00  5.759148687030678E-05  6.536053142879645E-06 23697179
  79    7800.00    7900.00  5.944334085992222E-05  5.661747202045461E-06 23144758	  79    7800.00    7900.00  5.944334085992222E-05  5.661747202045461E-06 23144758	  79    7800.00    7900.00  5.146162142202290E-05  4.882333839635586E-06 23144758	  79    7800.00    7900.00  5.146162142202290E-05  4.882333839635586E-06 23144758	  79    7800.00    7900.00  6.962156256594674E-05  6.657182883137077E-06 23144758	  79    7800.00    7900.00  6.962156256594674E-05  6.657182883137077E-06 23144758	  79    7800.00    7900.00  5.944334085992222E-05  5.661747202045461E-06 23144758
  80    7900.00    8000.00  3.874096780150684E-05  2.283849034107561E-05 22622988	  80    7900.00    8000.00  3.874096780150684E-05  2.283849034107561E-05 22622988	  80    7900.00    8000.00  3.343665259991815E-05  1.975490788844627E-05 22622988	  80    7900.00    8000.00  3.343665259991815E-05  1.975490788844627E-05 22622988	  80    7900.00    8000.00  4.554060709298670E-05  2.675790532893023E-05 22622988	  80    7900.00    8000.00  4.554060709298670E-05  2.675790532893023E-05 22622988	  80    7900.00    8000.00  3.874096780150684E-05  2.283849034107561E-05 22622988
  81    8000.00    8100.00  4.806422933252047E-05  7.651746859345751E-06 22113854	  81    8000.00    8100.00  4.806422933252047E-05  7.651746859345751E-06 22113854	  81    8000.00    8100.00  4.147147857157563E-05  6.592613631112621E-06 22113854	  81    8000.00    8100.00  4.147147857157563E-05  6.592613631112621E-06 22113854	  81    8000.00    8100.00  5.650770045274337E-05  9.005305861325300E-06 22113854	  81    8000.00    8100.00  5.650770045274337E-05  9.005305861325300E-06 22113854	  81    8000.00    8100.00  4.806422933252047E-05  7.651746859345751E-06 22113854
  82    8100.00    8200.00  2.905953875746858E-05  1.196470272570037E-05 21618263	  82    8100.00    8200.00  2.905953875746858E-05  1.196470272570037E-05 21618263	  82    8100.00    8200.00  2.513035908956211E-05  1.026123340542503E-05 21618263	  82    8100.00    8200.00  2.513035908956211E-05  1.026123340542503E-05 21618263	  82    8100.00    8200.00  3.409376219985931E-05  1.415477159037268E-05 21618263	  82    8100.00    8200.00  3.409376219985931E-05  1.415477159037268E-05 21618263	  82    8100.00    8200.00  2.905953875746858E-05  1.196470272570037E-05 21618263
  83    8200.00    8300.00  3.550512569591781E-05  7.890191835697535E-06 21143877	  83    8200.00    8300.00  3.550512569591781E-05  7.890191835697535E-06 21143877	  83    8200.00    8300.00  3.056774889127212E-05  6.779267440196382E-06 21143877	  83    8200.00    8300.00  3.056774889127212E-05  6.779267440196382E-06 21143877	  83    8200.00    8300.00  4.185624516308630E-05  9.314746564239912E-06 21143877	  83    8200.00    8300.00  4.185624516308630E-05  9.314746564239912E-06 21143877	  83    8200.00    8300.00  3.550512569591781E-05  7.890191835697535E-06 21143877
  84    8300.00    8400.00  5.079262086995642E-05  2.580543662620691E-06 20661950	  84    8300.00    8400.00  5.079262086995642E-05  2.580543662620691E-06 20661950	  84    8300.00    8400.00  4.353298137860036E-05  2.207969506232687E-06 20661950	  84    8300.00    8400.00  4.353298137860036E-05  2.207969506232687E-06 20661950	  84    8300.00    8400.00  6.015786657077130E-05  3.061350139267436E-06 20661950	  84    8300.00    8400.00  6.015786657077130E-05  3.061350139267436E-06 20661950	  84    8300.00    8400.00  5.079262086995642E-05  2.580543662620691E-06 20661950
  85    8400.00    8500.00  3.951175668688720E-05  6.116303314504936E-06 20209610	  85    8400.00    8500.00  3.951175668688720E-05  6.116303314504936E-06 20209610	  85    8400.00    8500.00  3.385208532128330E-05  5.235966066530004E-06 20209610	  85    8400.00    8500.00  3.385208532128330E-05  5.235966066530004E-06 20209610	  85    8400.00    8500.00  4.683176724100306E-05  7.250358447264024E-06 20209610	  85    8400.00    8500.00  4.683176724100306E-05  7.250358447264024E-06 20209610	  85    8400.00    8500.00  3.951175668688720E-05  6.116303314504936E-06 20209610
  86    8500.00    8600.00  3.240719221531370E-05  6.049668719693371E-06 19763372	  86    8500.00    8600.00  3.240719221531370E-05  6.049668719693371E-06 19763372	  86    8500.00    8600.00  2.776536126795113E-05  5.164636382937990E-06 19763372	  86    8500.00    8600.00  2.776536126795113E-05  5.164636382937990E-06 19763372	  86    8500.00    8600.00  3.840718290585444E-05  7.194973131391789E-06 19763372	  86    8500.00    8600.00  3.840718290585444E-05  7.194973131391789E-06 19763372	  86    8500.00    8600.00  3.240719221531370E-05  6.049668719693371E-06 19763372
  87    8600.00    8700.00  2.407430860868786E-05  8.662388162679324E-06 19334489	  87    8600.00    8700.00  2.407430860868786E-05  8.662388162679324E-06 19334489	  87    8600.00    8700.00  2.059753367009779E-05  7.376881242976086E-06 19334489	  87    8600.00    8700.00  2.059753367009779E-05  7.376881242976086E-06 19334489	  87    8600.00    8700.00  2.858742696816710E-05  1.032899044687651E-05 19334489	  87    8600.00    8700.00  2.858742696816710E-05  1.032899044687651E-05 19334489	  87    8600.00    8700.00  2.407430860868786E-05  8.662388162679324E-06 19334489
  88    8700.00    8800.00  2.726012305976556E-05  6.922526318299116E-06 18909023	  88    8700.00    8800.00  2.726012305976556E-05  6.922526318299116E-06 18909023	  88    8700.00    8800.00  2.338626152590227E-05  5.855972096923759E-06 18909023	  88    8700.00    8800.00  2.338626152590227E-05  5.855972096923759E-06 18909023	  88    8700.00    8800.00  3.225632477356267E-05  8.320444159823997E-06 18909023	  88    8700.00    8800.00  3.225632477356267E-05  8.320444159823997E-06 18909023	  88    8700.00    8800.00  2.726012305976556E-05  6.922526318299116E-06 18909023
  89    8800.00    8900.00  3.477614112157022E-05  4.333148131982779E-06 18498536	  89    8800.00    8900.00  3.477614112157022E-05  4.333148131982779E-06 18498536	  89    8800.00    8900.00  2.959234226454174E-05  3.684503525928472E-06 18498536	  89    8800.00    8900.00  2.959234226454174E-05  3.684503525928472E-06 18498536	  89    8800.00    8900.00  4.153004320260403E-05  5.175922594319078E-06 18498536	  89    8800.00    8900.00  4.153004320260403E-05  5.175922594319078E-06 18498536	  89    8800.00    8900.00  3.477614112157022E-05  4.333148131982779E-06 18498536
  90    8900.00    9000.00  3.353352340206099E-05  2.533533153088478E-06 18093575	  90    8900.00    9000.00  3.353352340206099E-05  2.533533153088478E-06 18093575	  90    8900.00    9000.00  2.850798133396789E-05  2.142387461330928E-06 18093575	  90    8900.00    9000.00  2.850798133396789E-05  2.142387461330928E-06 18093575	  90    8900.00    9000.00  4.009069071641862E-05  3.045716228789468E-06 18093575	  90    8900.00    9000.00  4.009069071641862E-05  3.045716228789468E-06 18093575	  90    8900.00    9000.00  3.353352340206099E-05  2.533533153088478E-06 18093575
  91    9000.00    9100.00  2.686890009942200E-05  6.199545869800931E-06 17703895	  91    9000.00    9100.00  2.686890009942200E-05  6.199545869800931E-06 17703895	  91    9000.00    9100.00  2.282744763370702E-05  5.244695195759681E-06 17703895	  91    9000.00    9100.00  2.282744763370702E-05  5.244695195759681E-06 17703895	  91    9000.00    9100.00  3.215021287667154E-05  7.447640077839942E-06 17703895	  91    9000.00    9100.00  3.215021287667154E-05  7.447640077839942E-06 17703895	  91    9000.00    9100.00  2.686890009942200E-05  6.199545869800931E-06 17703895
  92    9100.00    9200.00  2.212617935272278E-05  4.046910544985156E-06 17323711	  92    9100.00    9200.00  2.212617935272278E-05  4.046910544985156E-06 17323711	  92    9100.00    9200.00  1.882781174970697E-05  3.410877922951236E-06 17323711	  92    9100.00    9200.00  1.882781174970697E-05  3.410877922951236E-06 17323711	  92    9100.00    9200.00  2.642847844378514E-05  4.882474676724435E-06 17323711	  92    9100.00    9200.00  2.642847844378514E-05  4.882474676724435E-06 17323711	  92    9100.00    9200.00  2.212617935272278E-05  4.046910544985156E-06 17323711
  93    9200.00    9300.00  2.484947506179146E-05  3.612173550243869E-06 16957039	  93    9200.00    9300.00  2.484947506179146E-05  3.612173550243869E-06 16957039	  93    9200.00    9300.00  2.103379008639740E-05  3.050770394046518E-06 16957039	  93    9200.00    9300.00  2.103379008639740E-05  3.050770394046518E-06 16957039	  93    9200.00    9300.00  2.985326596694711E-05  4.347809061982076E-06 16957039	  93    9200.00    9300.00  2.985326596694711E-05  4.347809061982076E-06 16957039	  93    9200.00    9300.00  2.484947506179146E-05  3.612173550243869E-06 16957039
  94    9300.00    9400.00  2.684125093576368E-05  2.191274744057696E-06 16592511	  94    9300.00    9400.00  2.684125093576368E-05  2.191274744057696E-06 16592511	  94    9300.00    9400.00  2.268160434592461E-05  1.841159522459813E-06 16592511	  94    9300.00    9400.00  2.268160434592461E-05  1.841159522459813E-06 16592511	  94    9300.00    9400.00  3.230567019684329E-05  2.652900336013903E-06 16592511	  94    9300.00    9400.00  3.230567019684329E-05  2.652900336013903E-06 16592511	  94    9300.00    9400.00  2.684125093576368E-05  2.191274744057696E-06 16592511
  95    9400.00    9500.00  1.547085578023117E-05  5.148059271567990E-06 16253031	  95    9400.00    9500.00  1.547085578023117E-05  5.148059271567990E-06 16253031	  95    9400.00    9500.00  1.308647304911944E-05  4.329476033325296E-06 16253031	  95    9400.00    9500.00  1.308647304911944E-05  4.329476033325296E-06 16253031	  95    9400.00    9500.00  1.860806374928605E-05  6.225903968504965E-06 16253031	  95    9400.00    9500.00  1.860806374928605E-05  6.225903968504965E-06 16253031	  95    9400.00    9500.00  1.547085578023117E-05  5.148059271567990E-06 16253031
  96    9500.00    9600.00  2.000168675997131E-05  5.439006896179737E-06 15897493	  96    9500.00    9600.00  2.000168675997131E-05  5.439006896179737E-06 15897493	  96    9500.00    9600.00  1.686279316796982E-05  4.559794288770051E-06 15897493	  96    9500.00    9600.00  1.686279316796982E-05  4.559794288770051E-06 15897493	  96    9500.00    9600.00  2.414226857350745E-05  6.600941709573310E-06 15897493	  96    9500.00    9600.00  2.414226857350745E-05  6.600941709573310E-06 15897493	  96    9500.00    9600.00  2.000168675997131E-05  5.439006896179737E-06 15897493
  97    9600.00    9700.00  1.976252596969085E-05  3.593993141489587E-06 15564328	  97    9600.00    9700.00  1.976252596969085E-05  3.593993141489587E-06 15564328	  97    9600.00    9700.00  1.661665690420594E-05  3.018515611529463E-06 15564328	  97    9600.00    9700.00  1.661665690420594E-05  3.018515611529463E-06 15564328	  97    9600.00    9700.00  2.392152820568057E-05  4.352925248603253E-06 15564328	  97    9600.00    9700.00  2.392152820568057E-05  4.352925248603253E-06 15564328	  97    9600.00    9700.00  1.976252596969085E-05  3.593993141489587E-06 15564328
  98    9700.00    9800.00  1.948534371464494E-05  2.172836457521542E-06 15242102	  98    9700.00    9800.00  1.948534371464494E-05  2.172836457521542E-06 15242102	  98    9700.00    9800.00  1.634880393921427E-05  1.817160004381248E-06 15242102	  98    9700.00    9800.00  1.634880393921427E-05  1.817160004381248E-06 15242102	  98    9700.00    9800.00  2.363960458268409E-05  2.644620224147668E-06 15242102	  98    9700.00    9800.00  2.363960458268409E-05  2.644620224147668E-06 15242102	  98    9700.00    9800.00  1.948534371464494E-05  2.172836457521542E-06 15242102
  99    9800.00    9900.00  2.240869744046263E-05  1.367689609853528E-06 14919645	  99    9800.00    9900.00  2.240869744046263E-05  1.367689609853528E-06 14919645	  99    9800.00    9900.00  1.876789624529149E-05  1.141170447289652E-06 14919645	  99    9800.00    9900.00  1.876789624529149E-05  1.141170447289652E-06 14919645	  99    9800.00    9900.00  2.724290772557575E-05  1.668929876610586E-06 14919645	  99    9800.00    9900.00  2.724290772557575E-05  1.668929876610586E-06 14919645	  99    9800.00    9900.00  2.240869744046263E-05  1.367689609853528E-06 14919645
 100    9900.00   10000.00  1.510365170765094E-05  2.868214157513125E-06 14618144	 100    9900.00   10000.00  1.510365170765094E-05  2.868214157513125E-06 14618144	 100    9900.00   10000.00  1.264168805156862E-05  2.393081993442568E-06 14618144	 100    9900.00   10000.00  1.264168805156862E-05  2.393081993442568E-06 14618144	 100    9900.00   10000.00  1.837858771384103E-05  3.499875237230186E-06 14618144	 100    9900.00   10000.00  1.837858771384103E-05  3.499875237230186E-06 14618144	 100    9900.00   10000.00  1.510365170765094E-05  2.868214157513125E-06 14618144
 101   10000.00   10100.00  8.057036950209461E-06  5.144907733163013E-06 14321191	 101   10000.00   10100.00  8.057036950209461E-06  5.144907733163013E-06 14321191	 101   10000.00   10100.00  6.746675071932062E-06  4.282846606772772E-06 14321191	 101   10000.00   10100.00  6.746675071932062E-06  4.282846606772772E-06 14321191	 101   10000.00   10100.00  9.808331816357988E-06  6.293281141902634E-06 14321191	 101   10000.00   10100.00  9.808331816357988E-06  6.293281141902634E-06 14321191	 101   10000.00   10100.00  8.057036950209461E-06  5.144907733163013E-06 14321191
 102   10100.00   10200.00  8.337950840723896E-06  1.013213414477827E-05 14015972	 102   10100.00   10200.00  8.337950840723896E-06  1.013213414477827E-05 14015972	 102   10100.00   10200.00  7.129823846333388E-06  8.291674443352599E-06 14015972	 102   10100.00   10200.00  7.129823846333388E-06  8.291674443352599E-06 14015972	 102   10100.00   10200.00  9.900814027322667E-06  1.263168553525924E-05 14015972	 102   10100.00   10200.00  9.900814027322667E-06  1.263168553525924E-05 14015972	 102   10100.00   10200.00  8.337950840723896E-06  1.013213414477827E-05 14015972
 103   10200.00   10300.00  1.461276464447270E-05  1.624967816845546E-06 13723121	 103   10200.00   10300.00  1.461276464447270E-05  1.624967816845546E-06 13723121	 103   10200.00   10300.00  1.217234056361373E-05  1.346438981449481E-06 13723121	 103   10200.00   10300.00  1.217234056361373E-05  1.346438981449481E-06 13723121	 103   10200.00   10300.00  1.787399494301751E-05  1.998494494647520E-06 13723121	 103   10200.00   10300.00  1.787399494301751E-05  1.998494494647520E-06 13723121	 103   10200.00   10300.00  1.461276464447270E-05  1.624967816845546E-06 13723121
 104   10300.00   10400.00  1.309291614606956E-05  2.194500339472129E-06 13445722	 104   10300.00   10400.00  1.309291614606956E-05  2.194500339472129E-06 13445722	 104   10300.00   10400.00  1.089859507692881E-05  1.818106145206010E-06 13445722	 104   10300.00   10400.00  1.089859507692881E-05  1.818106145206010E-06 13445722	 104   10300.00   10400.00  1.603099623059657E-05  2.698934956998470E-06 13445722	 104   10300.00   10400.00  1.603099623059657E-05  2.698934956998470E-06 13445722	 104   10300.00   10400.00  1.309291614606956E-05  2.194500339472129E-06 13445722
 105   10400.00   10500.00  3.695621459837063E-06  9.072580616432776E-06 13180604	 105   10400.00   10500.00  3.695621459837063E-06  9.072580616432776E-06 13180604	 105   10400.00   10500.00  3.129464632389448E-06  7.482933842385845E-06 13180604	 105   10400.00   10500.00  3.129464632389448E-06  7.482933842385845E-06 13180604	 105   10400.00   10500.00  4.444631683899151E-06  1.121325692067464E-05 13180604	 105   10400.00   10500.00  4.444631683899151E-06  1.121325692067464E-05 13180604	 105   10400.00   10500.00  3.695621459837063E-06  9.072580616432776E-06 13180604
 106   10500.00   10600.00  1.017215420314601E-05  2.505059726838631E-06 12904341	 106   10500.00   10600.00  1.017215420314601E-05  2.505059726838631E-06 12904341	 106   10500.00   10600.00  8.455752969513427E-06  2.067767145555384E-06 12904341	 106   10500.00   10600.00  8.455752969513427E-06  2.067767145555384E-06 12904341	 106   10500.00   10600.00  1.247327035516357E-05  3.093899610346493E-06 12904341	 106   10500.00   10600.00  1.247327035516357E-05  3.093899610346493E-06 12904341	 106   10500.00   10600.00  1.017215420314601E-05  2.505059726838631E-06 12904341
 107   10600.00   10700.00  7.996580840699607E-06  2.215690077431722E-06 12636247	 107   10600.00   10700.00  7.996580840699607E-06  2.215690077431722E-06 12636247	 107   10600.00   10700.00  6.650851887167936E-06  1.824137708862288E-06 12636247	 107   10600.00   10700.00  6.650851887167936E-06  1.824137708862288E-06 12636247	 107   10600.00   10700.00  9.801472796151699E-06  2.744874626503148E-06 12636247	 107   10600.00   10700.00  9.801472796151699E-06  2.744874626503148E-06 12636247	 107   10600.00   10700.00  7.996580840699607E-06  2.215690077431722E-06 12636247
 108   10700.00   10800.00  3.712149047955696E-07  7.746715547141546E-06 12387472	 108   10700.00   10800.00  3.712149047955696E-07  7.746715547141546E-06 12387472	 108   10700.00   10800.00  3.665548534227682E-07  6.364754917302332E-06 12387472	 108   10700.00   10800.00  3.665548534227682E-07  6.364754917302332E-06 12387472	 108   10700.00   10800.00  3.685216579656955E-07  9.616049667186172E-06 12387472	 108   10700.00   10800.00  3.685216579656955E-07  9.616049667186172E-06 12387472	 108   10700.00   10800.00  3.712149047955696E-07  7.746715547141546E-06 12387472
 109   10800.00   10900.00  8.934453857513390E-06  2.225391227536880E-06 12130166	 109   10800.00   10900.00  8.934453857513390E-06  2.225391227536880E-06 12130166	 109   10800.00   10900.00  7.384225739780576E-06  1.829137915519402E-06 12130166	 109   10800.00   10900.00  7.384225739780576E-06  1.829137915519402E-06 12130166	 109   10800.00   10900.00  1.102777676532837E-05  2.761447182752018E-06 12130166	 109   10800.00   10900.00  1.102777676532837E-05  2.761447182752018E-06 12130166	 109   10800.00   10900.00  8.934453857513390E-06  2.225391227536880E-06 12130166
 110   10900.00   11000.00  1.056170852902143E-05  8.306184512591337E-07 11877943	 110   10900.00   11000.00  1.056170852902143E-05  8.306184512591337E-07 11877943	 110   10900.00   11000.00  8.696057913750004E-06  6.816614918618201E-07 11877943	 110   10900.00   11000.00  8.696057913750004E-06  6.816614918618201E-07 11877943	 110   10900.00   11000.00  1.308891770473993E-05  1.032684739422568E-06 11877943	 110   10900.00   11000.00  1.308891770473993E-05  1.032684739422568E-06 11877943	 110   10900.00   11000.00  1.056170852902143E-05  8.306184512591337E-07 11877943
 111   11000.00   11100.00  6.258961737356174E-06  2.331113887182848E-06 11647046	 111   11000.00   11100.00  6.258961737356174E-06  2.331113887182848E-06 11647046	 111   11000.00   11100.00  5.169239207266435E-06  1.910016321641030E-06 11647046	 111   11000.00   11100.00  5.169239207266435E-06  1.910016321641030E-06 11647046	 111   11000.00   11100.00  7.735049970512748E-06  2.902732778145980E-06 11647046	 111   11000.00   11100.00  7.735049970512748E-06  2.902732778145980E-06 11647046	 111   11000.00   11100.00  6.258961737356174E-06  2.331113887182848E-06 11647046
 112   11100.00   11200.00  2.734722225635579E-06  4.200989642940913E-06 11413028	 112   11100.00   11200.00  2.734722225635579E-06  4.200989642940913E-06 11413028	 112   11100.00   11200.00  2.283751385037622E-06  3.427391873620588E-06 11413028	 112   11100.00   11200.00  2.283751385037622E-06  3.427391873620588E-06 11413028	 112   11100.00   11200.00  3.339787446856508E-06  5.256560268899957E-06 11413028	 112   11100.00   11200.00  3.339787446856508E-06  5.256560268899957E-06 11413028	 112   11100.00   11200.00  2.734722225635579E-06  4.200989642940913E-06 11413028
 113   11200.00   11300.00  8.396425372751370E-06  9.191433039647285E-07 11179373	 113   11200.00   11300.00  8.396425372751370E-06  9.191433039647285E-07 11179373	 113   11200.00   11300.00  6.878128682658930E-06  7.513481858956744E-07 11179373	 113   11200.00   11300.00  6.878128682658930E-06  7.513481858956744E-07 11179373	 113   11200.00   11300.00  1.046688212615692E-05  1.147715875289298E-06 11179373	 113   11200.00   11300.00  1.046688212615692E-05  1.147715875289298E-06 11179373	 113   11200.00   11300.00  8.396425372751370E-06  9.191433039647285E-07 11179373
 114   11300.00   11400.00  6.249113863850770E-06  2.007025181991781E-06 10956424	 114   11300.00   11400.00  6.249113863850770E-06  2.007025181991781E-06 10956424	 114   11300.00   11400.00  5.107591168171704E-06  1.639604460345953E-06 10956424	 114   11300.00   11400.00  5.107591168171704E-06  1.639604460345953E-06 10956424	 114   11300.00   11400.00  7.810269105715223E-06  2.507896953710418E-06 10956424	 114   11300.00   11400.00  7.810269105715223E-06  2.507896953710418E-06 10956424	 114   11300.00   11400.00  6.249113863850770E-06  2.007025181991781E-06 10956424
 115   11400.00   11500.00  4.137123734219929E-06  2.302719109155364E-06 10743694	 115   11400.00   11500.00  4.137123734219929E-06  2.302719109155364E-06 10743694	 115   11400.00   11500.00  3.395102645118497E-06  1.875440599681149E-06 10743694	 115   11400.00   11500.00  3.395102645118497E-06  1.875440599681149E-06 10743694	 115   11400.00   11500.00  5.149148120443751E-06  2.887235897797333E-06 10743694	 115   11400.00   11500.00  5.149148120443751E-06  2.887235897797333E-06 10743694	 115   11400.00   11500.00  4.137123734219929E-06  2.302719109155364E-06 10743694
 116   11500.00   11600.00  2.474131249919220E-06  3.394431430739111E-06 10534066	 116   11500.00   11600.00  2.474131249919220E-06  3.394431430739111E-06 10534066	 116   11500.00   11600.00  2.047523582794253E-06  2.757744353406580E-06 10534066	 116   11500.00   11600.00  2.047523582794253E-06  2.757744353406580E-06 10534066	 116   11500.00   11600.00  3.053929698409286E-06  4.267379316912335E-06 10534066	 116   11500.00   11600.00  3.053929698409286E-06  4.267379316912335E-06 10534066	 116   11500.00   11600.00  2.474131249919220E-06  3.394431430739111E-06 10534066
 117   11600.00   11700.00  5.121482350115122E-06  1.153376674355851E-06 10318885	 117   11600.00   11700.00  5.121482350115122E-06  1.153376674355851E-06 10318885	 117   11600.00   11700.00  4.177272128996440E-06  9.327620070959326E-07 10318885	 117   11600.00   11700.00  4.177272128996440E-06  9.327620070959326E-07 10318885	 117   11600.00   11700.00  6.415747193834318E-06  1.457405126394056E-06 10318885	 117   11600.00   11700.00  6.415747193834318E-06  1.457405126394056E-06 10318885	 117   11600.00   11700.00  5.121482350115122E-06  1.153376674355851E-06 10318885
 118   11700.00   11800.00  6.043659756081191E-06  8.442916130848435E-07 10114594	 118   11700.00   11800.00  6.043659756081191E-06  8.442916130848435E-07 10114594	 118   11700.00   11800.00  4.920197576104674E-06  6.825630419387859E-07 10114594	 118   11700.00   11800.00  4.920197576104674E-06  6.825630419387859E-07 10114594	 118   11700.00   11800.00  7.586827205992130E-06  1.067341059817311E-06 10114594	 118   11700.00   11800.00  7.586827205992130E-06  1.067341059817311E-06 10114594	 118   11700.00   11800.00  6.043659756081191E-06  8.442916130848435E-07 10114594
 119   11800.00   11900.00  4.746656725376184E-06  9.998669012861343E-07 9909429	 119   11800.00   11900.00  4.746656725376184E-06  9.998669012861343E-07 9909429	 119   11800.00   11900.00  3.856755632825744E-06  8.101690011274812E-07 9909429	 119   11800.00   11900.00  3.856755632825744E-06  8.101690011274812E-07 9909429	 119   11800.00   11900.00  5.971968497299380E-06  1.260846600943594E-06 9909429	 119   11800.00   11900.00  5.971968497299380E-06  1.260846600943594E-06 9909429	 119   11800.00   11900.00  4.746656725376184E-06  9.998669012861343E-07 9909429
 120   11900.00   12000.00  2.024227878623416E-06  1.713947463627263E-06 9719376	 120   11900.00   12000.00  2.024227878623416E-06  1.713947463627263E-06 9719376	 120   11900.00   12000.00  1.642978326039449E-06  1.386023310276604E-06 9719376	 120   11900.00   12000.00  1.642978326039449E-06  1.386023310276604E-06 9719376	 120   11900.00   12000.00  2.552477610797429E-06  2.166108685753855E-06 9719376	 120   11900.00   12000.00  2.552477610797429E-06  2.166108685753855E-06 9719376	 120   11900.00   12000.00  2.024227878623416E-06  1.713947463627263E-06 9719376
 121   12000.00   12100.00  1.613627887822902E-06  1.831914031206724E-06 9526266	 121   12000.00   12100.00  1.613627887822902E-06  1.831914031206724E-06 9526266	 121   12000.00   12100.00  1.318475408041554E-06  1.476301404771831E-06 9526266	 121   12000.00   12100.00  1.318475408041554E-06  1.476301404771831E-06 9526266	 121   12000.00   12100.00  2.019881660097957E-06  2.324166923514438E-06 9526266	 121   12000.00   12100.00  2.019881660097957E-06  2.324166923514438E-06 9526266	 121   12000.00   12100.00  1.613627887822902E-06  1.831914031206724E-06 9526266
 122   12100.00   12200.00  2.583634139088123E-06  1.402728418947387E-06 9345127	 122   12100.00   12200.00  2.583634139088123E-06  1.402728418947387E-06 9345127	 122   12100.00   12200.00  2.093824171310868E-06  1.131413374843188E-06 9345127	 122   12100.00   12200.00  2.093824171310868E-06  1.131413374843188E-06 9345127	 122   12100.00   12200.00  3.261503070753642E-06  1.778024608083822E-06 9345127	 122   12100.00   12200.00  3.261503070753642E-06  1.778024608083822E-06 9345127	 122   12100.00   12200.00  2.583634139088123E-06  1.402728418947387E-06 9345127
 123   12200.00   12300.00  2.364029858560944E-06  9.842748130178481E-07 9157125	 123   12200.00   12300.00  2.364029858560944E-06  9.842748130178481E-07 9157125	 123   12200.00   12300.00  1.920673683721901E-06  7.875338656052180E-07 9157125	 123   12200.00   12300.00  1.920673683721901E-06  7.875338656052180E-07 9157125	 123   12200.00   12300.00  2.975839174724090E-06  1.259096748818629E-06 9157125	 123   12200.00   12300.00  2.975839174724090E-06  1.259096748818629E-06 9157125	 123   12200.00   12300.00  2.364029858560944E-06  9.842748130178481E-07 9157125
 124   12300.00   12400.00  3.338770124128459E-06  8.285846356967431E-07 8974196	 124   12300.00   12400.00  3.338770124128459E-06  8.285846356967431E-07 8974196	 124   12300.00   12400.00  2.698390416850797E-06  6.615322251867055E-07 8974196	 124   12300.00   12400.00  2.698390416850797E-06  6.615322251867055E-07 8974196	 124   12300.00   12400.00  4.225965670848374E-06  1.062200894489996E-06 8974196	 124   12300.00   12400.00  4.225965670848374E-06  1.062200894489996E-06 8974196	 124   12300.00   12400.00  3.338770124128459E-06  8.285846356967431E-07 8974196
 125   12400.00   12500.00  3.932983852823354E-06  4.471671946051382E-07 8803528	 125   12400.00   12500.00  3.932983852823354E-06  4.471671946051382E-07 8803528	 125   12400.00   12500.00  3.167072098219284E-06  3.514827556079610E-07 8803528	 125   12400.00   12500.00  3.167072098219284E-06  3.514827556079610E-07 8803528	 125   12400.00   12500.00  4.996178345587792E-06  5.840402624850306E-07 8803528	 125   12400.00   12500.00  4.996178345587792E-06  5.840402624850306E-07 8803528	 125   12400.00   12500.00  3.932983852823354E-06  4.471671946051382E-07 8803528
 126   12500.00   12600.00  3.620923083126025E-06  3.350597770220736E-07 8632593	 126   12500.00   12600.00  3.620923083126025E-06  3.350597770220736E-07 8632593	 126   12500.00   12600.00  2.911612789618392E-06  2.675043355035408E-07 8632593	 126   12500.00   12600.00  2.911612789618392E-06  2.675043355035408E-07 8632593	 126   12500.00   12600.00  4.609283793132368E-06  4.296659798788319E-07 8632593	 126   12500.00   12600.00  4.609283793132368E-06  4.296659798788319E-07 8632593	 126   12500.00   12600.00  3.620923083126025E-06  3.350597770220736E-07 8632593
 127   12600.00   12700.00  3.725483457831112E-06  2.608109235546223E-07 8460818	 127   12600.00   12700.00  3.725483457831112E-06  2.608109235546223E-07 8460818	 127   12600.00   12700.00  2.986307681900857E-06  2.081772257561889E-07 8460818	 127   12600.00   12700.00  2.986307681900857E-06  2.081772257561889E-07 8460818	 127   12600.00   12700.00  4.758051804233798E-06  3.345148182822252E-07 8460818	 127   12600.00   12700.00  4.758051804233798E-06  3.345148182822252E-07 8460818	 127   12600.00   12700.00  3.725483457831112E-06  2.608109235546223E-07 8460818
 128   12700.00   12800.00  2.734947920375231E-06  3.605293247481387E-07 8295532	 128   12700.00   12800.00  2.734947920375231E-06  3.605293247481387E-07 8295532	 128   12700.00   12800.00  2.199893862588971E-06  2.866850278292674E-07 8295532	 128   12700.00   12800.00  2.199893862588971E-06  2.866850278292674E-07 8295532	 128   12700.00   12800.00  3.480227472577112E-06  4.643572137797750E-07 8295532	 128   12700.00   12800.00  3.480227472577112E-06  4.643572137797750E-07 8295532	 128   12700.00   12800.00  2.734947920375231E-06  3.605293247481387E-07 8295532
 129   12800.00   12900.00  2.755054352330217E-06  3.091441796069284E-07 8137081	 129   12800.00   12900.00  2.755054352330217E-06  3.091441796069284E-07 8137081	 129   12800.00   12900.00  2.213707120324505E-06  2.436201646953357E-07 8137081	 129   12800.00   12900.00  2.213707120324505E-06  2.436201646953357E-07 8137081	 129   12800.00   12900.00  3.509096553659925E-06  4.026127460842278E-07 8137081	 129   12800.00   12900.00  3.509096553659925E-06  4.026127460842278E-07 8137081	 129   12800.00   12900.00  2.755054352330217E-06  3.091441796069284E-07 8137081
 130   12900.00   13000.00  3.011852612185025E-06  2.066609950734688E-07 7968306	 130   12900.00   13000.00  3.011852612185025E-06  2.066609950734688E-07 7968306	 130   12900.00   13000.00  2.405120236513369E-06  1.638960679748686E-07 7968306	 130   12900.00   13000.00  2.405120236513369E-06  1.638960679748686E-07 7968306	 130   12900.00   13000.00  3.863209647991979E-06  2.670066937838338E-07 7968306	 130   12900.00   13000.00  3.863209647991979E-06  2.670066937838338E-07 7968306	 130   12900.00   13000.00  3.011852612185025E-06  2.066609950734688E-07 7968306
# Underflow:                 0.0000000000000000E+00  0.0000000000000000E+00 0
# Overflow:                 -4.1876528971129956E-07  3.4598500137345165E-08 13662
#-------------------------------------------------------------------------------------	#-------------------------------------------------------------------------------------	#-------------------------------------------------------------------------------------	#-------------------------------------------------------------------------------------	#-------------------------------------------------------------------------------------	#-------------------------------------------------------------------------------------	#-------------------------------------------------------------------------------------
# Sum:                      -2.8639335082695692E-02  2.3017892559776767E-04 275000
#=====================================================================================	#=====================================================================================	#=====================================================================================	#=====================================================================================	#=====================================================================================	#=====================================================================================	#=====================================================================================
