# title = Rapidity Harder Jet
# xlabel = $y_{\text{j}_1}$
# ylabel = $\frac{\text{d}\sigma}{\text{d}y_{\text{j}_1}}\,[\text{fb}]$
# xmin= -4.500E+00
# xmax=  4.500E+00
# ymin=  1.000E-04
# ymax=  4.000E-01
# kmin= -2.000E+01
# kmax=  1.000E+01
# logscale = false
# Renormalization and factorization scale scaled by: 1.0000000000
# Renormalization scaled by: 1.0000000000
# Number of generated events: 5882364
#	#	#	#	#	#	#
#=====================================================================================	#=====================================================================================	#=====================================================================================	#=====================================================================================	#=====================================================================================	#=====================================================================================	#=====================================================================================
# No.       Left      Right                   Value                   Error Hits
#-------------------------------------------------------------------------------------	#-------------------------------------------------------------------------------------	#-------------------------------------------------------------------------------------	#-------------------------------------------------------------------------------------	#-------------------------------------------------------------------------------------	#-------------------------------------------------------------------------------------	#-------------------------------------------------------------------------------------
   1      -4.50      -4.25  0.000000000000000E+00  0.000000000000000E+00 0	   1      -4.50      -4.25  0.000000000000000E+00  0.000000000000000E+00 0	   1      -4.50      -4.25  0.000000000000000E+00  0.000000000000000E+00 0	   1      -4.50      -4.25  0.000000000000000E+00  0.000000000000000E+00 0	   1      -4.50      -4.25  0.000000000000000E+00  0.000000000000000E+00 0	   1      -4.50      -4.25  0.000000000000000E+00  0.000000000000000E+00 0	   1      -4.50      -4.25  0.000000000000000E+00  0.000000000000000E+00 0
   2      -4.25      -4.00  0.000000000000000E+00  0.000000000000000E+00 0	   2      -4.25      -4.00  0.000000000000000E+00  0.000000000000000E+00 0	   2      -4.25      -4.00  0.000000000000000E+00  0.000000000000000E+00 0	   2      -4.25      -4.00  0.000000000000000E+00  0.000000000000000E+00 0	   2      -4.25      -4.00  0.000000000000000E+00  0.000000000000000E+00 0	   2      -4.25      -4.00  0.000000000000000E+00  0.000000000000000E+00 0	   2      -4.25      -4.00  0.000000000000000E+00  0.000000000000000E+00 0
   3      -4.00      -3.75  4.101778197091260E-01  8.801147874992615E-03 146927459	   3      -4.00      -3.75  4.101778197091260E-01  8.801147874992615E-03 146927459	   3      -4.00      -3.75  3.832573387644856E-01  7.814081166506700E-03 146927459	   3      -4.00      -3.75  3.832573387644856E-01  7.814081166506700E-03 146927459	   3      -4.00      -3.75  4.409368040833480E-01  1.002827926434227E-02 146927459	   3      -4.00      -3.75  4.409368040833480E-01  1.002827926434227E-02 146927459	   3      -4.00      -3.75  4.101778197091260E-01  8.801147874992615E-03 146927459
   4      -3.75      -3.50  5.260041710146178E-01  2.031097798518765E-02 168926732	   4      -3.75      -3.50  5.260041710146178E-01  2.031097798518765E-02 168926732	   4      -3.75      -3.50  4.940233418079350E-01  1.842828141470942E-02 168926732	   4      -3.75      -3.50  4.940233418079350E-01  1.842828141470942E-02 168926732	   4      -3.75      -3.50  5.622177781727581E-01  2.256052041048710E-02 168926732	   4      -3.75      -3.50  5.622177781727581E-01  2.256052041048710E-02 168926732	   4      -3.75      -3.50  5.260041710146178E-01  2.031097798518765E-02 168926732
   5      -3.50      -3.25  6.463854824960334E-01  8.900341697249275E-03 187302257	   5      -3.50      -3.25  6.463854824960334E-01  8.900341697249275E-03 187302257	   5      -3.50      -3.25  6.097433547407148E-01  8.065053312354074E-03 187302257	   5      -3.50      -3.25  6.097433547407148E-01  8.065053312354074E-03 187302257	   5      -3.50      -3.25  6.874304353787545E-01  9.933703684285448E-03 187302257	   5      -3.50      -3.25  6.874304353787545E-01  9.933703684285448E-03 187302257	   5      -3.50      -3.25  6.463854824960334E-01  8.900341697249275E-03 187302257
   6      -3.25      -3.00  7.390541084015465E-01  6.800527736598003E-03 201585183	   6      -3.25      -3.00  7.390541084015465E-01  6.800527736598003E-03 201585183	   6      -3.25      -3.00  6.990076850829100E-01  6.180525871870199E-03 201585183	   6      -3.25      -3.00  6.990076850829100E-01  6.180525871870199E-03 201585183	   6      -3.25      -3.00  7.837281435121694E-01  7.574635137966374E-03 201585183	   6      -3.25      -3.00  7.837281435121694E-01  7.574635137966374E-03 201585183	   6      -3.25      -3.00  7.390541084015465E-01  6.800527736598003E-03 201585183
   7      -3.00      -2.75  7.502023767266564E-01  1.169905572696808E-02 211390051	   7      -3.00      -2.75  7.502023767266564E-01  1.169905572696808E-02 211390051	   7      -3.00      -2.75  7.131538893220709E-01  1.065268820825296E-02 211390051	   7      -3.00      -2.75  7.131538893220709E-01  1.065268820825296E-02 211390051	   7      -3.00      -2.75  7.910319860119404E-01  1.296596463584893E-02 211390051	   7      -3.00      -2.75  7.910319860119404E-01  1.296596463584893E-02 211390051	   7      -3.00      -2.75  7.502023767266564E-01  1.169905572696808E-02 211390051
   8      -2.75      -2.50  7.602649861051520E-01  8.730673122557316E-03 216585595	   8      -2.75      -2.50  7.602649861051520E-01  8.730673122557316E-03 216585595	   8      -2.75      -2.50  7.259410193497550E-01  7.886057862057393E-03 216585595	   8      -2.75      -2.50  7.259410193497550E-01  7.886057862057393E-03 216585595	   8      -2.75      -2.50  7.974587875336536E-01  9.787287802790869E-03 216585595	   8      -2.75      -2.50  7.974587875336536E-01  9.787287802790869E-03 216585595	   8      -2.75      -2.50  7.602649861051520E-01  8.730673122557316E-03 216585595
   9      -2.50      -2.25  7.017624366007922E-01  1.206600644869258E-02 217131464	   9      -2.50      -2.25  7.017624366007922E-01  1.206600644869258E-02 217131464	   9      -2.50      -2.25  6.727269441814956E-01  1.100783378175108E-02 217131464	   9      -2.50      -2.25  6.727269441814956E-01  1.100783378175108E-02 217131464	   9      -2.50      -2.25  7.328100775069825E-01  1.333800555555688E-02 217131464	   9      -2.50      -2.25  7.328100775069825E-01  1.333800555555688E-02 217131464	   9      -2.50      -2.25  7.017624366007922E-01  1.206600644869258E-02 217131464
  10      -2.25      -2.00  6.553780925555245E-01  1.008633890192463E-02 213216461	  10      -2.25      -2.00  6.553780925555245E-01  1.008633890192463E-02 213216461	  10      -2.25      -2.00  6.312005847272223E-01  9.136221952729163E-03 213216461	  10      -2.25      -2.00  6.312005847272223E-01  9.136221952729163E-03 213216461	  10      -2.25      -2.00  6.805671012443126E-01  1.124782222219031E-02 213216461	  10      -2.25      -2.00  6.805671012443126E-01  1.124782222219031E-02 213216461	  10      -2.25      -2.00  6.553780925555245E-01  1.008633890192463E-02 213216461
  11      -2.00      -1.75  6.008658514900722E-01  6.947508146330182E-03 204932328	  11      -2.00      -1.75  6.008658514900722E-01  6.947508146330182E-03 204932328	  11      -2.00      -1.75  5.799992849217854E-01  6.401042661459528E-03 204932328	  11      -2.00      -1.75  5.799992849217854E-01  6.401042661459528E-03 204932328	  11      -2.00      -1.75  6.223178913111770E-01  7.599345910992193E-03 204932328	  11      -2.00      -1.75  6.223178913111770E-01  7.599345910992193E-03 204932328	  11      -2.00      -1.75  6.008658514900722E-01  6.947508146330182E-03 204932328
  12      -1.75      -1.50  5.229593552200942E-01  5.108980682708946E-03 192705462	  12      -1.75      -1.50  5.229593552200942E-01  5.108980682708946E-03 192705462	  12      -1.75      -1.50  5.066078956381388E-01  4.719846887456009E-03 192705462	  12      -1.75      -1.50  5.066078956381388E-01  4.719846887456009E-03 192705462	  12      -1.75      -1.50  5.392958600969885E-01  5.572812201005439E-03 192705462	  12      -1.75      -1.50  5.392958600969885E-01  5.572812201005439E-03 192705462	  12      -1.75      -1.50  5.229593552200942E-01  5.108980682708946E-03 192705462
  13      -1.50      -1.25  4.363836471008860E-01  5.456746688251618E-03 179552613	  13      -1.50      -1.25  4.363836471008860E-01  5.456746688251618E-03 179552613	  13      -1.50      -1.25  4.246297509570521E-01  5.108840717303955E-03 179552613	  13      -1.50      -1.25  4.246297509570521E-01  5.108840717303955E-03 179552613	  13      -1.50      -1.25  4.475616465005073E-01  5.862878267668237E-03 179552613	  13      -1.50      -1.25  4.475616465005073E-01  5.862878267668237E-03 179552613	  13      -1.50      -1.25  4.363836471008860E-01  5.456746688251618E-03 179552613
  14      -1.25      -1.00  3.756884232265938E-01  3.166966922690406E-03 167628900	  14      -1.25      -1.00  3.756884232265938E-01  3.166966922690406E-03 167628900	  14      -1.25      -1.00  3.662753215162540E-01  2.964837953948240E-03 167628900	  14      -1.25      -1.00  3.662753215162540E-01  2.964837953948240E-03 167628900	  14      -1.25      -1.00  3.843732973534546E-01  3.402742558622255E-03 167628900	  14      -1.25      -1.00  3.843732973534546E-01  3.402742558622255E-03 167628900	  14      -1.25      -1.00  3.756884232265938E-01  3.166966922690406E-03 167628900
  15      -1.00      -0.75  3.109399255964218E-01  2.925411831956112E-03 156288705	  15      -1.00      -0.75  3.109399255964218E-01  2.925411831956112E-03 156288705	  15      -1.00      -0.75  3.043864812053176E-01  2.743620067592516E-03 156288705	  15      -1.00      -0.75  3.043864812053176E-01  2.743620067592516E-03 156288705	  15      -1.00      -0.75  3.165085578567678E-01  3.133561336837285E-03 156288705	  15      -1.00      -0.75  3.165085578567678E-01  3.133561336837285E-03 156288705	  15      -1.00      -0.75  3.109399255964218E-01  2.925411831956112E-03 156288705
  16      -0.75      -0.50  2.615959298241567E-01  2.052153139832767E-03 146782743	  16      -0.75      -0.50  2.615959298241567E-01  2.052153139832767E-03 146782743	  16      -0.75      -0.50  2.569248916671867E-01  1.928765062847133E-03 146782743	  16      -0.75      -0.50  2.569248916671867E-01  1.928765062847133E-03 146782743	  16      -0.75      -0.50  2.651639131703754E-01  2.192173608016539E-03 146782743	  16      -0.75      -0.50  2.651639131703754E-01  2.192173608016539E-03 146782743	  16      -0.75      -0.50  2.615959298241567E-01  2.052153139832767E-03 146782743
  17      -0.50      -0.25  2.323246312607042E-01  1.311218750357316E-03 140050895	  17      -0.50      -0.25  2.323246312607042E-01  1.311218750357316E-03 140050895	  17      -0.50      -0.25  2.284917483460501E-01  1.247397639257589E-03 140050895	  17      -0.50      -0.25  2.284917483460501E-01  1.247397639257589E-03 140050895	  17      -0.50      -0.25  2.350483774646782E-01  1.381528554117322E-03 140050895	  17      -0.50      -0.25  2.350483774646782E-01  1.381528554117322E-03 140050895	  17      -0.50      -0.25  2.323246312607042E-01  1.311218750357316E-03 140050895
  18      -0.25       0.00  2.132137227539322E-01  1.075058312740894E-03 136666840	  18      -0.25       0.00  2.132137227539322E-01  1.075058312740894E-03 136666840	  18      -0.25       0.00  2.100737593673990E-01  1.025446766855214E-03 136666840	  18      -0.25       0.00  2.100737593673990E-01  1.025446766855214E-03 136666840	  18      -0.25       0.00  2.152111598808781E-01  1.128700074278222E-03 136666840	  18      -0.25       0.00  2.152111598808781E-01  1.128700074278222E-03 136666840	  18      -0.25       0.00  2.132137227539322E-01  1.075058312740894E-03 136666840
  19       0.00       0.25  2.148674830242910E-01  1.060425134382305E-03 136994879	  19       0.00       0.25  2.148674830242910E-01  1.060425134382305E-03 136994879	  19       0.00       0.25  2.116326858262871E-01  1.015700920913226E-03 136994879	  19       0.00       0.25  2.116326858262871E-01  1.015700920913226E-03 136994879	  19       0.00       0.25  2.169724685252066E-01  1.107453811607761E-03 136994879	  19       0.00       0.25  2.169724685252066E-01  1.107453811607761E-03 136994879	  19       0.00       0.25  2.148674830242910E-01  1.060425134382305E-03 136994879
  20       0.25       0.50  2.307508470941927E-01  1.243810820105721E-03 141027440	  20       0.25       0.50  2.307508470941927E-01  1.243810820105721E-03 141027440	  20       0.25       0.50  2.269693543069203E-01  1.190397315990905E-03 141027440	  20       0.25       0.50  2.269693543069203E-01  1.190397315990905E-03 141027440	  20       0.25       0.50  2.334230955170127E-01  1.302687081899751E-03 141027440	  20       0.25       0.50  2.334230955170127E-01  1.302687081899751E-03 141027440	  20       0.25       0.50  2.307508470941927E-01  1.243810820105721E-03 141027440
  21       0.50       0.75  2.628995662369786E-01  1.895593971694575E-03 148486270	  21       0.50       0.75  2.628995662369786E-01  1.895593971694575E-03 148486270	  21       0.50       0.75  2.579848621314965E-01  1.793923022793452E-03 148486270	  21       0.50       0.75  2.579848621314965E-01  1.793923022793452E-03 148486270	  21       0.50       0.75  2.667648228979375E-01  2.009800153981329E-03 148486270	  21       0.50       0.75  2.667648228979375E-01  2.009800153981329E-03 148486270	  21       0.50       0.75  2.628995662369786E-01  1.895593971694575E-03 148486270
  22       0.75       1.00  3.116958242909377E-01  3.026714634596202E-03 158894899	  22       0.75       1.00  3.116958242909377E-01  3.026714634596202E-03 158894899	  22       0.75       1.00  3.051368366073666E-01  2.859146794911976E-03 158894899	  22       0.75       1.00  3.051368366073666E-01  2.859146794911976E-03 158894899	  22       0.75       1.00  3.172657340905559E-01  3.214398595664246E-03 158894899	  22       0.75       1.00  3.172657340905559E-01  3.214398595664246E-03 158894899	  22       0.75       1.00  3.116958242909377E-01  3.026714634596202E-03 158894899
  23       1.00       1.25  3.749069310782217E-01  4.623853505513688E-03 171331455	  23       1.00       1.25  3.749069310782217E-01  4.623853505513688E-03 171331455	  23       1.00       1.25  3.657926327137024E-01  4.242269605332923E-03 171331455	  23       1.00       1.25  3.657926327137024E-01  4.242269605332923E-03 171331455	  23       1.00       1.25  3.832137634347029E-01  5.077000155892319E-03 171331455	  23       1.00       1.25  3.832137634347029E-01  5.077000155892319E-03 171331455	  23       1.00       1.25  3.749069310782217E-01  4.623853505513688E-03 171331455
  24       1.25       1.50  4.438549356727007E-01  4.308359870094184E-03 184612797	  24       1.25       1.50  4.438549356727007E-01  4.308359870094184E-03 184612797	  24       1.25       1.50  4.314995766500269E-01  4.010586246145063E-03 184612797	  24       1.25       1.50  4.314995766500269E-01  4.010586246145063E-03 184612797	  24       1.25       1.50  4.557492207278878E-01  4.655306943543661E-03 184612797	  24       1.25       1.50  4.557492207278878E-01  4.655306943543661E-03 184612797	  24       1.25       1.50  4.438549356727007E-01  4.308359870094184E-03 184612797
  25       1.50       1.75  5.182153812998562E-01  6.568536393470321E-03 199282063	  25       1.50       1.75  5.182153812998562E-01  6.568536393470321E-03 199282063	  25       1.50       1.75  5.022400602754282E-01  6.017586734413436E-03 199282063	  25       1.50       1.75  5.022400602754282E-01  6.017586734413436E-03 199282063	  25       1.50       1.75  5.341190925352919E-01  7.224857331948297E-03 199282063	  25       1.50       1.75  5.341190925352919E-01  7.224857331948297E-03 199282063	  25       1.50       1.75  5.182153812998562E-01  6.568536393470321E-03 199282063
  26       1.75       2.00  5.896421656490495E-01  7.561058547258309E-03 213119106	  26       1.75       2.00  5.896421656490495E-01  7.561058547258309E-03 213119106	  26       1.75       2.00  5.696536552676139E-01  6.858390339523826E-03 213119106	  26       1.75       2.00  5.696536552676139E-01  6.858390339523826E-03 213119106	  26       1.75       2.00  6.100424274272198E-01  8.434519743069375E-03 213119106	  26       1.75       2.00  6.100424274272198E-01  8.434519743069375E-03 213119106	  26       1.75       2.00  5.896421656490495E-01  7.561058547258309E-03 213119106
  27       2.00       2.25  6.650123571653093E-01  7.625532985267572E-03 222886457	  27       2.00       2.25  6.650123571653093E-01  7.625532985267572E-03 222886457	  27       2.00       2.25  6.396252105571105E-01  6.979012783215397E-03 222886457	  27       2.00       2.25  6.396252105571105E-01  6.979012783215397E-03 222886457	  27       2.00       2.25  6.917026481138721E-01  8.413407310619209E-03 222886457	  27       2.00       2.25  6.917026481138721E-01  8.413407310619209E-03 222886457	  27       2.00       2.25  6.650123571653093E-01  7.625532985267572E-03 222886457
  28       2.25       2.50  7.034628103720327E-01  1.431467765813276E-02 228173970	  28       2.25       2.50  7.034628103720327E-01  1.431467765813276E-02 228173970	  28       2.25       2.50  6.756956172882566E-01  1.272467339436335E-02 228173970	  28       2.25       2.50  6.756956172882566E-01  1.272467339436335E-02 228173970	  28       2.25       2.50  7.327637130175193E-01  1.630243803585493E-02 228173970	  28       2.25       2.50  7.327637130175193E-01  1.630243803585493E-02 228173970	  28       2.25       2.50  7.034628103720327E-01  1.431467765813276E-02 228173970
  29       2.50       2.75  7.570227739324159E-01  9.320877892783319E-03 228577177	  29       2.50       2.75  7.570227739324159E-01  9.320877892783319E-03 228577177	  29       2.50       2.75  7.225196925002411E-01  8.476564201950913E-03 228577177	  29       2.50       2.75  7.225196925002411E-01  8.476564201950913E-03 228577177	  29       2.50       2.75  7.945164512670264E-01  1.036086586432968E-02 228577177	  29       2.50       2.75  7.945164512670264E-01  1.036086586432968E-02 228577177	  29       2.50       2.75  7.570227739324159E-01  9.320877892783319E-03 228577177
  30       2.75       3.00  7.561745039185007E-01  9.332999503748466E-03 223995829	  30       2.75       3.00  7.561745039185007E-01  9.332999503748466E-03 223995829	  30       2.75       3.00  7.191060311251676E-01  8.420564396723675E-03 223995829	  30       2.75       3.00  7.191060311251676E-01  8.420564396723675E-03 223995829	  30       2.75       3.00  7.969168757817262E-01  1.046520358563660E-02 223995829	  30       2.75       3.00  7.969168757817262E-01  1.046520358563660E-02 223995829	  30       2.75       3.00  7.561745039185007E-01  9.332999503748466E-03 223995829
  31       3.00       3.25  7.201507313637237E-01  9.795278125988318E-03 214327989	  31       3.00       3.25  7.201507313637237E-01  9.795278125988318E-03 214327989	  31       3.00       3.25  6.825761205255934E-01  8.650684092013795E-03 214327989	  31       3.00       3.25  6.825761205255934E-01  8.650684092013795E-03 214327989	  31       3.00       3.25  7.616727220866262E-01  1.128148059550700E-02 214327989	  31       3.00       3.25  7.616727220866262E-01  1.128148059550700E-02 214327989	  31       3.00       3.25  7.201507313637237E-01  9.795278125988318E-03 214327989
  32       3.25       3.50  6.498276391390849E-01  8.499091038867930E-03 199690868	  32       3.25       3.50  6.498276391390849E-01  8.499091038867930E-03 199690868	  32       3.25       3.50  6.125616609760731E-01  7.685221731021040E-03 199690868	  32       3.25       3.50  6.125616609760731E-01  7.685221731021040E-03 199690868	  32       3.25       3.50  6.917067687869508E-01  9.504535786305005E-03 199690868	  32       3.25       3.50  6.917067687869508E-01  9.504535786305005E-03 199690868	  32       3.25       3.50  6.498276391390849E-01  8.499091038867930E-03 199690868
  33       3.50       3.75  5.302199347344487E-01  1.026802303918033E-02 180443483	  33       3.50       3.75  5.302199347344487E-01  1.026802303918033E-02 180443483	  33       3.50       3.75  4.980594672694694E-01  9.191811704182666E-03 180443483	  33       3.50       3.75  4.980594672694694E-01  9.191811704182666E-03 180443483	  33       3.50       3.75  5.665275446176083E-01  1.165057631377769E-02 180443483	  33       3.50       3.75  5.665275446176083E-01  1.165057631377769E-02 180443483	  33       3.50       3.75  5.302199347344487E-01  1.026802303918033E-02 180443483
  34       3.75       4.00  4.154504244493483E-01  5.558787893560621E-03 157096386	  34       3.75       4.00  4.154504244493483E-01  5.558787893560621E-03 157096386	  34       3.75       4.00  3.883221093581245E-01  4.967534983532294E-03 157096386	  34       3.75       4.00  3.883221093581245E-01  4.967534983532294E-03 157096386	  34       3.75       4.00  4.464185614216211E-01  6.289142700883391E-03 157096386	  34       3.75       4.00  4.464185614216211E-01  6.289142700883391E-03 157096386	  34       3.75       4.00  4.154504244493483E-01  5.558787893560621E-03 157096386
  35       4.00       4.25  0.000000000000000E+00  0.000000000000000E+00 0	  35       4.00       4.25  0.000000000000000E+00  0.000000000000000E+00 0	  35       4.00       4.25  0.000000000000000E+00  0.000000000000000E+00 0	  35       4.00       4.25  0.000000000000000E+00  0.000000000000000E+00 0	  35       4.00       4.25  0.000000000000000E+00  0.000000000000000E+00 0	  35       4.00       4.25  0.000000000000000E+00  0.000000000000000E+00 0	  35       4.00       4.25  0.000000000000000E+00  0.000000000000000E+00 0
  36       4.25       4.50  0.000000000000000E+00  0.000000000000000E+00 0	  36       4.25       4.50  0.000000000000000E+00  0.000000000000000E+00 0	  36       4.25       4.50  0.000000000000000E+00  0.000000000000000E+00 0	  36       4.25       4.50  0.000000000000000E+00  0.000000000000000E+00 0	  36       4.25       4.50  0.000000000000000E+00  0.000000000000000E+00 0	  36       4.25       4.50  0.000000000000000E+00  0.000000000000000E+00 0	  36       4.25       4.50  0.000000000000000E+00  0.000000000000000E+00 0
# Underflow:                 0.0000000000000000E+00  0.0000000000000000E+00 0
# Overflow:                  0.0000000000000000E+00  0.0000000000000000E+00 0
#-------------------------------------------------------------------------------------	#-------------------------------------------------------------------------------------	#-------------------------------------------------------------------------------------	#-------------------------------------------------------------------------------------	#-------------------------------------------------------------------------------------	#-------------------------------------------------------------------------------------	#-------------------------------------------------------------------------------------
# Sum:                      -2.8639335082695668E-02  2.3017328664271327E-04 275000
#=====================================================================================	#=====================================================================================	#=====================================================================================	#=====================================================================================	#=====================================================================================	#=====================================================================================	#=====================================================================================
