# title = Rapidity separation Jets
# xlabel = $\Delta y_{\text{j}_1 \text{j}_2}$
# ylabel = $\frac{\text{d}\sigma}{\text{d}\Delta y_{\text{j}_1 \text{j}_2}}\,[\text{fb}]$
# xmin= -9.000E+00
# xmax=  9.000E+00
# ymin=  1.000E-04
# ymax=  3.000E-01
# kmin= -2.000E+01
# kmax=  1.000E+01
# logscale = false
# Renormalization and factorization scale scaled by: 1.0000000000
# Renormalization scaled by: 1.0000000000
# Number of generated events: 6256085999
#	#	#	#	#	#	#
#=====================================================================================	#=====================================================================================	#=====================================================================================	#=====================================================================================	#=====================================================================================	#=====================================================================================	#=====================================================================================
# No.       Left      Right                   Value                   Error Hits
#-------------------------------------------------------------------------------------	#-------------------------------------------------------------------------------------	#-------------------------------------------------------------------------------------	#-------------------------------------------------------------------------------------	#-------------------------------------------------------------------------------------	#-------------------------------------------------------------------------------------	#-------------------------------------------------------------------------------------
   1      -9.00      -8.75  0.000000000000000E+00  0.000000000000000E+00 0	   1      -9.00      -8.75  0.000000000000000E+00  0.000000000000000E+00 0	   1      -9.00      -8.75  0.000000000000000E+00  0.000000000000000E+00 0	   1      -9.00      -8.75  0.000000000000000E+00  0.000000000000000E+00 0	   1      -9.00      -8.75  0.000000000000000E+00  0.000000000000000E+00 0	   1      -9.00      -8.75  0.000000000000000E+00  0.000000000000000E+00 0	   1      -9.00      -8.75  0.000000000000000E+00  0.000000000000000E+00 0
   2      -8.75      -8.50  0.000000000000000E+00  0.000000000000000E+00 0	   2      -8.75      -8.50  0.000000000000000E+00  0.000000000000000E+00 0	   2      -8.75      -8.50  0.000000000000000E+00  0.000000000000000E+00 0	   2      -8.75      -8.50  0.000000000000000E+00  0.000000000000000E+00 0	   2      -8.75      -8.50  0.000000000000000E+00  0.000000000000000E+00 0	   2      -8.75      -8.50  0.000000000000000E+00  0.000000000000000E+00 0	   2      -8.75      -8.50  0.000000000000000E+00  0.000000000000000E+00 0
   3      -8.50      -8.25  0.000000000000000E+00  0.000000000000000E+00 0	   3      -8.50      -8.25  0.000000000000000E+00  0.000000000000000E+00 0	   3      -8.50      -8.25  0.000000000000000E+00  0.000000000000000E+00 0	   3      -8.50      -8.25  0.000000000000000E+00  0.000000000000000E+00 0	   3      -8.50      -8.25  0.000000000000000E+00  0.000000000000000E+00 0	   3      -8.50      -8.25  0.000000000000000E+00  0.000000000000000E+00 0	   3      -8.50      -8.25  0.000000000000000E+00  0.000000000000000E+00 0
   4      -8.25      -8.00  0.000000000000000E+00  0.000000000000000E+00 0	   4      -8.25      -8.00  0.000000000000000E+00  0.000000000000000E+00 0	   4      -8.25      -8.00  0.000000000000000E+00  0.000000000000000E+00 0	   4      -8.25      -8.00  0.000000000000000E+00  0.000000000000000E+00 0	   4      -8.25      -8.00  0.000000000000000E+00  0.000000000000000E+00 0	   4      -8.25      -8.00  0.000000000000000E+00  0.000000000000000E+00 0	   4      -8.25      -8.00  0.000000000000000E+00  0.000000000000000E+00 0
   5      -8.00      -7.75  1.202411708094885E-03  3.209462432503518E-04 2016085	   5      -8.00      -7.75  1.202411708094885E-03  3.209462432503518E-04 2016085	   5      -8.00      -7.75  1.029796744351448E-03  2.713149154191250E-04 2016085	   5      -8.00      -7.75  1.029796744351448E-03  2.713149154191250E-04 2016085	   5      -8.00      -7.75  1.428917975825331E-03  3.860883163247386E-04 2016085	   5      -8.00      -7.75  1.428917975825331E-03  3.860883163247386E-04 2016085	   5      -8.00      -7.75  1.202411708094885E-03  3.209462432503518E-04 2016085
   6      -7.75      -7.50  5.936284663240521E-03  4.343744413280716E-04 7143500	   6      -7.75      -7.50  5.936284663240521E-03  4.343744413280716E-04 7143500	   6      -7.75      -7.50  5.094281118332101E-03  3.747152985248870E-04 7143500	   6      -7.75      -7.50  5.094281118332101E-03  3.747152985248870E-04 7143500	   6      -7.75      -7.50  7.035355861350874E-03  5.106183393989170E-04 7143500	   6      -7.75      -7.50  7.035355861350874E-03  5.106183393989170E-04 7143500	   6      -7.75      -7.50  5.936284663240521E-03  4.343744413280716E-04 7143500
   7      -7.50      -7.25  1.365238659177193E-02  4.487300487197812E-04 14305992	   7      -7.50      -7.25  1.365238659177193E-02  4.487300487197812E-04 14305992	   7      -7.50      -7.25  1.183786431485354E-02  3.703480880934367E-04 14305992	   7      -7.50      -7.25  1.183786431485354E-02  3.703480880934367E-04 14305992	   7      -7.50      -7.25  1.598675592779914E-02  5.566576106664895E-04 14305992	   7      -7.50      -7.25  1.598675592779914E-02  5.566576106664895E-04 14305992	   7      -7.50      -7.25  1.365238659177193E-02  4.487300487197812E-04 14305992
   8      -7.25      -7.00  2.433723974605636E-02  5.573773072860362E-04 23710008	   8      -7.25      -7.00  2.433723974605636E-02  5.573773072860362E-04 23710008	   8      -7.25      -7.00  2.120209550352286E-02  4.750727816251680E-04 23710008	   8      -7.25      -7.00  2.120209550352286E-02  4.750727816251680E-04 23710008	   8      -7.25      -7.00  2.835273051821094E-02  6.651173224808566E-04 23710008	   8      -7.25      -7.00  2.835273051821094E-02  6.651173224808566E-04 23710008	   8      -7.25      -7.00  2.433723974605636E-02  5.573773072860362E-04 23710008
   9      -7.00      -6.75  3.186434968125314E-02  5.141743915652166E-03 35490048	   9      -7.00      -6.75  3.186434968125314E-02  5.141743915652166E-03 35490048	   9      -7.00      -6.75  2.817252852198486E-02  4.332171025473590E-03 35490048	   9      -7.00      -6.75  2.817252852198486E-02  4.332171025473590E-03 35490048	   9      -7.00      -6.75  3.649953851838452E-02  6.205759137118883E-03 35490048	   9      -7.00      -6.75  3.649953851838452E-02  6.205759137118883E-03 35490048	   9      -7.00      -6.75  3.186434968125314E-02  5.141743915652166E-03 35490048
  10      -6.75      -6.50  5.616913672787958E-02  9.656462000946966E-04 49758876	  10      -6.75      -6.50  5.616913672787958E-02  9.656462000946966E-04 49758876	  10      -6.75      -6.50  4.959257877380221E-02  8.361439893111801E-04 49758876	  10      -6.75      -6.50  4.959257877380221E-02  8.361439893111801E-04 49758876	  10      -6.75      -6.50  6.444164545892353E-02  1.132479696489093E-03 49758876	  10      -6.75      -6.50  6.444164545892353E-02  1.132479696489093E-03 49758876	  10      -6.75      -6.50  5.616913672787958E-02  9.656462000946966E-04 49758876
  11      -6.50      -6.25  7.380607011924062E-02  1.543567723874199E-03 66437454	  11      -6.50      -6.25  7.380607011924062E-02  1.543567723874199E-03 66437454	  11      -6.50      -6.25  6.568832633894722E-02  1.340615284601021E-03 66437454	  11      -6.50      -6.25  6.568832633894722E-02  1.340615284601021E-03 66437454	  11      -6.50      -6.25  8.390396940235106E-02  1.803859721720271E-03 66437454	  11      -6.50      -6.25  8.390396940235106E-02  1.803859721720271E-03 66437454	  11      -6.50      -6.25  7.380607011924062E-02  1.543567723874199E-03 66437454
  12      -6.25      -6.00  9.848353163085249E-02  1.691449970238175E-03 85431857	  12      -6.25      -6.00  9.848353163085249E-02  1.691449970238175E-03 85431857	  12      -6.25      -6.00  8.812775799986676E-02  1.475837174540239E-03 85431857	  12      -6.25      -6.00  8.812775799986676E-02  1.475837174540239E-03 85431857	  12      -6.25      -6.00  1.112684294593311E-01  1.966178661588210E-03 85431857	  12      -6.25      -6.00  1.112684294593311E-01  1.966178661588210E-03 85431857	  12      -6.25      -6.00  9.848353163085249E-02  1.691449970238175E-03 85431857
  13      -6.00      -5.75  1.191140797584920E-01  1.791305481883399E-03 106478068	  13      -6.00      -5.75  1.191140797584920E-01  1.791305481883399E-03 106478068	  13      -6.00      -5.75  1.073649565806181E-01  1.568853319787681E-03 106478068	  13      -6.00      -5.75  1.073649565806181E-01  1.568853319787681E-03 106478068	  13      -6.00      -5.75  1.334516027187948E-01  2.076255765920717E-03 106478068	  13      -6.00      -5.75  1.334516027187948E-01  2.076255765920717E-03 106478068	  13      -6.00      -5.75  1.191140797584920E-01  1.791305481883399E-03 106478068
  14      -5.75      -5.50  1.467048133123538E-01  1.321482711403619E-03 129221372	  14      -5.75      -5.50  1.467048133123538E-01  1.321482711403619E-03 129221372	  14      -5.75      -5.50  1.328946355350623E-01  1.173428565324720E-03 129221372	  14      -5.75      -5.50  1.328946355350623E-01  1.173428565324720E-03 129221372	  14      -5.75      -5.50  1.634364546698429E-01  1.506909001775252E-03 129221372	  14      -5.75      -5.50  1.634364546698429E-01  1.506909001775252E-03 129221372	  14      -5.75      -5.50  1.467048133123538E-01  1.321482711403619E-03 129221372
  15      -5.50      -5.25  1.618133798977999E-01  2.322402127238755E-03 152974772	  15      -5.50      -5.25  1.618133798977999E-01  2.322402127238755E-03 152974772	  15      -5.50      -5.25  1.477833449104645E-01  2.046431585309326E-03 152974772	  15      -5.50      -5.25  1.477833449104645E-01  2.046431585309326E-03 152974772	  15      -5.50      -5.25  1.785620357293631E-01  2.671867391662476E-03 152974772	  15      -5.50      -5.25  1.785620357293631E-01  2.671867391662476E-03 152974772	  15      -5.50      -5.25  1.618133798977999E-01  2.322402127238755E-03 152974772
  16      -5.25      -5.00  1.859862092650126E-01  1.694710447675642E-03 176693193	  16      -5.25      -5.00  1.859862092650126E-01  1.694710447675642E-03 176693193	  16      -5.25      -5.00  1.706023692252745E-01  1.501912766129140E-03 176693193	  16      -5.25      -5.00  1.706023692252745E-01  1.501912766129140E-03 176693193	  16      -5.25      -5.00  2.042147403084288E-01  1.937089629380970E-03 176693193	  16      -5.25      -5.00  2.042147403084288E-01  1.937089629380970E-03 176693193	  16      -5.25      -5.00  1.859862092650126E-01  1.694710447675642E-03 176693193
  17      -5.00      -4.75  1.995966141845049E-01  1.785561533725199E-03 199287483	  17      -5.00      -4.75  1.995966141845049E-01  1.785561533725199E-03 199287483	  17      -5.00      -4.75  1.841815262729677E-01  1.599354965628967E-03 199287483	  17      -5.00      -4.75  1.841815262729677E-01  1.599354965628967E-03 199287483	  17      -5.00      -4.75  2.176434642849432E-01  2.016294148790767E-03 199287483	  17      -5.00      -4.75  2.176434642849432E-01  2.016294148790767E-03 199287483	  17      -5.00      -4.75  1.995966141845049E-01  1.785561533725199E-03 199287483
  18      -4.75      -4.50  2.086851987370486E-01  1.690227370592175E-03 219312668	  18      -4.75      -4.50  2.086851987370486E-01  1.690227370592175E-03 219312668	  18      -4.75      -4.50  1.937781378959530E-01  1.502460115606078E-03 219312668	  18      -4.75      -4.50  1.937781378959530E-01  1.502460115606078E-03 219312668	  18      -4.75      -4.50  2.258788629293696E-01  1.927025256618398E-03 219312668	  18      -4.75      -4.50  2.258788629293696E-01  1.927025256618398E-03 219312668	  18      -4.75      -4.50  2.086851987370486E-01  1.690227370592175E-03 219312668
  19      -4.50      -4.25  2.094045106630960E-01  1.920476835948902E-03 235298401	  19      -4.50      -4.25  2.094045106630960E-01  1.920476835948902E-03 235298401	  19      -4.50      -4.25  1.952005887273940E-01  1.738051323369898E-03 235298401	  19      -4.50      -4.25  1.952005887273940E-01  1.738051323369898E-03 235298401	  19      -4.50      -4.25  2.256529577898436E-01  2.143433314635490E-03 235298401	  19      -4.50      -4.25  2.256529577898436E-01  2.143433314635490E-03 235298401	  19      -4.50      -4.25  2.094045106630960E-01  1.920476835948902E-03 235298401
  20      -4.25      -4.00  2.083170749502985E-01  1.456063112950741E-03 245898795	  20      -4.25      -4.00  2.083170749502985E-01  1.456063112950741E-03 245898795	  20      -4.25      -4.00  1.949403703015239E-01  1.327966109877589E-03 245898795	  20      -4.25      -4.00  1.949403703015239E-01  1.327966109877589E-03 245898795	  20      -4.25      -4.00  2.234678686266262E-01  1.610703853721547E-03 245898795	  20      -4.25      -4.00  2.234678686266262E-01  1.610703853721547E-03 245898795	  20      -4.25      -4.00  2.083170749502985E-01  1.456063112950741E-03 245898795
  21      -4.00      -3.75  1.955035918750276E-01  1.184791748871155E-03 250009856	  21      -4.00      -3.75  1.955035918750276E-01  1.184791748871155E-03 250009856	  21      -4.00      -3.75  1.836866953326085E-01  1.075725451645546E-03 250009856	  21      -4.00      -3.75  1.836866953326085E-01  1.075725451645546E-03 250009856	  21      -4.00      -3.75  2.087254049731467E-01  1.318605189811947E-03 250009856	  21      -4.00      -3.75  2.087254049731467E-01  1.318605189811947E-03 250009856	  21      -4.00      -3.75  1.955035918750276E-01  1.184791748871155E-03 250009856
  22      -3.75      -3.50  1.783987881546696E-01  1.127466348699721E-03 247024055	  22      -3.75      -3.50  1.783987881546696E-01  1.127466348699721E-03 247024055	  22      -3.75      -3.50  1.680684140821584E-01  1.034873719797588E-03 247024055	  22      -3.75      -3.50  1.680684140821584E-01  1.034873719797588E-03 247024055	  22      -3.75      -3.50  1.898664824534740E-01  1.237549488651807E-03 247024055	  22      -3.75      -3.50  1.898664824534740E-01  1.237549488651807E-03 247024055	  22      -3.75      -3.50  1.783987881546696E-01  1.127466348699721E-03 247024055
  23      -3.50      -3.25  1.536649261522811E-01  8.672672962695692E-04 237082125	  23      -3.50      -3.25  1.536649261522811E-01  8.672672962695692E-04 237082125	  23      -3.50      -3.25  1.452293540195274E-01  7.947333545768720E-04 237082125	  23      -3.50      -3.25  1.452293540195274E-01  7.947333545768720E-04 237082125	  23      -3.50      -3.25  1.629186943639972E-01  9.547240802085751E-04 237082125	  23      -3.50      -3.25  1.629186943639972E-01  9.547240802085751E-04 237082125	  23      -3.50      -3.25  1.536649261522811E-01  8.672672962695692E-04 237082125
  24      -3.25      -3.00  1.263777084471798E-01  8.729130887363260E-04 220997354	  24      -3.25      -3.00  1.263777084471798E-01  8.729130887363260E-04 220997354	  24      -3.25      -3.00  1.197762327945153E-01  7.965872506791988E-04 220997354	  24      -3.25      -3.00  1.197762327945153E-01  7.965872506791988E-04 220997354	  24      -3.25      -3.00  1.335428937708234E-01  9.652388385782834E-04 220997354	  24      -3.25      -3.00  1.335428937708234E-01  9.652388385782834E-04 220997354	  24      -3.25      -3.00  1.263777084471798E-01  8.729130887363260E-04 220997354
  25      -3.00      -2.75  9.952385640595050E-02  6.695467883377316E-04 200247931	  25      -3.00      -2.75  9.952385640595050E-02  6.695467883377316E-04 200247931	  25      -3.00      -2.75  9.443805735055354E-02  6.193947737546023E-04 200247931	  25      -3.00      -2.75  9.443805735055354E-02  6.193947737546023E-04 200247931	  25      -3.00      -2.75  1.050157430394700E-01  7.299000576897983E-04 200247931	  25      -3.00      -2.75  1.050157430394700E-01  7.299000576897983E-04 200247931	  25      -3.00      -2.75  9.952385640595050E-02  6.695467883377316E-04 200247931
  26      -2.75      -2.50  7.466427976959090E-02  5.597266366659756E-04 176616527	  26      -2.75      -2.50  7.466427976959090E-02  5.597266366659756E-04 176616527	  26      -2.75      -2.50  7.094750298750906E-02  5.165417183338698E-04 176616527	  26      -2.75      -2.50  7.094750298750906E-02  5.165417183338698E-04 176616527	  26      -2.75      -2.50  7.865751022892684E-02  6.111009521078511E-04 176616527	  26      -2.75      -2.50  7.865751022892684E-02  6.111009521078511E-04 176616527	  26      -2.75      -2.50  7.466427976959090E-02  5.597266366659756E-04 176616527
  27      -2.50      -2.25  0.000000000000000E+00  0.000000000000000E+00 0	  27      -2.50      -2.25  0.000000000000000E+00  0.000000000000000E+00 0	  27      -2.50      -2.25  0.000000000000000E+00  0.000000000000000E+00 0	  27      -2.50      -2.25  0.000000000000000E+00  0.000000000000000E+00 0	  27      -2.50      -2.25  0.000000000000000E+00  0.000000000000000E+00 0	  27      -2.50      -2.25  0.000000000000000E+00  0.000000000000000E+00 0	  27      -2.50      -2.25  0.000000000000000E+00  0.000000000000000E+00 0
  28      -2.25      -2.00  0.000000000000000E+00  0.000000000000000E+00 0	  28      -2.25      -2.00  0.000000000000000E+00  0.000000000000000E+00 0	  28      -2.25      -2.00  0.000000000000000E+00  0.000000000000000E+00 0	  28      -2.25      -2.00  0.000000000000000E+00  0.000000000000000E+00 0	  28      -2.25      -2.00  0.000000000000000E+00  0.000000000000000E+00 0	  28      -2.25      -2.00  0.000000000000000E+00  0.000000000000000E+00 0	  28      -2.25      -2.00  0.000000000000000E+00  0.000000000000000E+00 0
  29      -2.00      -1.75  0.000000000000000E+00  0.000000000000000E+00 0	  29      -2.00      -1.75  0.000000000000000E+00  0.000000000000000E+00 0	  29      -2.00      -1.75  0.000000000000000E+00  0.000000000000000E+00 0	  29      -2.00      -1.75  0.000000000000000E+00  0.000000000000000E+00 0	  29      -2.00      -1.75  0.000000000000000E+00  0.000000000000000E+00 0	  29      -2.00      -1.75  0.000000000000000E+00  0.000000000000000E+00 0	  29      -2.00      -1.75  0.000000000000000E+00  0.000000000000000E+00 0
  30      -1.75      -1.50  0.000000000000000E+00  0.000000000000000E+00 0	  30      -1.75      -1.50  0.000000000000000E+00  0.000000000000000E+00 0	  30      -1.75      -1.50  0.000000000000000E+00  0.000000000000000E+00 0	  30      -1.75      -1.50  0.000000000000000E+00  0.000000000000000E+00 0	  30      -1.75      -1.50  0.000000000000000E+00  0.000000000000000E+00 0	  30      -1.75      -1.50  0.000000000000000E+00  0.000000000000000E+00 0	  30      -1.75      -1.50  0.000000000000000E+00  0.000000000000000E+00 0
  31      -1.50      -1.25  0.000000000000000E+00  0.000000000000000E+00 0	  31      -1.50      -1.25  0.000000000000000E+00  0.000000000000000E+00 0	  31      -1.50      -1.25  0.000000000000000E+00  0.000000000000000E+00 0	  31      -1.50      -1.25  0.000000000000000E+00  0.000000000000000E+00 0	  31      -1.50      -1.25  0.000000000000000E+00  0.000000000000000E+00 0	  31      -1.50      -1.25  0.000000000000000E+00  0.000000000000000E+00 0	  31      -1.50      -1.25  0.000000000000000E+00  0.000000000000000E+00 0
  32      -1.25      -1.00  0.000000000000000E+00  0.000000000000000E+00 0	  32      -1.25      -1.00  0.000000000000000E+00  0.000000000000000E+00 0	  32      -1.25      -1.00  0.000000000000000E+00  0.000000000000000E+00 0	  32      -1.25      -1.00  0.000000000000000E+00  0.000000000000000E+00 0	  32      -1.25      -1.00  0.000000000000000E+00  0.000000000000000E+00 0	  32      -1.25      -1.00  0.000000000000000E+00  0.000000000000000E+00 0	  32      -1.25      -1.00  0.000000000000000E+00  0.000000000000000E+00 0
  33      -1.00      -0.75  0.000000000000000E+00  0.000000000000000E+00 0	  33      -1.00      -0.75  0.000000000000000E+00  0.000000000000000E+00 0	  33      -1.00      -0.75  0.000000000000000E+00  0.000000000000000E+00 0	  33      -1.00      -0.75  0.000000000000000E+00  0.000000000000000E+00 0	  33      -1.00      -0.75  0.000000000000000E+00  0.000000000000000E+00 0	  33      -1.00      -0.75  0.000000000000000E+00  0.000000000000000E+00 0	  33      -1.00      -0.75  0.000000000000000E+00  0.000000000000000E+00 0
  34      -0.75      -0.50  0.000000000000000E+00  0.000000000000000E+00 0	  34      -0.75      -0.50  0.000000000000000E+00  0.000000000000000E+00 0	  34      -0.75      -0.50  0.000000000000000E+00  0.000000000000000E+00 0	  34      -0.75      -0.50  0.000000000000000E+00  0.000000000000000E+00 0	  34      -0.75      -0.50  0.000000000000000E+00  0.000000000000000E+00 0	  34      -0.75      -0.50  0.000000000000000E+00  0.000000000000000E+00 0	  34      -0.75      -0.50  0.000000000000000E+00  0.000000000000000E+00 0
  35      -0.50      -0.25  0.000000000000000E+00  0.000000000000000E+00 0	  35      -0.50      -0.25  0.000000000000000E+00  0.000000000000000E+00 0	  35      -0.50      -0.25  0.000000000000000E+00  0.000000000000000E+00 0	  35      -0.50      -0.25  0.000000000000000E+00  0.000000000000000E+00 0	  35      -0.50      -0.25  0.000000000000000E+00  0.000000000000000E+00 0	  35      -0.50      -0.25  0.000000000000000E+00  0.000000000000000E+00 0	  35      -0.50      -0.25  0.000000000000000E+00  0.000000000000000E+00 0
  36      -0.25       0.00  0.000000000000000E+00  0.000000000000000E+00 0	  36      -0.25       0.00  0.000000000000000E+00  0.000000000000000E+00 0	  36      -0.25       0.00  0.000000000000000E+00  0.000000000000000E+00 0	  36      -0.25       0.00  0.000000000000000E+00  0.000000000000000E+00 0	  36      -0.25       0.00  0.000000000000000E+00  0.000000000000000E+00 0	  36      -0.25       0.00  0.000000000000000E+00  0.000000000000000E+00 0	  36      -0.25       0.00  0.000000000000000E+00  0.000000000000000E+00 0
  37       0.00       0.25  0.000000000000000E+00  0.000000000000000E+00 0	  37       0.00       0.25  0.000000000000000E+00  0.000000000000000E+00 0	  37       0.00       0.25  0.000000000000000E+00  0.000000000000000E+00 0	  37       0.00       0.25  0.000000000000000E+00  0.000000000000000E+00 0	  37       0.00       0.25  0.000000000000000E+00  0.000000000000000E+00 0	  37       0.00       0.25  0.000000000000000E+00  0.000000000000000E+00 0	  37       0.00       0.25  0.000000000000000E+00  0.000000000000000E+00 0
  38       0.25       0.50  0.000000000000000E+00  0.000000000000000E+00 0	  38       0.25       0.50  0.000000000000000E+00  0.000000000000000E+00 0	  38       0.25       0.50  0.000000000000000E+00  0.000000000000000E+00 0	  38       0.25       0.50  0.000000000000000E+00  0.000000000000000E+00 0	  38       0.25       0.50  0.000000000000000E+00  0.000000000000000E+00 0	  38       0.25       0.50  0.000000000000000E+00  0.000000000000000E+00 0	  38       0.25       0.50  0.000000000000000E+00  0.000000000000000E+00 0
  39       0.50       0.75  0.000000000000000E+00  0.000000000000000E+00 0	  39       0.50       0.75  0.000000000000000E+00  0.000000000000000E+00 0	  39       0.50       0.75  0.000000000000000E+00  0.000000000000000E+00 0	  39       0.50       0.75  0.000000000000000E+00  0.000000000000000E+00 0	  39       0.50       0.75  0.000000000000000E+00  0.000000000000000E+00 0	  39       0.50       0.75  0.000000000000000E+00  0.000000000000000E+00 0	  39       0.50       0.75  0.000000000000000E+00  0.000000000000000E+00 0
  40       0.75       1.00  0.000000000000000E+00  0.000000000000000E+00 0	  40       0.75       1.00  0.000000000000000E+00  0.000000000000000E+00 0	  40       0.75       1.00  0.000000000000000E+00  0.000000000000000E+00 0	  40       0.75       1.00  0.000000000000000E+00  0.000000000000000E+00 0	  40       0.75       1.00  0.000000000000000E+00  0.000000000000000E+00 0	  40       0.75       1.00  0.000000000000000E+00  0.000000000000000E+00 0	  40       0.75       1.00  0.000000000000000E+00  0.000000000000000E+00 0
  41       1.00       1.25  0.000000000000000E+00  0.000000000000000E+00 0	  41       1.00       1.25  0.000000000000000E+00  0.000000000000000E+00 0	  41       1.00       1.25  0.000000000000000E+00  0.000000000000000E+00 0	  41       1.00       1.25  0.000000000000000E+00  0.000000000000000E+00 0	  41       1.00       1.25  0.000000000000000E+00  0.000000000000000E+00 0	  41       1.00       1.25  0.000000000000000E+00  0.000000000000000E+00 0	  41       1.00       1.25  0.000000000000000E+00  0.000000000000000E+00 0
  42       1.25       1.50  0.000000000000000E+00  0.000000000000000E+00 0	  42       1.25       1.50  0.000000000000000E+00  0.000000000000000E+00 0	  42       1.25       1.50  0.000000000000000E+00  0.000000000000000E+00 0	  42       1.25       1.50  0.000000000000000E+00  0.000000000000000E+00 0	  42       1.25       1.50  0.000000000000000E+00  0.000000000000000E+00 0	  42       1.25       1.50  0.000000000000000E+00  0.000000000000000E+00 0	  42       1.25       1.50  0.000000000000000E+00  0.000000000000000E+00 0
  43       1.50       1.75  0.000000000000000E+00  0.000000000000000E+00 0	  43       1.50       1.75  0.000000000000000E+00  0.000000000000000E+00 0	  43       1.50       1.75  0.000000000000000E+00  0.000000000000000E+00 0	  43       1.50       1.75  0.000000000000000E+00  0.000000000000000E+00 0	  43       1.50       1.75  0.000000000000000E+00  0.000000000000000E+00 0	  43       1.50       1.75  0.000000000000000E+00  0.000000000000000E+00 0	  43       1.50       1.75  0.000000000000000E+00  0.000000000000000E+00 0
  44       1.75       2.00  0.000000000000000E+00  0.000000000000000E+00 0	  44       1.75       2.00  0.000000000000000E+00  0.000000000000000E+00 0	  44       1.75       2.00  0.000000000000000E+00  0.000000000000000E+00 0	  44       1.75       2.00  0.000000000000000E+00  0.000000000000000E+00 0	  44       1.75       2.00  0.000000000000000E+00  0.000000000000000E+00 0	  44       1.75       2.00  0.000000000000000E+00  0.000000000000000E+00 0	  44       1.75       2.00  0.000000000000000E+00  0.000000000000000E+00 0
  45       2.00       2.25  0.000000000000000E+00  0.000000000000000E+00 0	  45       2.00       2.25  0.000000000000000E+00  0.000000000000000E+00 0	  45       2.00       2.25  0.000000000000000E+00  0.000000000000000E+00 0	  45       2.00       2.25  0.000000000000000E+00  0.000000000000000E+00 0	  45       2.00       2.25  0.000000000000000E+00  0.000000000000000E+00 0	  45       2.00       2.25  0.000000000000000E+00  0.000000000000000E+00 0	  45       2.00       2.25  0.000000000000000E+00  0.000000000000000E+00 0
  46       2.25       2.50  0.000000000000000E+00  0.000000000000000E+00 0	  46       2.25       2.50  0.000000000000000E+00  0.000000000000000E+00 0	  46       2.25       2.50  0.000000000000000E+00  0.000000000000000E+00 0	  46       2.25       2.50  0.000000000000000E+00  0.000000000000000E+00 0	  46       2.25       2.50  0.000000000000000E+00  0.000000000000000E+00 0	  46       2.25       2.50  0.000000000000000E+00  0.000000000000000E+00 0	  46       2.25       2.50  0.000000000000000E+00  0.000000000000000E+00 0
  47       2.50       2.75  7.575134933165004E-02  4.956720962371741E-04 175544760	  47       2.50       2.75  7.575134933165004E-02  4.956720962371741E-04 175544760	  47       2.50       2.75  7.196993740154305E-02  4.547373164502156E-04 175544760	  47       2.50       2.75  7.196993740154305E-02  4.547373164502156E-04 175544760	  47       2.50       2.75  7.981609500732978E-02  5.449050849378772E-04 175544760	  47       2.50       2.75  7.981609500732978E-02  5.449050849378772E-04 175544760	  47       2.50       2.75  7.575134933165004E-02  4.956720962371741E-04 175544760
  48       2.75       3.00  9.905224194947185E-02  7.294281684759210E-04 197322815	  48       2.75       3.00  9.905224194947185E-02  7.294281684759210E-04 197322815	  48       2.75       3.00  9.404567401944353E-02  6.667394342464908E-04 197322815	  48       2.75       3.00  9.404567401944353E-02  6.667394342464908E-04 197322815	  48       2.75       3.00  1.044420138070854E-01  8.055021451477325E-04 197322815	  48       2.75       3.00  1.044420138070854E-01  8.055021451477325E-04 197322815	  48       2.75       3.00  9.905224194947185E-02  7.294281684759210E-04 197322815
  49       3.00       3.25  1.262052645339585E-01  8.224379462974198E-04 215822116	  49       3.00       3.25  1.262052645339585E-01  8.224379462974198E-04 215822116	  49       3.00       3.25  1.195568565814985E-01  7.582857860567476E-04 215822116	  49       3.00       3.25  1.195568565814985E-01  7.582857860567476E-04 215822116	  49       3.00       3.25  1.334353146167486E-01  8.988800406292156E-04 215822116	  49       3.00       3.25  1.334353146167486E-01  8.988800406292156E-04 215822116	  49       3.00       3.25  1.262052645339585E-01  8.224379462974198E-04 215822116
  50       3.25       3.50  1.527786744455240E-01  1.152103377938358E-03 229464553	  50       3.25       3.50  1.527786744455240E-01  1.152103377938358E-03 229464553	  50       3.25       3.50  1.444086656076561E-01  1.048738259739112E-03 229464553	  50       3.25       3.50  1.444086656076561E-01  1.048738259739112E-03 229464553	  50       3.25       3.50  1.619580123044321E-01  1.277380673752072E-03 229464553	  50       3.25       3.50  1.619580123044321E-01  1.277380673752072E-03 229464553	  50       3.25       3.50  1.527786744455240E-01  1.152103377938358E-03 229464553
  51       3.50       3.75  1.722863601769420E-01  2.963180488786589E-03 237207412	  51       3.50       3.75  1.722863601769420E-01  2.963180488786589E-03 237207412	  51       3.50       3.75  1.627162634013701E-01  2.547014856584502E-03 237207412	  51       3.50       3.75  1.627162634013701E-01  2.547014856584502E-03 237207412	  51       3.50       3.75  1.827836688093544E-01  3.504492568332091E-03 237207412	  51       3.50       3.75  1.827836688093544E-01  3.504492568332091E-03 237207412	  51       3.50       3.75  1.722863601769420E-01  2.963180488786589E-03 237207412
  52       3.75       4.00  1.946446616794303E-01  1.367938224895317E-03 238453070	  52       3.75       4.00  1.946446616794303E-01  1.367938224895317E-03 238453070	  52       3.75       4.00  1.829580521149455E-01  1.236328952438335E-03 238453070	  52       3.75       4.00  1.829580521149455E-01  1.236328952438335E-03 238453070	  52       3.75       4.00  2.077055549199581E-01  1.528611801975244E-03 238453070	  52       3.75       4.00  2.077055549199581E-01  1.528611801975244E-03 238453070	  52       3.75       4.00  1.946446616794303E-01  1.367938224895317E-03 238453070
  53       4.00       4.25  2.101443456589237E-01  1.209080091945633E-03 233258936	  53       4.00       4.25  2.101443456589237E-01  1.209080091945633E-03 233258936	  53       4.00       4.25  1.966472632961521E-01  1.091548377438672E-03 233258936	  53       4.00       4.25  1.966472632961521E-01  1.091548377438672E-03 233258936	  53       4.00       4.25  2.254216162817852E-01  1.354736807574442E-03 233258936	  53       4.00       4.25  2.254216162817852E-01  1.354736807574442E-03 233258936	  53       4.00       4.25  2.101443456589237E-01  1.209080091945633E-03 233258936
  54       4.25       4.50  2.113452436162599E-01  1.694079355928299E-03 222222383	  54       4.25       4.50  2.113452436162599E-01  1.694079355928299E-03 222222383	  54       4.25       4.50  1.970439698352280E-01  1.525249795355102E-03 222222383	  54       4.25       4.50  1.970439698352280E-01  1.525249795355102E-03 222222383	  54       4.25       4.50  2.276938141203896E-01  1.902330535455891E-03 222222383	  54       4.25       4.50  2.276938141203896E-01  1.902330535455891E-03 222222383	  54       4.25       4.50  2.113452436162599E-01  1.694079355928299E-03 222222383
  55       4.50       4.75  2.068449547097702E-01  1.859095994975021E-03 206391246	  55       4.50       4.75  2.068449547097702E-01  1.859095994975021E-03 206391246	  55       4.50       4.75  1.919753621677408E-01  1.670221150138444E-03 206391246	  55       4.50       4.75  1.919753621677408E-01  1.670221150138444E-03 206391246	  55       4.50       4.75  2.240307156714971E-01  2.091595246093944E-03 206391246	  55       4.50       4.75  2.240307156714971E-01  2.091595246093944E-03 206391246	  55       4.50       4.75  2.068449547097702E-01  1.859095994975021E-03 206391246
  56       4.75       5.00  1.947626616221043E-01  4.607928839311726E-03 186945285	  56       4.75       5.00  1.947626616221043E-01  4.607928839311726E-03 186945285	  56       4.75       5.00  1.798922182333844E-01  4.185378463106285E-03 186945285	  56       4.75       5.00  1.798922182333844E-01  4.185378463106285E-03 186945285	  56       4.75       5.00  2.121336724815817E-01  5.113976037230587E-03 186945285	  56       4.75       5.00  2.121336724815817E-01  5.113976037230587E-03 186945285	  56       4.75       5.00  1.947626616221043E-01  4.607928839311726E-03 186945285
  57       5.00       5.25  1.837876936697661E-01  2.471804388557619E-03 165312713	  57       5.00       5.25  1.837876936697661E-01  2.471804388557619E-03 165312713	  57       5.00       5.25  1.685460767663756E-01  2.226949035984424E-03 165312713	  57       5.00       5.25  1.685460767663756E-01  2.226949035984424E-03 165312713	  57       5.00       5.25  2.018597135924008E-01  2.769724607281814E-03 165312713	  57       5.00       5.25  2.018597135924008E-01  2.769724607281814E-03 165312713	  57       5.00       5.25  1.837876936697661E-01  2.471804388557619E-03 165312713
  58       5.25       5.50  1.713359167932299E-01  1.425985918851109E-03 142773743	  58       5.25       5.50  1.713359167932299E-01  1.425985918851109E-03 142773743	  58       5.25       5.50  1.561185419267174E-01  1.264823846476203E-03 142773743	  58       5.25       5.50  1.561185419267174E-01  1.264823846476203E-03 142773743	  58       5.25       5.50  1.895896437562885E-01  1.627840396597314E-03 142773743	  58       5.25       5.50  1.895896437562885E-01  1.627840396597314E-03 142773743	  58       5.25       5.50  1.713359167932299E-01  1.425985918851109E-03 142773743
  59       5.50       5.75  1.404174054678508E-01  2.389849068602715E-03 120412815	  59       5.50       5.75  1.404174054678508E-01  2.389849068602715E-03 120412815	  59       5.50       5.75  1.274049101008750E-01  2.106663065946724E-03 120412815	  59       5.50       5.75  1.274049101008750E-01  2.106663065946724E-03 120412815	  59       5.50       5.75  1.561330729468126E-01  2.748921710658184E-03 120412815	  59       5.50       5.75  1.561330729468126E-01  2.748921710658184E-03 120412815	  59       5.50       5.75  1.404174054678508E-01  2.389849068602715E-03 120412815
  60       5.75       6.00  1.233773594815534E-01  1.485102940991845E-03 99087343	  60       5.75       6.00  1.233773594815534E-01  1.485102940991845E-03 99087343	  60       5.75       6.00  1.110394077820682E-01  1.314324956929124E-03 99087343	  60       5.75       6.00  1.110394077820682E-01  1.314324956929124E-03 99087343	  60       5.75       6.00  1.384733556887047E-01  1.700103753754609E-03 99087343	  60       5.75       6.00  1.384733556887047E-01  1.700103753754609E-03 99087343	  60       5.75       6.00  1.233773594815534E-01  1.485102940991845E-03 99087343
  61       6.00       6.25  9.692552771956450E-02  1.551296452829540E-03 79468625	  61       6.00       6.25  9.692552771956450E-02  1.551296452829540E-03 79468625	  61       6.00       6.25  8.669555324847458E-02  1.380905276111126E-03 79468625	  61       6.00       6.25  8.669555324847458E-02  1.380905276111126E-03 79468625	  61       6.00       6.25  1.095537118398409E-01  1.766364428952230E-03 79468625	  61       6.00       6.25  1.095537118398409E-01  1.766364428952230E-03 79468625	  61       6.00       6.25  9.692552771956450E-02  1.551296452829540E-03 79468625
  62       6.25       6.50  7.765938298391284E-02  1.386549830182237E-03 61800227	  62       6.25       6.50  7.765938298391284E-02  1.386549830182237E-03 61800227	  62       6.25       6.50  6.902670971016842E-02  1.184988817223461E-03 61800227	  62       6.25       6.50  6.902670971016842E-02  1.184988817223461E-03 61800227	  62       6.25       6.50  8.841637920815847E-02  1.650054141444343E-03 61800227	  62       6.25       6.50  8.841637920815847E-02  1.650054141444343E-03 61800227	  62       6.25       6.50  7.765938298391284E-02  1.386549830182237E-03 61800227
  63       6.50       6.75  5.501988345151115E-02  1.356473306341137E-03 46321400	  63       6.50       6.75  5.501988345151115E-02  1.356473306341137E-03 46321400	  63       6.50       6.75  4.862844692125488E-02  1.173127126222152E-03 46321400	  63       6.50       6.75  4.862844692125488E-02  1.173127126222152E-03 46321400	  63       6.50       6.75  6.304420855491054E-02  1.594059360370005E-03 46321400	  63       6.50       6.75  6.304420855491054E-02  1.594059360370005E-03 46321400	  63       6.50       6.75  5.501988345151115E-02  1.356473306341137E-03 46321400
  64       6.75       7.00  3.869041056907903E-02  8.049996891208014E-04 33104688	  64       6.75       7.00  3.869041056907903E-02  8.049996891208014E-04 33104688	  64       6.75       7.00  3.391336893552645E-02  6.938142286794475E-04 33104688	  64       6.75       7.00  3.391336893552645E-02  6.938142286794475E-04 33104688	  64       6.75       7.00  4.475895389730650E-02  9.501926172903360E-04 33104688	  64       6.75       7.00  4.475895389730650E-02  9.501926172903360E-04 33104688	  64       6.75       7.00  3.869041056907903E-02  8.049996891208014E-04 33104688
  65       7.00       7.25  2.474638596769036E-02  4.458654006837086E-04 22152835	  65       7.00       7.25  2.474638596769036E-02  4.458654006837086E-04 22152835	  65       7.00       7.25  2.153925032731077E-02  3.819871031232614E-04 22152835	  65       7.00       7.25  2.153925032731077E-02  3.819871031232614E-04 22152835	  65       7.00       7.25  2.885579649454040E-02  5.303197641735041E-04 22152835	  65       7.00       7.25  2.885579649454040E-02  5.303197641735041E-04 22152835	  65       7.00       7.25  2.474638596769036E-02  4.458654006837086E-04 22152835
  66       7.25       7.50  1.405261463422339E-02  2.800486994233288E-04 13398190	  66       7.25       7.50  1.405261463422339E-02  2.800486994233288E-04 13398190	  66       7.25       7.50  1.215850333649931E-02  2.396369996008518E-04 13398190	  66       7.25       7.50  1.215850333649931E-02  2.396369996008518E-04 13398190	  66       7.25       7.50  1.649802195389315E-02  3.329394817358389E-04 13398190	  66       7.25       7.50  1.649802195389315E-02  3.329394817358389E-04 13398190	  66       7.25       7.50  1.405261463422339E-02  2.800486994233288E-04 13398190
  67       7.50       7.75  5.902672269918768E-03  2.417144998514081E-04 6711499	  67       7.50       7.75  5.902672269918768E-03  2.417144998514081E-04 6711499	  67       7.50       7.75  5.071150697679256E-03  2.065170880101260E-04 6711499	  67       7.50       7.75  5.071150697679256E-03  2.065170880101260E-04 6711499	  67       7.50       7.75  6.987277650003910E-03  2.874945715160497E-04 6711499	  67       7.50       7.75  6.987277650003910E-03  2.874945715160497E-04 6711499	  67       7.50       7.75  5.902672269918768E-03  2.417144998514081E-04 6711499
  68       7.75       8.00  1.560927098424496E-03  4.505561992908197E-05 1897630	  68       7.75       8.00  1.560927098424496E-03  4.505561992908197E-05 1897630	  68       7.75       8.00  1.331757274222655E-03  3.822001286215126E-05 1897630	  68       7.75       8.00  1.331757274222655E-03  3.822001286215126E-05 1897630	  68       7.75       8.00  1.861502009832698E-03  5.423489047712260E-05 1897630	  68       7.75       8.00  1.861502009832698E-03  5.423489047712260E-05 1897630	  68       7.75       8.00  1.560927098424496E-03  4.505561992908197E-05 1897630
  69       8.00       8.25  0.000000000000000E+00  0.000000000000000E+00 0	  69       8.00       8.25  0.000000000000000E+00  0.000000000000000E+00 0	  69       8.00       8.25  0.000000000000000E+00  0.000000000000000E+00 0	  69       8.00       8.25  0.000000000000000E+00  0.000000000000000E+00 0	  69       8.00       8.25  0.000000000000000E+00  0.000000000000000E+00 0	  69       8.00       8.25  0.000000000000000E+00  0.000000000000000E+00 0	  69       8.00       8.25  0.000000000000000E+00  0.000000000000000E+00 0
  70       8.25       8.50  0.000000000000000E+00  0.000000000000000E+00 0	  70       8.25       8.50  0.000000000000000E+00  0.000000000000000E+00 0	  70       8.25       8.50  0.000000000000000E+00  0.000000000000000E+00 0	  70       8.25       8.50  0.000000000000000E+00  0.000000000000000E+00 0	  70       8.25       8.50  0.000000000000000E+00  0.000000000000000E+00 0	  70       8.25       8.50  0.000000000000000E+00  0.000000000000000E+00 0	  70       8.25       8.50  0.000000000000000E+00  0.000000000000000E+00 0
  71       8.50       8.75  0.000000000000000E+00  0.000000000000000E+00 0	  71       8.50       8.75  0.000000000000000E+00  0.000000000000000E+00 0	  71       8.50       8.75  0.000000000000000E+00  0.000000000000000E+00 0	  71       8.50       8.75  0.000000000000000E+00  0.000000000000000E+00 0	  71       8.50       8.75  0.000000000000000E+00  0.000000000000000E+00 0	  71       8.50       8.75  0.000000000000000E+00  0.000000000000000E+00 0	  71       8.50       8.75  0.000000000000000E+00  0.000000000000000E+00 0
  72       8.75       9.00  0.000000000000000E+00  0.000000000000000E+00 0	  72       8.75       9.00  0.000000000000000E+00  0.000000000000000E+00 0	  72       8.75       9.00  0.000000000000000E+00  0.000000000000000E+00 0	  72       8.75       9.00  0.000000000000000E+00  0.000000000000000E+00 0	  72       8.75       9.00  0.000000000000000E+00  0.000000000000000E+00 0	  72       8.75       9.00  0.000000000000000E+00  0.000000000000000E+00 0	  72       8.75       9.00  0.000000000000000E+00  0.000000000000000E+00 0
# Underflow:                 0.0000000000000000E+00  0.0000000000000000E+00 0
# Overflow:                  0.0000000000000000E+00  0.0000000000000000E+00 0
#-------------------------------------------------------------------------------------	#-------------------------------------------------------------------------------------	#-------------------------------------------------------------------------------------	#-------------------------------------------------------------------------------------	#-------------------------------------------------------------------------------------	#-------------------------------------------------------------------------------------	#-------------------------------------------------------------------------------------
# Sum:                       1.0080251081081872E+00  1.6418796023624262E-04 438479000
#=====================================================================================	#=====================================================================================	#=====================================================================================	#=====================================================================================	#=====================================================================================	#=====================================================================================	#=====================================================================================
