# title = Distance Positron--anti-Muon
# xlabel = $\Delta R_{\text{e}^+\mu^+}$
# ylabel = $\frac{\text{d}\sigma}{\text{d}\Delta R_{\text{e}^+\mu^+}}\,[\text{fb}]$
# xmin=  0.000E+00
# xmax=  6.000E+00
# ymin=  1.000E-04
# ymax=  1.000E+00
# kmin= -2.000E+01
# kmax=  1.000E+01
# logscale = true
# Renormalization and factorization scale scaled by: 1.0000000000
# Renormalization scaled by: 1.0000000000
# Number of generated events: 5329313117
#	#	#	#	#	#	#
#=====================================================================================	#=====================================================================================	#=====================================================================================	#=====================================================================================	#=====================================================================================	#=====================================================================================	#=====================================================================================
# No.       Left      Right                   Value                   Error Hits
#-------------------------------------------------------------------------------------	#-------------------------------------------------------------------------------------	#-------------------------------------------------------------------------------------	#-------------------------------------------------------------------------------------	#-------------------------------------------------------------------------------------	#-------------------------------------------------------------------------------------	#-------------------------------------------------------------------------------------
   1       0.00       0.20  0.000000000000000E+00  0.000000000000000E+00 0	   1       0.00       0.20  0.000000000000000E+00  0.000000000000000E+00 0	   1       0.00       0.20  0.000000000000000E+00  0.000000000000000E+00 0	   1       0.00       0.20  0.000000000000000E+00  0.000000000000000E+00 0	   1       0.00       0.20  0.000000000000000E+00  0.000000000000000E+00 0	   1       0.00       0.20  0.000000000000000E+00  0.000000000000000E+00 0	   1       0.00       0.20  0.000000000000000E+00  0.000000000000000E+00 0
   2       0.20       0.40  2.291794281109489E-02  3.650830359830371E-05 15870375	   2       0.20       0.40  2.291794281109489E-02  3.650830359830371E-05 15870375	   2       0.20       0.40  2.099863112747125E-02  3.298933617615519E-05 15870375	   2       0.20       0.40  2.099863112747125E-02  3.298933617615519E-05 15870375	   2       0.20       0.40  2.519521135047829E-02  4.085722828209613E-05 15870375	   2       0.20       0.40  2.519521135047829E-02  4.085722828209613E-05 15870375	   2       0.20       0.40  2.291794281109489E-02  3.650830359830371E-05 15870375
   3       0.40       0.60  1.122439619180556E-01  9.224987333226769E-05 64883870	   3       0.40       0.60  1.122439619180556E-01  9.224987333226769E-05 64883870	   3       0.40       0.60  1.036459842207691E-01  8.358600036285801E-05 64883870	   3       0.40       0.60  1.036459842207691E-01  8.358600036285801E-05 64883870	   3       0.40       0.60  1.223036674488643E-01  1.029353689211372E-04 64883870	   3       0.40       0.60  1.223036674488643E-01  1.029353689211372E-04 64883870	   3       0.40       0.60  1.122439619180556E-01  9.224987333226769E-05 64883870
   4       0.60       0.80  1.961912041342766E-01  1.288610797379059E-04 108309105	   4       0.60       0.80  1.961912041342766E-01  1.288610797379059E-04 108309105	   4       0.60       0.80  1.817071523755612E-01  1.169793558348197E-04 108309105	   4       0.60       0.80  1.817071523755612E-01  1.169793558348197E-04 108309105	   4       0.60       0.80  2.130372017522505E-01  1.434793218615412E-04 108309105	   4       0.60       0.80  2.130372017522505E-01  1.434793218615412E-04 108309105	   4       0.60       0.80  1.961912041342766E-01  1.288610797379059E-04 108309105
   5       0.80       1.00  2.611085320224468E-01  1.514825795050676E-04 141064615	   5       0.80       1.00  2.611085320224468E-01  1.514825795050676E-04 141064615	   5       0.80       1.00  2.418837014141831E-01  1.375591960484068E-04 141064615	   5       0.80       1.00  2.418837014141831E-01  1.375591960484068E-04 141064615	   5       0.80       1.00  2.834598702011764E-01  1.686127937565686E-04 141064615	   5       0.80       1.00  2.834598702011764E-01  1.686127937565686E-04 141064615	   5       0.80       1.00  2.611085320224468E-01  1.514825795050676E-04 141064615
   6       1.00       1.20  3.145089471830137E-01  1.677369423459875E-04 168141471	   6       1.00       1.20  3.145089471830137E-01  1.677369423459875E-04 168141471	   6       1.00       1.20  2.912354322491827E-01  1.523719855228614E-04 168141471	   6       1.00       1.20  2.912354322491827E-01  1.523719855228614E-04 168141471	   6       1.00       1.20  3.415873753089597E-01  1.866126887256024E-04 168141471	   6       1.00       1.20  3.415873753089597E-01  1.866126887256024E-04 168141471	   6       1.00       1.20  3.145089471830137E-01  1.677369423459875E-04 168141471
   7       1.20       1.40  3.636377350172804E-01  1.786138797653731E-04 192501145	   7       1.20       1.40  3.636377350172804E-01  1.786138797653731E-04 192501145	   7       1.20       1.40  3.365607613279294E-01  1.623290617232178E-04 192501145	   7       1.20       1.40  3.365607613279294E-01  1.623290617232178E-04 192501145	   7       1.20       1.40  3.951731053314229E-01  1.986170632379895E-04 192501145	   7       1.20       1.40  3.951731053314229E-01  1.986170632379895E-04 192501145	   7       1.20       1.40  3.636377350172804E-01  1.786138797653731E-04 192501145
   8       1.40       1.60  4.111143424142301E-01  1.920937359500936E-04 214486807	   8       1.40       1.60  4.111143424142301E-01  1.920937359500936E-04 214486807	   8       1.40       1.60  3.802743026621838E-01  1.744747530028756E-04 214486807	   8       1.40       1.60  3.802743026621838E-01  1.744747530028756E-04 214486807	   8       1.40       1.60  4.470745148109402E-01  2.137606052133656E-04 214486807	   8       1.40       1.60  4.470745148109402E-01  2.137606052133656E-04 214486807	   8       1.40       1.60  4.111143424142301E-01  1.920937359500936E-04 214486807
   9       1.60       1.80  4.569342627232457E-01  2.045053204170795E-04 233966422	   9       1.60       1.80  4.569342627232457E-01  2.045053204170795E-04 233966422	   9       1.60       1.80  4.223873856422166E-01  1.857698730487633E-04 233966422	   9       1.60       1.80  4.223873856422166E-01  1.857698730487633E-04 233966422	   9       1.60       1.80  4.972651551322194E-01  2.275276322518329E-04 233966422	   9       1.60       1.80  4.972651551322194E-01  2.275276322518329E-04 233966422	   9       1.60       1.80  4.569342627232457E-01  2.045053204170795E-04 233966422
  10       1.80       2.00  5.005432521980722E-01  2.166465415219703E-04 250960986	  10       1.80       2.00  5.005432521980722E-01  2.166465415219703E-04 250960986	  10       1.80       2.00  4.623875014520274E-01  1.968297123330349E-04 250960986	  10       1.80       2.00  4.623875014520274E-01  1.968297123330349E-04 250960986	  10       1.80       2.00  5.451433619589158E-01  2.409843267051261E-04 250960986	  10       1.80       2.00  5.451433619589158E-01  2.409843267051261E-04 250960986	  10       1.80       2.00  5.005432521980722E-01  2.166465415219703E-04 250960986
  11       2.00       2.20  5.443073823273711E-01  2.305197639301170E-04 265613253	  11       2.00       2.20  5.443073823273711E-01  2.305197639301170E-04 265613253	  11       2.00       2.20  5.024170784668612E-01  2.093088628776562E-04 265613253	  11       2.00       2.20  5.024170784668612E-01  2.093088628776562E-04 265613253	  11       2.00       2.20  5.933452183846213E-01  2.565898938981115E-04 265613253	  11       2.00       2.20  5.933452183846213E-01  2.565898938981115E-04 265613253	  11       2.00       2.20  5.443073823273711E-01  2.305197639301170E-04 265613253
  12       2.20       2.40  5.866545546737680E-01  2.444809089126065E-04 278238564	  12       2.20       2.40  5.866545546737680E-01  2.444809089126065E-04 278238564	  12       2.20       2.40  5.410822379184314E-01  2.219156348354728E-04 278238564	  12       2.20       2.40  5.410822379184314E-01  2.219156348354728E-04 278238564	  12       2.20       2.40  6.400788060614615E-01  2.722203578101436E-04 278238564	  12       2.20       2.40  6.400788060614615E-01  2.722203578101436E-04 278238564	  12       2.20       2.40  5.866545546737680E-01  2.444809089126065E-04 278238564
  13       2.40       2.60  6.280601760009448E-01  2.595218092233717E-04 289489359	  13       2.40       2.60  6.280601760009448E-01  2.595218092233717E-04 289489359	  13       2.40       2.60  5.787760283912804E-01  2.352966355044834E-04 289489359	  13       2.40       2.60  5.787760283912804E-01  2.352966355044834E-04 289489359	  13       2.40       2.60  6.859264584580131E-01  2.893514188561299E-04 289489359	  13       2.40       2.60  6.859264584580131E-01  2.893514188561299E-04 289489359	  13       2.40       2.60  6.280601760009448E-01  2.595218092233717E-04 289489359
  14       2.60       2.80  6.672273037721064E-01  2.706515250759174E-04 299712275	  14       2.60       2.80  6.672273037721064E-01  2.706515250759174E-04 299712275	  14       2.60       2.80  6.143441381640813E-01  2.454671279139557E-04 299712275	  14       2.60       2.80  6.143441381640813E-01  2.454671279139557E-04 299712275	  14       2.60       2.80  7.294155597486036E-01  3.016273558685251E-04 299712275	  14       2.60       2.80  7.294155597486036E-01  3.016273558685251E-04 299712275	  14       2.60       2.80  6.672273037721064E-01  2.706515250759174E-04 299712275
  15       2.80       3.00  7.025038515255777E-01  2.851230869687176E-04 309649792	  15       2.80       3.00  7.025038515255777E-01  2.851230869687176E-04 309649792	  15       2.80       3.00  6.462637809443508E-01  2.583096608205675E-04 309649792	  15       2.80       3.00  6.462637809443508E-01  2.583096608205675E-04 309649792	  15       2.80       3.00  7.687464921830813E-01  3.181377449622691E-04 309649792	  15       2.80       3.00  7.687464921830813E-01  3.181377449622691E-04 309649792	  15       2.80       3.00  7.025038515255777E-01  2.851230869687176E-04 309649792
  16       3.00       3.20  6.866979927547866E-01  2.861379194570506E-04 303477327	  16       3.00       3.20  6.866979927547866E-01  2.861379194570506E-04 303477327	  16       3.00       3.20  6.310191032792869E-01  2.591124338415471E-04 303477327	  16       3.00       3.20  6.310191032792869E-01  2.591124338415471E-04 303477327	  16       3.00       3.20  7.524186813287989E-01  3.194152377774215E-04 303477327	  16       3.00       3.20  7.524186813287989E-01  3.194152377774215E-04 303477327	  16       3.00       3.20  6.866979927547866E-01  2.861379194570506E-04 303477327
  17       3.20       3.40  4.115618005196054E-01  2.351124675603380E-04 192095172	  17       3.20       3.40  4.115618005196054E-01  2.351124675603380E-04 192095172	  17       3.20       3.40  3.764015246815133E-01  2.122728331252026E-04 192095172	  17       3.20       3.40  3.764015246815133E-01  2.122728331252026E-04 192095172	  17       3.20       3.40  4.534277824398646E-01  2.633304051609190E-04 192095172	  17       3.20       3.40  4.534277824398646E-01  2.633304051609190E-04 192095172	  17       3.20       3.40  4.115618005196054E-01  2.351124675603380E-04 192095172
  18       3.40       3.60  2.716388468934554E-01  1.990922888397856E-04 133286896	  18       3.40       3.60  2.716388468934554E-01  1.990922888397856E-04 133286896	  18       3.40       3.60  2.472459940873364E-01  1.792369628652549E-04 133286896	  18       3.40       3.60  2.472459940873364E-01  1.792369628652549E-04 133286896	  18       3.40       3.60  3.009227918384030E-01  2.236958080840431E-04 133286896	  18       3.40       3.60  3.009227918384030E-01  2.236958080840431E-04 133286896	  18       3.40       3.60  2.716388468934554E-01  1.990922888397856E-04 133286896
  19       3.60       3.80  1.872892667913183E-01  1.708980412673402E-04 96354156	  19       3.60       3.80  1.872892667913183E-01  1.708980412673402E-04 96354156	  19       3.60       3.80  1.696803798547822E-01  1.534112383146656E-04 96354156	  19       3.60       3.80  1.696803798547822E-01  1.534112383146656E-04 96354156	  19       3.60       3.80  2.085881167373200E-01  1.926236625103660E-04 96354156	  19       3.60       3.80  2.085881167373200E-01  1.926236625103660E-04 96354156	  19       3.60       3.80  1.872892667913183E-01  1.708980412673402E-04 96354156
  20       3.80       4.00  1.298686453686466E-01  1.440155073837199E-04 70311439	  20       3.80       4.00  1.298686453686466E-01  1.440155073837199E-04 70311439	  20       3.80       4.00  1.170976236314211E-01  1.288808757956525E-04 70311439	  20       3.80       4.00  1.170976236314211E-01  1.288808757956525E-04 70311439	  20       3.80       4.00  1.454303420336385E-01  1.628939220966285E-04 70311439	  20       3.80       4.00  1.454303420336385E-01  1.628939220966285E-04 70311439	  20       3.80       4.00  1.298686453686466E-01  1.440155073837199E-04 70311439
  21       4.00       4.20  8.987147362167888E-02  1.206485239140949E-04 51448094	  21       4.00       4.20  8.987147362167888E-02  1.206485239140949E-04 51448094	  21       4.00       4.20  8.063620869606965E-02  1.075373644606998E-04 51448094	  21       4.00       4.20  8.063620869606965E-02  1.075373644606998E-04 51448094	  21       4.00       4.20  1.012060747066476E-01  1.370735077006043E-04 51448094	  21       4.00       4.20  1.012060747066476E-01  1.370735077006043E-04 51448094	  21       4.00       4.20  8.987147362167888E-02  1.206485239140949E-04 51448094
  22       4.20       4.40  6.185548949569795E-02  1.009337340665463E-04 37622761	  22       4.20       4.40  6.185548949569795E-02  1.009337340665463E-04 37622761	  22       4.20       4.40  5.523250108672217E-02  8.968538650083877E-05 37622761	  22       4.20       4.40  5.523250108672217E-02  8.968538650083877E-05 37622761	  22       4.20       4.40  7.003969162790401E-02  1.150727746507104E-04 37622761	  22       4.20       4.40  7.003969162790401E-02  1.150727746507104E-04 37622761	  22       4.20       4.40  6.185548949569795E-02  1.009337340665463E-04 37622761
  23       4.40       4.60  4.187174987952822E-02  8.149211824098581E-05 27409958	  23       4.40       4.60  4.187174987952822E-02  8.149211824098581E-05 27409958	  23       4.40       4.60  3.721113286082734E-02  7.216237616530614E-05 27409958	  23       4.40       4.60  3.721113286082734E-02  7.216237616530614E-05 27409958	  23       4.40       4.60  4.766869784004542E-02  9.326204697051523E-05 27409958	  23       4.40       4.60  4.766869784004542E-02  9.326204697051523E-05 27409958	  23       4.40       4.60  4.187174987952822E-02  8.149211824098581E-05 27409958
  24       4.60       4.80  2.790732741267302E-02  6.531404238213536E-05 19819692	  24       4.60       4.80  2.790732741267302E-02  6.531404238213536E-05 19819692	  24       4.60       4.80  2.467506250755144E-02  5.764917993466431E-05 19819692	  24       4.60       4.80  2.467506250755144E-02  5.764917993466431E-05 19819692	  24       4.60       4.80  3.195511080975274E-02  7.501813339876722E-05 19819692	  24       4.60       4.80  3.195511080975274E-02  7.501813339876722E-05 19819692	  24       4.60       4.80  2.790732741267302E-02  6.531404238213536E-05 19819692
  25       4.80       5.00  1.844438869090926E-02  5.199015144892740E-05 14199817	  25       4.80       5.00  1.844438869090926E-02  5.199015144892740E-05 14199817	  25       4.80       5.00  1.622302965672139E-02  4.566693202166581E-05 14199817	  25       4.80       5.00  1.622302965672139E-02  4.566693202166581E-05 14199817	  25       4.80       5.00  2.124522588877536E-02  6.004096704488758E-05 14199817	  25       4.80       5.00  2.124522588877536E-02  6.004096704488758E-05 14199817	  25       4.80       5.00  1.844438869090926E-02  5.199015144892740E-05 14199817
  26       5.00       5.20  1.180033646136683E-02  3.989091562416497E-05 10062991	  26       5.00       5.20  1.180033646136683E-02  3.989091562416497E-05 10062991	  26       5.00       5.20  1.032485885962622E-02  3.490062056974060E-05 10062991	  26       5.00       5.20  1.032485885962622E-02  3.490062056974060E-05 10062991	  26       5.00       5.20  1.367303305354046E-02  4.627424528481730E-05 10062991	  26       5.00       5.20  1.367303305354046E-02  4.627424528481730E-05 10062991	  26       5.00       5.20  1.180033646136683E-02  3.989091562416497E-05 10062991
  27       5.20       5.40  7.447153158744223E-03  3.051801184965489E-05 7033807	  27       5.20       5.40  7.447153158744223E-03  3.051801184965489E-05 7033807	  27       5.20       5.40  6.481638596933044E-03  2.661676273866089E-05 7033807	  27       5.20       5.40  6.481638596933044E-03  2.661676273866089E-05 7033807	  27       5.20       5.40  8.680725386507734E-03  3.552495046892098E-05 7033807	  27       5.20       5.40  8.680725386507734E-03  3.552495046892098E-05 7033807	  27       5.20       5.40  7.447153158744223E-03  3.051801184965489E-05 7033807
  28       5.40       5.60  4.593486476535726E-03  2.269279009942062E-05 4839007	  28       5.40       5.60  4.593486476535726E-03  2.269279009942062E-05 4839007	  28       5.40       5.60  3.977683906750083E-03  1.971506090575664E-05 4839007	  28       5.40       5.60  3.977683906750083E-03  1.971506090575664E-05 4839007	  28       5.40       5.60  5.385158639088367E-03  2.653206493242965E-05 4839007	  28       5.40       5.60  5.385158639088367E-03  2.653206493242965E-05 4839007	  28       5.40       5.60  4.593486476535726E-03  2.269279009942062E-05 4839007
  29       5.60       5.80  2.717512035966382E-03  1.658758050531712E-05 3272987	  29       5.60       5.80  2.717512035966382E-03  1.658758050531712E-05 3272987	  29       5.60       5.80  2.339995930496097E-03  1.433345905250940E-05 3272987	  29       5.60       5.80  2.339995930496097E-03  1.433345905250940E-05 3272987	  29       5.60       5.80  3.206168558420138E-03  1.951005278859234E-05 3272987	  29       5.60       5.80  3.206168558420138E-03  1.951005278859234E-05 3272987	  29       5.60       5.80  2.717512035966382E-03  1.658758050531712E-05 3272987
  30       5.80       6.00  1.599141156284909E-03  1.247562219668198E-05 2168767	  30       5.80       6.00  1.599141156284909E-03  1.247562219668198E-05 2168767	  30       5.80       6.00  1.370601432024916E-03  1.075041439240285E-05 2168767	  30       5.80       6.00  1.370601432024916E-03  1.075041439240285E-05 2168767	  30       5.80       6.00  1.896535597857234E-03  1.471830054275891E-05 2168767	  30       5.80       6.00  1.896535597857234E-03  1.471830054275891E-05 2168767	  30       5.80       6.00  1.599141156284909E-03  1.247562219668198E-05 2168767
  31       6.00       6.20  8.873106271160474E-04  8.894656157314228E-06 1400643	  31       6.00       6.20  8.873106271160474E-04  8.894656157314228E-06 1400643	  31       6.00       6.20  7.563941403226500E-04  7.663396262472265E-06 1400643	  31       6.00       6.20  7.563941403226500E-04  7.663396262472265E-06 1400643	  31       6.00       6.20  1.058818689049502E-03  1.049598258347227E-05 1400643	  31       6.00       6.20  1.058818689049502E-03  1.049598258347227E-05 1400643	  31       6.00       6.20  8.873106271160474E-04  8.894656157314228E-06 1400643
  32       6.20       6.40  4.750546387753120E-04  5.665288405018378E-06 879452	  32       6.20       6.40  4.750546387753120E-04  5.665288405018378E-06 879452	  32       6.20       6.40  4.024692553200897E-04  4.834791787979839E-06 879452	  32       6.20       6.40  4.024692553200897E-04  4.834791787979839E-06 879452	  32       6.20       6.40  5.708153012133192E-04  6.756735118952079E-06 879452	  32       6.20       6.40  5.708153012133192E-04  6.756735118952079E-06 879452	  32       6.20       6.40  4.750546387753120E-04  5.665288405018378E-06 879452
  33       6.40       6.60  2.440478845222924E-04  3.991107416413963E-06 533767	  33       6.40       6.60  2.440478845222924E-04  3.991107416413963E-06 533767	  33       6.40       6.60  2.057289534652682E-04  3.394298728423891E-06 533767	  33       6.40       6.60  2.057289534652682E-04  3.394298728423891E-06 533767	  33       6.40       6.60  2.948823599310167E-04  4.777236858886867E-06 533767	  33       6.40       6.60  2.948823599310167E-04  4.777236858886867E-06 533767	  33       6.40       6.60  2.440478845222924E-04  3.991107416413963E-06 533767
  34       6.60       6.80  1.141555284402878E-04  2.425544261112251E-06 311676	  34       6.60       6.80  1.141555284402878E-04  2.425544261112251E-06 311676	  34       6.60       6.80  9.565269629456817E-05  2.056924451710097E-06 311676	  34       6.60       6.80  9.565269629456817E-05  2.056924451710097E-06 311676	  34       6.60       6.80  1.388735086362914E-04  2.913511990855113E-06 311676	  34       6.60       6.80  1.388735086362914E-04  2.913511990855113E-06 311676	  34       6.60       6.80  1.141555284402878E-04  2.425544261112251E-06 311676
  35       6.80       7.00  5.138120723629384E-05  1.357343020837262E-06 172540	  35       6.80       7.00  5.138120723629384E-05  1.357343020837262E-06 172540	  35       6.80       7.00  4.276727216315126E-05  1.139533691827717E-06 172540	  35       6.80       7.00  4.276727216315126E-05  1.139533691827717E-06 172540	  35       6.80       7.00  6.297751962401342E-05  1.648760538969901E-06 172540	  35       6.80       7.00  6.297751962401342E-05  1.648760538969901E-06 172540	  35       6.80       7.00  5.138120723629384E-05  1.357343020837262E-06 172540
  36       7.00       7.20  2.235355209212639E-05  8.925162637516324E-07 89362	  36       7.00       7.20  2.235355209212639E-05  8.925162637516324E-07 89362	  36       7.00       7.20  1.860602762146200E-05  7.544651468980648E-07 89362	  36       7.00       7.20  1.860602762146200E-05  7.544651468980648E-07 89362	  36       7.00       7.20  2.739967515595178E-05  1.075567591989116E-06 89362	  36       7.00       7.20  2.739967515595178E-05  1.075567591989116E-06 89362	  36       7.00       7.20  2.235355209212639E-05  8.925162637516324E-07 89362
  37       7.20       7.40  8.164955806679453E-06  4.897278131554024E-07 42511	  37       7.20       7.40  8.164955806679453E-06  4.897278131554024E-07 42511	  37       7.20       7.40  6.713809455211255E-06  4.081582642234554E-07 42511	  37       7.20       7.40  6.713809455211255E-06  4.081582642234554E-07 42511	  37       7.20       7.40  1.014755872063729E-05  6.001775112164155E-07 42511	  37       7.20       7.40  1.014755872063729E-05  6.001775112164155E-07 42511	  37       7.20       7.40  8.164955806679453E-06  4.897278131554024E-07 42511
  38       7.40       7.60  2.484836772822637E-06  2.176818380596101E-07 18128	  38       7.40       7.60  2.484836772822637E-06  2.176818380596101E-07 18128	  38       7.40       7.60  2.034400365325214E-06  1.808658892342465E-07 18128	  38       7.40       7.60  2.034400365325214E-06  1.808658892342465E-07 18128	  38       7.40       7.60  3.102677207277778E-06  2.674757011337925E-07 18128	  38       7.40       7.60  3.102677207277778E-06  2.674757011337925E-07 18128	  38       7.40       7.60  2.484836772822637E-06  2.176818380596101E-07 18128
  39       7.60       7.80  7.166783947375133E-07  1.002536644914174E-07 6658	  39       7.60       7.80  7.166783947375133E-07  1.002536644914174E-07 6658	  39       7.60       7.80  5.889010100157311E-07  8.476653598409596E-08 6658	  39       7.60       7.80  5.889010100157311E-07  8.476653598409596E-08 6658	  39       7.60       7.80  8.918559089585313E-07  1.211815293661586E-07 6658	  39       7.60       7.80  8.918559089585313E-07  1.211815293661586E-07 6658	  39       7.60       7.80  7.166783947375133E-07  1.002536644914174E-07 6658
  40       7.80       8.00  2.132206109231267E-07  6.694847055088141E-08 1877	  40       7.80       8.00  2.132206109231267E-07  6.694847055088141E-08 1877	  40       7.80       8.00  1.717922749106705E-07  5.447676275522619E-08 1877	  40       7.80       8.00  1.717922749106705E-07  5.447676275522619E-08 1877	  40       7.80       8.00  2.710391471636903E-07  8.415529539429898E-08 1877	  40       7.80       8.00  2.710391471636903E-07  8.415529539429898E-08 1877	  40       7.80       8.00  2.132206109231267E-07  6.694847055088141E-08 1877
  41       8.00       8.20  5.508650734444331E-08  2.887933818952208E-08 425	  41       8.00       8.20  5.508650734444331E-08  2.887933818952208E-08 425	  41       8.00       8.20  4.516029132692826E-08  2.419071431666794E-08 425	  41       8.00       8.20  4.516029132692826E-08  2.419071431666794E-08 425	  41       8.00       8.20  6.866845139762560E-08  3.515654293085450E-08 425	  41       8.00       8.20  6.866845139762560E-08  3.515654293085450E-08 425	  41       8.00       8.20  5.508650734444331E-08  2.887933818952208E-08 425
  42       8.20       8.40  7.590938225119591E-10  4.103863385633849E-10 51	  42       8.20       8.40  7.590938225119591E-10  4.103863385633849E-10 51	  42       8.20       8.40  6.050457486186787E-10  3.263388649864334E-10 51	  42       8.20       8.40  6.050457486186787E-10  3.263388649864334E-10 51	  42       8.20       8.40  9.729033358239431E-10  5.271039895438930E-10 51	  42       8.20       8.40  9.729033358239431E-10  5.271039895438930E-10 51	  42       8.20       8.40  7.590938225119591E-10  4.103863385633849E-10 51
  43       8.40       8.60  0.000000000000000E+00  0.000000000000000E+00 0	  43       8.40       8.60  0.000000000000000E+00  0.000000000000000E+00 0	  43       8.40       8.60  0.000000000000000E+00  0.000000000000000E+00 0	  43       8.40       8.60  0.000000000000000E+00  0.000000000000000E+00 0	  43       8.40       8.60  0.000000000000000E+00  0.000000000000000E+00 0	  43       8.40       8.60  0.000000000000000E+00  0.000000000000000E+00 0	  43       8.40       8.60  0.000000000000000E+00  0.000000000000000E+00 0
  44       8.60       8.80  0.000000000000000E+00  0.000000000000000E+00 0	  44       8.60       8.80  0.000000000000000E+00  0.000000000000000E+00 0	  44       8.60       8.80  0.000000000000000E+00  0.000000000000000E+00 0	  44       8.60       8.80  0.000000000000000E+00  0.000000000000000E+00 0	  44       8.60       8.80  0.000000000000000E+00  0.000000000000000E+00 0	  44       8.60       8.80  0.000000000000000E+00  0.000000000000000E+00 0	  44       8.60       8.80  0.000000000000000E+00  0.000000000000000E+00 0
  45       8.80       9.00  0.000000000000000E+00  0.000000000000000E+00 0	  45       8.80       9.00  0.000000000000000E+00  0.000000000000000E+00 0	  45       8.80       9.00  0.000000000000000E+00  0.000000000000000E+00 0	  45       8.80       9.00  0.000000000000000E+00  0.000000000000000E+00 0	  45       8.80       9.00  0.000000000000000E+00  0.000000000000000E+00 0	  45       8.80       9.00  0.000000000000000E+00  0.000000000000000E+00 0	  45       8.80       9.00  0.000000000000000E+00  0.000000000000000E+00 0
  46       9.00       9.20  0.000000000000000E+00  0.000000000000000E+00 0	  46       9.00       9.20  0.000000000000000E+00  0.000000000000000E+00 0	  46       9.00       9.20  0.000000000000000E+00  0.000000000000000E+00 0	  46       9.00       9.20  0.000000000000000E+00  0.000000000000000E+00 0	  46       9.00       9.20  0.000000000000000E+00  0.000000000000000E+00 0	  46       9.00       9.20  0.000000000000000E+00  0.000000000000000E+00 0	  46       9.00       9.20  0.000000000000000E+00  0.000000000000000E+00 0
  47       9.20       9.40  0.000000000000000E+00  0.000000000000000E+00 0	  47       9.20       9.40  0.000000000000000E+00  0.000000000000000E+00 0	  47       9.20       9.40  0.000000000000000E+00  0.000000000000000E+00 0	  47       9.20       9.40  0.000000000000000E+00  0.000000000000000E+00 0	  47       9.20       9.40  0.000000000000000E+00  0.000000000000000E+00 0	  47       9.20       9.40  0.000000000000000E+00  0.000000000000000E+00 0	  47       9.20       9.40  0.000000000000000E+00  0.000000000000000E+00 0
  48       9.40       9.60  0.000000000000000E+00  0.000000000000000E+00 0	  48       9.40       9.60  0.000000000000000E+00  0.000000000000000E+00 0	  48       9.40       9.60  0.000000000000000E+00  0.000000000000000E+00 0	  48       9.40       9.60  0.000000000000000E+00  0.000000000000000E+00 0	  48       9.40       9.60  0.000000000000000E+00  0.000000000000000E+00 0	  48       9.40       9.60  0.000000000000000E+00  0.000000000000000E+00 0	  48       9.40       9.60  0.000000000000000E+00  0.000000000000000E+00 0
  49       9.60       9.80  0.000000000000000E+00  0.000000000000000E+00 0	  49       9.60       9.80  0.000000000000000E+00  0.000000000000000E+00 0	  49       9.60       9.80  0.000000000000000E+00  0.000000000000000E+00 0	  49       9.60       9.80  0.000000000000000E+00  0.000000000000000E+00 0	  49       9.60       9.80  0.000000000000000E+00  0.000000000000000E+00 0	  49       9.60       9.80  0.000000000000000E+00  0.000000000000000E+00 0	  49       9.60       9.80  0.000000000000000E+00  0.000000000000000E+00 0
  50       9.80      10.00  0.000000000000000E+00  0.000000000000000E+00 0	  50       9.80      10.00  0.000000000000000E+00  0.000000000000000E+00 0	  50       9.80      10.00  0.000000000000000E+00  0.000000000000000E+00 0	  50       9.80      10.00  0.000000000000000E+00  0.000000000000000E+00 0	  50       9.80      10.00  0.000000000000000E+00  0.000000000000000E+00 0	  50       9.80      10.00  0.000000000000000E+00  0.000000000000000E+00 0	  50       9.80      10.00  0.000000000000000E+00  0.000000000000000E+00 0
  51      10.00      10.20  0.000000000000000E+00  0.000000000000000E+00 0	  51      10.00      10.20  0.000000000000000E+00  0.000000000000000E+00 0	  51      10.00      10.20  0.000000000000000E+00  0.000000000000000E+00 0	  51      10.00      10.20  0.000000000000000E+00  0.000000000000000E+00 0	  51      10.00      10.20  0.000000000000000E+00  0.000000000000000E+00 0	  51      10.00      10.20  0.000000000000000E+00  0.000000000000000E+00 0	  51      10.00      10.20  0.000000000000000E+00  0.000000000000000E+00 0
  52      10.20      10.40  0.000000000000000E+00  0.000000000000000E+00 0	  52      10.20      10.40  0.000000000000000E+00  0.000000000000000E+00 0	  52      10.20      10.40  0.000000000000000E+00  0.000000000000000E+00 0	  52      10.20      10.40  0.000000000000000E+00  0.000000000000000E+00 0	  52      10.20      10.40  0.000000000000000E+00  0.000000000000000E+00 0	  52      10.20      10.40  0.000000000000000E+00  0.000000000000000E+00 0	  52      10.20      10.40  0.000000000000000E+00  0.000000000000000E+00 0
  53      10.40      10.60  0.000000000000000E+00  0.000000000000000E+00 0	  53      10.40      10.60  0.000000000000000E+00  0.000000000000000E+00 0	  53      10.40      10.60  0.000000000000000E+00  0.000000000000000E+00 0	  53      10.40      10.60  0.000000000000000E+00  0.000000000000000E+00 0	  53      10.40      10.60  0.000000000000000E+00  0.000000000000000E+00 0	  53      10.40      10.60  0.000000000000000E+00  0.000000000000000E+00 0	  53      10.40      10.60  0.000000000000000E+00  0.000000000000000E+00 0
  54      10.60      10.80  0.000000000000000E+00  0.000000000000000E+00 0	  54      10.60      10.80  0.000000000000000E+00  0.000000000000000E+00 0	  54      10.60      10.80  0.000000000000000E+00  0.000000000000000E+00 0	  54      10.60      10.80  0.000000000000000E+00  0.000000000000000E+00 0	  54      10.60      10.80  0.000000000000000E+00  0.000000000000000E+00 0	  54      10.60      10.80  0.000000000000000E+00  0.000000000000000E+00 0	  54      10.60      10.80  0.000000000000000E+00  0.000000000000000E+00 0
  55      10.80      11.00  0.000000000000000E+00  0.000000000000000E+00 0	  55      10.80      11.00  0.000000000000000E+00  0.000000000000000E+00 0	  55      10.80      11.00  0.000000000000000E+00  0.000000000000000E+00 0	  55      10.80      11.00  0.000000000000000E+00  0.000000000000000E+00 0	  55      10.80      11.00  0.000000000000000E+00  0.000000000000000E+00 0	  55      10.80      11.00  0.000000000000000E+00  0.000000000000000E+00 0	  55      10.80      11.00  0.000000000000000E+00  0.000000000000000E+00 0
  56      11.00      11.20  0.000000000000000E+00  0.000000000000000E+00 0	  56      11.00      11.20  0.000000000000000E+00  0.000000000000000E+00 0	  56      11.00      11.20  0.000000000000000E+00  0.000000000000000E+00 0	  56      11.00      11.20  0.000000000000000E+00  0.000000000000000E+00 0	  56      11.00      11.20  0.000000000000000E+00  0.000000000000000E+00 0	  56      11.00      11.20  0.000000000000000E+00  0.000000000000000E+00 0	  56      11.00      11.20  0.000000000000000E+00  0.000000000000000E+00 0
  57      11.20      11.40  0.000000000000000E+00  0.000000000000000E+00 0	  57      11.20      11.40  0.000000000000000E+00  0.000000000000000E+00 0	  57      11.20      11.40  0.000000000000000E+00  0.000000000000000E+00 0	  57      11.20      11.40  0.000000000000000E+00  0.000000000000000E+00 0	  57      11.20      11.40  0.000000000000000E+00  0.000000000000000E+00 0	  57      11.20      11.40  0.000000000000000E+00  0.000000000000000E+00 0	  57      11.20      11.40  0.000000000000000E+00  0.000000000000000E+00 0
  58      11.40      11.60  0.000000000000000E+00  0.000000000000000E+00 0	  58      11.40      11.60  0.000000000000000E+00  0.000000000000000E+00 0	  58      11.40      11.60  0.000000000000000E+00  0.000000000000000E+00 0	  58      11.40      11.60  0.000000000000000E+00  0.000000000000000E+00 0	  58      11.40      11.60  0.000000000000000E+00  0.000000000000000E+00 0	  58      11.40      11.60  0.000000000000000E+00  0.000000000000000E+00 0	  58      11.40      11.60  0.000000000000000E+00  0.000000000000000E+00 0
  59      11.60      11.80  0.000000000000000E+00  0.000000000000000E+00 0	  59      11.60      11.80  0.000000000000000E+00  0.000000000000000E+00 0	  59      11.60      11.80  0.000000000000000E+00  0.000000000000000E+00 0	  59      11.60      11.80  0.000000000000000E+00  0.000000000000000E+00 0	  59      11.60      11.80  0.000000000000000E+00  0.000000000000000E+00 0	  59      11.60      11.80  0.000000000000000E+00  0.000000000000000E+00 0	  59      11.60      11.80  0.000000000000000E+00  0.000000000000000E+00 0
  60      11.80      12.00  0.000000000000000E+00  0.000000000000000E+00 0	  60      11.80      12.00  0.000000000000000E+00  0.000000000000000E+00 0	  60      11.80      12.00  0.000000000000000E+00  0.000000000000000E+00 0	  60      11.80      12.00  0.000000000000000E+00  0.000000000000000E+00 0	  60      11.80      12.00  0.000000000000000E+00  0.000000000000000E+00 0	  60      11.80      12.00  0.000000000000000E+00  0.000000000000000E+00 0	  60      11.80      12.00  0.000000000000000E+00  0.000000000000000E+00 0
  61      12.00      12.20  0.000000000000000E+00  0.000000000000000E+00 0	  61      12.00      12.20  0.000000000000000E+00  0.000000000000000E+00 0	  61      12.00      12.20  0.000000000000000E+00  0.000000000000000E+00 0	  61      12.00      12.20  0.000000000000000E+00  0.000000000000000E+00 0	  61      12.00      12.20  0.000000000000000E+00  0.000000000000000E+00 0	  61      12.00      12.20  0.000000000000000E+00  0.000000000000000E+00 0	  61      12.00      12.20  0.000000000000000E+00  0.000000000000000E+00 0
  62      12.20      12.40  0.000000000000000E+00  0.000000000000000E+00 0	  62      12.20      12.40  0.000000000000000E+00  0.000000000000000E+00 0	  62      12.20      12.40  0.000000000000000E+00  0.000000000000000E+00 0	  62      12.20      12.40  0.000000000000000E+00  0.000000000000000E+00 0	  62      12.20      12.40  0.000000000000000E+00  0.000000000000000E+00 0	  62      12.20      12.40  0.000000000000000E+00  0.000000000000000E+00 0	  62      12.20      12.40  0.000000000000000E+00  0.000000000000000E+00 0
  63      12.40      12.60  0.000000000000000E+00  0.000000000000000E+00 0	  63      12.40      12.60  0.000000000000000E+00  0.000000000000000E+00 0	  63      12.40      12.60  0.000000000000000E+00  0.000000000000000E+00 0	  63      12.40      12.60  0.000000000000000E+00  0.000000000000000E+00 0	  63      12.40      12.60  0.000000000000000E+00  0.000000000000000E+00 0	  63      12.40      12.60  0.000000000000000E+00  0.000000000000000E+00 0	  63      12.40      12.60  0.000000000000000E+00  0.000000000000000E+00 0
  64      12.60      12.80  0.000000000000000E+00  0.000000000000000E+00 0	  64      12.60      12.80  0.000000000000000E+00  0.000000000000000E+00 0	  64      12.60      12.80  0.000000000000000E+00  0.000000000000000E+00 0	  64      12.60      12.80  0.000000000000000E+00  0.000000000000000E+00 0	  64      12.60      12.80  0.000000000000000E+00  0.000000000000000E+00 0	  64      12.60      12.80  0.000000000000000E+00  0.000000000000000E+00 0	  64      12.60      12.80  0.000000000000000E+00  0.000000000000000E+00 0
  65      12.80      13.00  0.000000000000000E+00  0.000000000000000E+00 0	  65      12.80      13.00  0.000000000000000E+00  0.000000000000000E+00 0	  65      12.80      13.00  0.000000000000000E+00  0.000000000000000E+00 0	  65      12.80      13.00  0.000000000000000E+00  0.000000000000000E+00 0	  65      12.80      13.00  0.000000000000000E+00  0.000000000000000E+00 0	  65      12.80      13.00  0.000000000000000E+00  0.000000000000000E+00 0	  65      12.80      13.00  0.000000000000000E+00  0.000000000000000E+00 0
  66      13.00      13.20  0.000000000000000E+00  0.000000000000000E+00 0	  66      13.00      13.20  0.000000000000000E+00  0.000000000000000E+00 0	  66      13.00      13.20  0.000000000000000E+00  0.000000000000000E+00 0	  66      13.00      13.20  0.000000000000000E+00  0.000000000000000E+00 0	  66      13.00      13.20  0.000000000000000E+00  0.000000000000000E+00 0	  66      13.00      13.20  0.000000000000000E+00  0.000000000000000E+00 0	  66      13.00      13.20  0.000000000000000E+00  0.000000000000000E+00 0
  67      13.20      13.40  0.000000000000000E+00  0.000000000000000E+00 0	  67      13.20      13.40  0.000000000000000E+00  0.000000000000000E+00 0	  67      13.20      13.40  0.000000000000000E+00  0.000000000000000E+00 0	  67      13.20      13.40  0.000000000000000E+00  0.000000000000000E+00 0	  67      13.20      13.40  0.000000000000000E+00  0.000000000000000E+00 0	  67      13.20      13.40  0.000000000000000E+00  0.000000000000000E+00 0	  67      13.20      13.40  0.000000000000000E+00  0.000000000000000E+00 0
  68      13.40      13.60  0.000000000000000E+00  0.000000000000000E+00 0	  68      13.40      13.60  0.000000000000000E+00  0.000000000000000E+00 0	  68      13.40      13.60  0.000000000000000E+00  0.000000000000000E+00 0	  68      13.40      13.60  0.000000000000000E+00  0.000000000000000E+00 0	  68      13.40      13.60  0.000000000000000E+00  0.000000000000000E+00 0	  68      13.40      13.60  0.000000000000000E+00  0.000000000000000E+00 0	  68      13.40      13.60  0.000000000000000E+00  0.000000000000000E+00 0
  69      13.60      13.80  0.000000000000000E+00  0.000000000000000E+00 0	  69      13.60      13.80  0.000000000000000E+00  0.000000000000000E+00 0	  69      13.60      13.80  0.000000000000000E+00  0.000000000000000E+00 0	  69      13.60      13.80  0.000000000000000E+00  0.000000000000000E+00 0	  69      13.60      13.80  0.000000000000000E+00  0.000000000000000E+00 0	  69      13.60      13.80  0.000000000000000E+00  0.000000000000000E+00 0	  69      13.60      13.80  0.000000000000000E+00  0.000000000000000E+00 0
  70      13.80      14.00  0.000000000000000E+00  0.000000000000000E+00 0	  70      13.80      14.00  0.000000000000000E+00  0.000000000000000E+00 0	  70      13.80      14.00  0.000000000000000E+00  0.000000000000000E+00 0	  70      13.80      14.00  0.000000000000000E+00  0.000000000000000E+00 0	  70      13.80      14.00  0.000000000000000E+00  0.000000000000000E+00 0	  70      13.80      14.00  0.000000000000000E+00  0.000000000000000E+00 0	  70      13.80      14.00  0.000000000000000E+00  0.000000000000000E+00 0
  71      14.00      14.20  0.000000000000000E+00  0.000000000000000E+00 0	  71      14.00      14.20  0.000000000000000E+00  0.000000000000000E+00 0	  71      14.00      14.20  0.000000000000000E+00  0.000000000000000E+00 0	  71      14.00      14.20  0.000000000000000E+00  0.000000000000000E+00 0	  71      14.00      14.20  0.000000000000000E+00  0.000000000000000E+00 0	  71      14.00      14.20  0.000000000000000E+00  0.000000000000000E+00 0	  71      14.00      14.20  0.000000000000000E+00  0.000000000000000E+00 0
  72      14.20      14.40  0.000000000000000E+00  0.000000000000000E+00 0	  72      14.20      14.40  0.000000000000000E+00  0.000000000000000E+00 0	  72      14.20      14.40  0.000000000000000E+00  0.000000000000000E+00 0	  72      14.20      14.40  0.000000000000000E+00  0.000000000000000E+00 0	  72      14.20      14.40  0.000000000000000E+00  0.000000000000000E+00 0	  72      14.20      14.40  0.000000000000000E+00  0.000000000000000E+00 0	  72      14.20      14.40  0.000000000000000E+00  0.000000000000000E+00 0
  73      14.40      14.60  0.000000000000000E+00  0.000000000000000E+00 0	  73      14.40      14.60  0.000000000000000E+00  0.000000000000000E+00 0	  73      14.40      14.60  0.000000000000000E+00  0.000000000000000E+00 0	  73      14.40      14.60  0.000000000000000E+00  0.000000000000000E+00 0	  73      14.40      14.60  0.000000000000000E+00  0.000000000000000E+00 0	  73      14.40      14.60  0.000000000000000E+00  0.000000000000000E+00 0	  73      14.40      14.60  0.000000000000000E+00  0.000000000000000E+00 0
  74      14.60      14.80  0.000000000000000E+00  0.000000000000000E+00 0	  74      14.60      14.80  0.000000000000000E+00  0.000000000000000E+00 0	  74      14.60      14.80  0.000000000000000E+00  0.000000000000000E+00 0	  74      14.60      14.80  0.000000000000000E+00  0.000000000000000E+00 0	  74      14.60      14.80  0.000000000000000E+00  0.000000000000000E+00 0	  74      14.60      14.80  0.000000000000000E+00  0.000000000000000E+00 0	  74      14.60      14.80  0.000000000000000E+00  0.000000000000000E+00 0
  75      14.80      15.00  0.000000000000000E+00  0.000000000000000E+00 0	  75      14.80      15.00  0.000000000000000E+00  0.000000000000000E+00 0	  75      14.80      15.00  0.000000000000000E+00  0.000000000000000E+00 0	  75      14.80      15.00  0.000000000000000E+00  0.000000000000000E+00 0	  75      14.80      15.00  0.000000000000000E+00  0.000000000000000E+00 0	  75      14.80      15.00  0.000000000000000E+00  0.000000000000000E+00 0	  75      14.80      15.00  0.000000000000000E+00  0.000000000000000E+00 0
  76      15.00      15.20  0.000000000000000E+00  0.000000000000000E+00 0	  76      15.00      15.20  0.000000000000000E+00  0.000000000000000E+00 0	  76      15.00      15.20  0.000000000000000E+00  0.000000000000000E+00 0	  76      15.00      15.20  0.000000000000000E+00  0.000000000000000E+00 0	  76      15.00      15.20  0.000000000000000E+00  0.000000000000000E+00 0	  76      15.00      15.20  0.000000000000000E+00  0.000000000000000E+00 0	  76      15.00      15.20  0.000000000000000E+00  0.000000000000000E+00 0
  77      15.20      15.40  0.000000000000000E+00  0.000000000000000E+00 0	  77      15.20      15.40  0.000000000000000E+00  0.000000000000000E+00 0	  77      15.20      15.40  0.000000000000000E+00  0.000000000000000E+00 0	  77      15.20      15.40  0.000000000000000E+00  0.000000000000000E+00 0	  77      15.20      15.40  0.000000000000000E+00  0.000000000000000E+00 0	  77      15.20      15.40  0.000000000000000E+00  0.000000000000000E+00 0	  77      15.20      15.40  0.000000000000000E+00  0.000000000000000E+00 0
  78      15.40      15.60  0.000000000000000E+00  0.000000000000000E+00 0	  78      15.40      15.60  0.000000000000000E+00  0.000000000000000E+00 0	  78      15.40      15.60  0.000000000000000E+00  0.000000000000000E+00 0	  78      15.40      15.60  0.000000000000000E+00  0.000000000000000E+00 0	  78      15.40      15.60  0.000000000000000E+00  0.000000000000000E+00 0	  78      15.40      15.60  0.000000000000000E+00  0.000000000000000E+00 0	  78      15.40      15.60  0.000000000000000E+00  0.000000000000000E+00 0
  79      15.60      15.80  0.000000000000000E+00  0.000000000000000E+00 0	  79      15.60      15.80  0.000000000000000E+00  0.000000000000000E+00 0	  79      15.60      15.80  0.000000000000000E+00  0.000000000000000E+00 0	  79      15.60      15.80  0.000000000000000E+00  0.000000000000000E+00 0	  79      15.60      15.80  0.000000000000000E+00  0.000000000000000E+00 0	  79      15.60      15.80  0.000000000000000E+00  0.000000000000000E+00 0	  79      15.60      15.80  0.000000000000000E+00  0.000000000000000E+00 0
  80      15.80      16.00  0.000000000000000E+00  0.000000000000000E+00 0	  80      15.80      16.00  0.000000000000000E+00  0.000000000000000E+00 0	  80      15.80      16.00  0.000000000000000E+00  0.000000000000000E+00 0	  80      15.80      16.00  0.000000000000000E+00  0.000000000000000E+00 0	  80      15.80      16.00  0.000000000000000E+00  0.000000000000000E+00 0	  80      15.80      16.00  0.000000000000000E+00  0.000000000000000E+00 0	  80      15.80      16.00  0.000000000000000E+00  0.000000000000000E+00 0
  81      16.00      16.20  0.000000000000000E+00  0.000000000000000E+00 0	  81      16.00      16.20  0.000000000000000E+00  0.000000000000000E+00 0	  81      16.00      16.20  0.000000000000000E+00  0.000000000000000E+00 0	  81      16.00      16.20  0.000000000000000E+00  0.000000000000000E+00 0	  81      16.00      16.20  0.000000000000000E+00  0.000000000000000E+00 0	  81      16.00      16.20  0.000000000000000E+00  0.000000000000000E+00 0	  81      16.00      16.20  0.000000000000000E+00  0.000000000000000E+00 0
  82      16.20      16.40  0.000000000000000E+00  0.000000000000000E+00 0	  82      16.20      16.40  0.000000000000000E+00  0.000000000000000E+00 0	  82      16.20      16.40  0.000000000000000E+00  0.000000000000000E+00 0	  82      16.20      16.40  0.000000000000000E+00  0.000000000000000E+00 0	  82      16.20      16.40  0.000000000000000E+00  0.000000000000000E+00 0	  82      16.20      16.40  0.000000000000000E+00  0.000000000000000E+00 0	  82      16.20      16.40  0.000000000000000E+00  0.000000000000000E+00 0
  83      16.40      16.60  0.000000000000000E+00  0.000000000000000E+00 0	  83      16.40      16.60  0.000000000000000E+00  0.000000000000000E+00 0	  83      16.40      16.60  0.000000000000000E+00  0.000000000000000E+00 0	  83      16.40      16.60  0.000000000000000E+00  0.000000000000000E+00 0	  83      16.40      16.60  0.000000000000000E+00  0.000000000000000E+00 0	  83      16.40      16.60  0.000000000000000E+00  0.000000000000000E+00 0	  83      16.40      16.60  0.000000000000000E+00  0.000000000000000E+00 0
  84      16.60      16.80  0.000000000000000E+00  0.000000000000000E+00 0	  84      16.60      16.80  0.000000000000000E+00  0.000000000000000E+00 0	  84      16.60      16.80  0.000000000000000E+00  0.000000000000000E+00 0	  84      16.60      16.80  0.000000000000000E+00  0.000000000000000E+00 0	  84      16.60      16.80  0.000000000000000E+00  0.000000000000000E+00 0	  84      16.60      16.80  0.000000000000000E+00  0.000000000000000E+00 0	  84      16.60      16.80  0.000000000000000E+00  0.000000000000000E+00 0
  85      16.80      17.00  0.000000000000000E+00  0.000000000000000E+00 0	  85      16.80      17.00  0.000000000000000E+00  0.000000000000000E+00 0	  85      16.80      17.00  0.000000000000000E+00  0.000000000000000E+00 0	  85      16.80      17.00  0.000000000000000E+00  0.000000000000000E+00 0	  85      16.80      17.00  0.000000000000000E+00  0.000000000000000E+00 0	  85      16.80      17.00  0.000000000000000E+00  0.000000000000000E+00 0	  85      16.80      17.00  0.000000000000000E+00  0.000000000000000E+00 0
  86      17.00      17.20  0.000000000000000E+00  0.000000000000000E+00 0	  86      17.00      17.20  0.000000000000000E+00  0.000000000000000E+00 0	  86      17.00      17.20  0.000000000000000E+00  0.000000000000000E+00 0	  86      17.00      17.20  0.000000000000000E+00  0.000000000000000E+00 0	  86      17.00      17.20  0.000000000000000E+00  0.000000000000000E+00 0	  86      17.00      17.20  0.000000000000000E+00  0.000000000000000E+00 0	  86      17.00      17.20  0.000000000000000E+00  0.000000000000000E+00 0
  87      17.20      17.40  0.000000000000000E+00  0.000000000000000E+00 0	  87      17.20      17.40  0.000000000000000E+00  0.000000000000000E+00 0	  87      17.20      17.40  0.000000000000000E+00  0.000000000000000E+00 0	  87      17.20      17.40  0.000000000000000E+00  0.000000000000000E+00 0	  87      17.20      17.40  0.000000000000000E+00  0.000000000000000E+00 0	  87      17.20      17.40  0.000000000000000E+00  0.000000000000000E+00 0	  87      17.20      17.40  0.000000000000000E+00  0.000000000000000E+00 0
  88      17.40      17.60  0.000000000000000E+00  0.000000000000000E+00 0	  88      17.40      17.60  0.000000000000000E+00  0.000000000000000E+00 0	  88      17.40      17.60  0.000000000000000E+00  0.000000000000000E+00 0	  88      17.40      17.60  0.000000000000000E+00  0.000000000000000E+00 0	  88      17.40      17.60  0.000000000000000E+00  0.000000000000000E+00 0	  88      17.40      17.60  0.000000000000000E+00  0.000000000000000E+00 0	  88      17.40      17.60  0.000000000000000E+00  0.000000000000000E+00 0
  89      17.60      17.80  0.000000000000000E+00  0.000000000000000E+00 0	  89      17.60      17.80  0.000000000000000E+00  0.000000000000000E+00 0	  89      17.60      17.80  0.000000000000000E+00  0.000000000000000E+00 0	  89      17.60      17.80  0.000000000000000E+00  0.000000000000000E+00 0	  89      17.60      17.80  0.000000000000000E+00  0.000000000000000E+00 0	  89      17.60      17.80  0.000000000000000E+00  0.000000000000000E+00 0	  89      17.60      17.80  0.000000000000000E+00  0.000000000000000E+00 0
  90      17.80      18.00  0.000000000000000E+00  0.000000000000000E+00 0	  90      17.80      18.00  0.000000000000000E+00  0.000000000000000E+00 0	  90      17.80      18.00  0.000000000000000E+00  0.000000000000000E+00 0	  90      17.80      18.00  0.000000000000000E+00  0.000000000000000E+00 0	  90      17.80      18.00  0.000000000000000E+00  0.000000000000000E+00 0	  90      17.80      18.00  0.000000000000000E+00  0.000000000000000E+00 0	  90      17.80      18.00  0.000000000000000E+00  0.000000000000000E+00 0
  91      18.00      18.20  0.000000000000000E+00  0.000000000000000E+00 0	  91      18.00      18.20  0.000000000000000E+00  0.000000000000000E+00 0	  91      18.00      18.20  0.000000000000000E+00  0.000000000000000E+00 0	  91      18.00      18.20  0.000000000000000E+00  0.000000000000000E+00 0	  91      18.00      18.20  0.000000000000000E+00  0.000000000000000E+00 0	  91      18.00      18.20  0.000000000000000E+00  0.000000000000000E+00 0	  91      18.00      18.20  0.000000000000000E+00  0.000000000000000E+00 0
  92      18.20      18.40  0.000000000000000E+00  0.000000000000000E+00 0	  92      18.20      18.40  0.000000000000000E+00  0.000000000000000E+00 0	  92      18.20      18.40  0.000000000000000E+00  0.000000000000000E+00 0	  92      18.20      18.40  0.000000000000000E+00  0.000000000000000E+00 0	  92      18.20      18.40  0.000000000000000E+00  0.000000000000000E+00 0	  92      18.20      18.40  0.000000000000000E+00  0.000000000000000E+00 0	  92      18.20      18.40  0.000000000000000E+00  0.000000000000000E+00 0
  93      18.40      18.60  0.000000000000000E+00  0.000000000000000E+00 0	  93      18.40      18.60  0.000000000000000E+00  0.000000000000000E+00 0	  93      18.40      18.60  0.000000000000000E+00  0.000000000000000E+00 0	  93      18.40      18.60  0.000000000000000E+00  0.000000000000000E+00 0	  93      18.40      18.60  0.000000000000000E+00  0.000000000000000E+00 0	  93      18.40      18.60  0.000000000000000E+00  0.000000000000000E+00 0	  93      18.40      18.60  0.000000000000000E+00  0.000000000000000E+00 0
  94      18.60      18.80  0.000000000000000E+00  0.000000000000000E+00 0	  94      18.60      18.80  0.000000000000000E+00  0.000000000000000E+00 0	  94      18.60      18.80  0.000000000000000E+00  0.000000000000000E+00 0	  94      18.60      18.80  0.000000000000000E+00  0.000000000000000E+00 0	  94      18.60      18.80  0.000000000000000E+00  0.000000000000000E+00 0	  94      18.60      18.80  0.000000000000000E+00  0.000000000000000E+00 0	  94      18.60      18.80  0.000000000000000E+00  0.000000000000000E+00 0
  95      18.80      19.00  0.000000000000000E+00  0.000000000000000E+00 0	  95      18.80      19.00  0.000000000000000E+00  0.000000000000000E+00 0	  95      18.80      19.00  0.000000000000000E+00  0.000000000000000E+00 0	  95      18.80      19.00  0.000000000000000E+00  0.000000000000000E+00 0	  95      18.80      19.00  0.000000000000000E+00  0.000000000000000E+00 0	  95      18.80      19.00  0.000000000000000E+00  0.000000000000000E+00 0	  95      18.80      19.00  0.000000000000000E+00  0.000000000000000E+00 0
  96      19.00      19.20  0.000000000000000E+00  0.000000000000000E+00 0	  96      19.00      19.20  0.000000000000000E+00  0.000000000000000E+00 0	  96      19.00      19.20  0.000000000000000E+00  0.000000000000000E+00 0	  96      19.00      19.20  0.000000000000000E+00  0.000000000000000E+00 0	  96      19.00      19.20  0.000000000000000E+00  0.000000000000000E+00 0	  96      19.00      19.20  0.000000000000000E+00  0.000000000000000E+00 0	  96      19.00      19.20  0.000000000000000E+00  0.000000000000000E+00 0
  97      19.20      19.40  0.000000000000000E+00  0.000000000000000E+00 0	  97      19.20      19.40  0.000000000000000E+00  0.000000000000000E+00 0	  97      19.20      19.40  0.000000000000000E+00  0.000000000000000E+00 0	  97      19.20      19.40  0.000000000000000E+00  0.000000000000000E+00 0	  97      19.20      19.40  0.000000000000000E+00  0.000000000000000E+00 0	  97      19.20      19.40  0.000000000000000E+00  0.000000000000000E+00 0	  97      19.20      19.40  0.000000000000000E+00  0.000000000000000E+00 0
  98      19.40      19.60  0.000000000000000E+00  0.000000000000000E+00 0	  98      19.40      19.60  0.000000000000000E+00  0.000000000000000E+00 0	  98      19.40      19.60  0.000000000000000E+00  0.000000000000000E+00 0	  98      19.40      19.60  0.000000000000000E+00  0.000000000000000E+00 0	  98      19.40      19.60  0.000000000000000E+00  0.000000000000000E+00 0	  98      19.40      19.60  0.000000000000000E+00  0.000000000000000E+00 0	  98      19.40      19.60  0.000000000000000E+00  0.000000000000000E+00 0
  99      19.60      19.80  0.000000000000000E+00  0.000000000000000E+00 0	  99      19.60      19.80  0.000000000000000E+00  0.000000000000000E+00 0	  99      19.60      19.80  0.000000000000000E+00  0.000000000000000E+00 0	  99      19.60      19.80  0.000000000000000E+00  0.000000000000000E+00 0	  99      19.60      19.80  0.000000000000000E+00  0.000000000000000E+00 0	  99      19.60      19.80  0.000000000000000E+00  0.000000000000000E+00 0	  99      19.60      19.80  0.000000000000000E+00  0.000000000000000E+00 0
 100      19.80      20.00  0.000000000000000E+00  0.000000000000000E+00 0	 100      19.80      20.00  0.000000000000000E+00  0.000000000000000E+00 0	 100      19.80      20.00  0.000000000000000E+00  0.000000000000000E+00 0	 100      19.80      20.00  0.000000000000000E+00  0.000000000000000E+00 0	 100      19.80      20.00  0.000000000000000E+00  0.000000000000000E+00 0	 100      19.80      20.00  0.000000000000000E+00  0.000000000000000E+00 0	 100      19.80      20.00  0.000000000000000E+00  0.000000000000000E+00 0
 101      20.00      20.20  0.000000000000000E+00  0.000000000000000E+00 0	 101      20.00      20.20  0.000000000000000E+00  0.000000000000000E+00 0	 101      20.00      20.20  0.000000000000000E+00  0.000000000000000E+00 0	 101      20.00      20.20  0.000000000000000E+00  0.000000000000000E+00 0	 101      20.00      20.20  0.000000000000000E+00  0.000000000000000E+00 0	 101      20.00      20.20  0.000000000000000E+00  0.000000000000000E+00 0	 101      20.00      20.20  0.000000000000000E+00  0.000000000000000E+00 0
 102      20.20      20.40  0.000000000000000E+00  0.000000000000000E+00 0	 102      20.20      20.40  0.000000000000000E+00  0.000000000000000E+00 0	 102      20.20      20.40  0.000000000000000E+00  0.000000000000000E+00 0	 102      20.20      20.40  0.000000000000000E+00  0.000000000000000E+00 0	 102      20.20      20.40  0.000000000000000E+00  0.000000000000000E+00 0	 102      20.20      20.40  0.000000000000000E+00  0.000000000000000E+00 0	 102      20.20      20.40  0.000000000000000E+00  0.000000000000000E+00 0
 103      20.40      20.60  0.000000000000000E+00  0.000000000000000E+00 0	 103      20.40      20.60  0.000000000000000E+00  0.000000000000000E+00 0	 103      20.40      20.60  0.000000000000000E+00  0.000000000000000E+00 0	 103      20.40      20.60  0.000000000000000E+00  0.000000000000000E+00 0	 103      20.40      20.60  0.000000000000000E+00  0.000000000000000E+00 0	 103      20.40      20.60  0.000000000000000E+00  0.000000000000000E+00 0	 103      20.40      20.60  0.000000000000000E+00  0.000000000000000E+00 0
 104      20.60      20.80  0.000000000000000E+00  0.000000000000000E+00 0	 104      20.60      20.80  0.000000000000000E+00  0.000000000000000E+00 0	 104      20.60      20.80  0.000000000000000E+00  0.000000000000000E+00 0	 104      20.60      20.80  0.000000000000000E+00  0.000000000000000E+00 0	 104      20.60      20.80  0.000000000000000E+00  0.000000000000000E+00 0	 104      20.60      20.80  0.000000000000000E+00  0.000000000000000E+00 0	 104      20.60      20.80  0.000000000000000E+00  0.000000000000000E+00 0
 105      20.80      21.00  0.000000000000000E+00  0.000000000000000E+00 0	 105      20.80      21.00  0.000000000000000E+00  0.000000000000000E+00 0	 105      20.80      21.00  0.000000000000000E+00  0.000000000000000E+00 0	 105      20.80      21.00  0.000000000000000E+00  0.000000000000000E+00 0	 105      20.80      21.00  0.000000000000000E+00  0.000000000000000E+00 0	 105      20.80      21.00  0.000000000000000E+00  0.000000000000000E+00 0	 105      20.80      21.00  0.000000000000000E+00  0.000000000000000E+00 0
# Underflow:                 0.0000000000000000E+00  0.0000000000000000E+00 0
# Overflow:                  0.0000000000000000E+00  0.0000000000000000E+00 0
#-------------------------------------------------------------------------------------	#-------------------------------------------------------------------------------------	#-------------------------------------------------------------------------------------	#-------------------------------------------------------------------------------------	#-------------------------------------------------------------------------------------	#-------------------------------------------------------------------------------------	#-------------------------------------------------------------------------------------
# Sum:                       1.0079711069152095E+00  1.7783245918512593E-04 373479000
#=====================================================================================	#=====================================================================================	#=====================================================================================	#=====================================================================================	#=====================================================================================	#=====================================================================================	#=====================================================================================
