# title = Rapidity Softer Jet
# xlabel = $y_{\text{j}_1}$
# ylabel = $\frac{\text{d}\sigma}{\text{d}y_{\text{j}_1}}\,[\text{fb}]$
# xmin= -4.500E+00
# xmax=  4.500E+00
# ymin=  1.000E-04
# ymax=  4.000E-01
# kmin= -2.000E+01
# kmax=  1.000E+01
# logscale = false
# Renormalization and factorization scale scaled by: 1.0000000000
# Renormalization scaled by: 1.0000000000
# Number of generated events: 5329313117
#	#	#	#	#	#	#
#=====================================================================================	#=====================================================================================	#=====================================================================================	#=====================================================================================	#=====================================================================================	#=====================================================================================	#=====================================================================================
# No.       Left      Right                   Value                   Error Hits
#-------------------------------------------------------------------------------------	#-------------------------------------------------------------------------------------	#-------------------------------------------------------------------------------------	#-------------------------------------------------------------------------------------	#-------------------------------------------------------------------------------------	#-------------------------------------------------------------------------------------	#-------------------------------------------------------------------------------------
   1      -4.50      -4.25  0.000000000000000E+00  0.000000000000000E+00 0	   1      -4.50      -4.25  0.000000000000000E+00  0.000000000000000E+00 0	   1      -4.50      -4.25  0.000000000000000E+00  0.000000000000000E+00 0	   1      -4.50      -4.25  0.000000000000000E+00  0.000000000000000E+00 0	   1      -4.50      -4.25  0.000000000000000E+00  0.000000000000000E+00 0	   1      -4.50      -4.25  0.000000000000000E+00  0.000000000000000E+00 0	   1      -4.50      -4.25  0.000000000000000E+00  0.000000000000000E+00 0
   2      -4.25      -4.00  0.000000000000000E+00  0.000000000000000E+00 0	   2      -4.25      -4.00  0.000000000000000E+00  0.000000000000000E+00 0	   2      -4.25      -4.00  0.000000000000000E+00  0.000000000000000E+00 0	   2      -4.25      -4.00  0.000000000000000E+00  0.000000000000000E+00 0	   2      -4.25      -4.00  0.000000000000000E+00  0.000000000000000E+00 0	   2      -4.25      -4.00  0.000000000000000E+00  0.000000000000000E+00 0	   2      -4.25      -4.00  0.000000000000000E+00  0.000000000000000E+00 0
   3      -4.00      -3.75  1.789904799894570E-01  1.328099473873020E-04 147574564	   3      -4.00      -3.75  1.789904799894570E-01  1.328099473873020E-04 147574564	   3      -4.00      -3.75  1.605923007051346E-01  1.174872087169796E-04 147574564	   3      -4.00      -3.75  1.605923007051346E-01  1.174872087169796E-04 147574564	   3      -4.00      -3.75  2.015586277617960E-01  1.522092254526450E-04 147574564	   3      -4.00      -3.75  2.015586277617960E-01  1.522092254526450E-04 147574564	   3      -4.00      -3.75  1.789904799894570E-01  1.328099473873020E-04 147574564
   4      -3.75      -3.50  2.330636123359301E-01  1.570097782133470E-04 161317788	   4      -3.75      -3.50  2.330636123359301E-01  1.570097782133470E-04 161317788	   4      -3.75      -3.50  2.102434796404247E-01  1.395459431715868E-04 161317788	   4      -3.75      -3.50  2.102434796404247E-01  1.395459431715868E-04 161317788	   4      -3.75      -3.50  2.608540639257668E-01  1.790053351797544E-04 161317788	   4      -3.75      -3.50  2.608540639257668E-01  1.790053351797544E-04 161317788	   4      -3.75      -3.50  2.330636123359301E-01  1.570097782133470E-04 161317788
   5      -3.50      -3.25  2.797726557269241E-01  1.749487732449934E-04 168942493	   5      -3.50      -3.25  2.797726557269241E-01  1.749487732449934E-04 168942493	   5      -3.50      -3.25  2.537037115461042E-01  1.562932427504097E-04 168942493	   5      -3.50      -3.25  2.537037115461042E-01  1.562932427504097E-04 168942493	   5      -3.50      -3.25  3.112846848462120E-01  1.982914826650703E-04 168942493	   5      -3.50      -3.25  3.112846848462120E-01  1.982914826650703E-04 168942493	   5      -3.50      -3.25  2.797726557269241E-01  1.749487732449934E-04 168942493
   6      -3.25      -3.00  3.118907194029382E-01  1.846185272549109E-04 170957478	   6      -3.25      -3.00  3.118907194029382E-01  1.846185272549109E-04 170957478	   6      -3.25      -3.00  2.842512178995460E-01  1.657899897614183E-04 170957478	   6      -3.25      -3.00  2.842512178995460E-01  1.657899897614183E-04 170957478	   6      -3.25      -3.00  3.450520350816662E-01  2.080207807872132E-04 170957478	   6      -3.25      -3.00  3.450520350816662E-01  2.080207807872132E-04 170957478	   6      -3.25      -3.00  3.118907194029382E-01  1.846185272549109E-04 170957478
   7      -3.00      -2.75  3.262573700439469E-01  1.853648283027346E-04 168300006	   7      -3.00      -2.75  3.262573700439469E-01  1.853648283027346E-04 168300006	   7      -3.00      -2.75  2.987233548508790E-01  1.673234164408349E-04 168300006	   7      -3.00      -2.75  2.987233548508790E-01  1.673234164408349E-04 168300006	   7      -3.00      -2.75  3.590484305476277E-01  2.076323800180472E-04 168300006	   7      -3.00      -2.75  3.590484305476277E-01  2.076323800180472E-04 168300006	   7      -3.00      -2.75  3.262573700439469E-01  1.853648283027346E-04 168300006
   8      -2.75      -2.50  3.216656379193152E-01  1.752106149128295E-04 161842571	   8      -2.75      -2.50  3.216656379193152E-01  1.752106149128295E-04 161842571	   8      -2.75      -2.50  2.958032341793833E-01  1.590688837276181E-04 161842571	   8      -2.75      -2.50  2.958032341793833E-01  1.590688837276181E-04 161842571	   8      -2.75      -2.50  3.522322806213303E-01  1.949738006026238E-04 161842571	   8      -2.75      -2.50  3.522322806213303E-01  1.949738006026238E-04 161842571	   8      -2.75      -2.50  3.216656379193152E-01  1.752106149128295E-04 161842571
   9      -2.50      -2.25  3.009301192518659E-01  1.607068734440882E-04 152473614	   9      -2.50      -2.25  3.009301192518659E-01  1.607068734440882E-04 152473614	   9      -2.50      -2.25  2.778610075452681E-01  1.466328305483743E-04 152473614	   9      -2.50      -2.25  2.778610075452681E-01  1.466328305483743E-04 152473614	   9      -2.50      -2.25  3.279789749167257E-01  1.778158978505856E-04 152473614	   9      -2.50      -2.25  3.279789749167257E-01  1.778158978505856E-04 152473614	   9      -2.50      -2.25  3.009301192518659E-01  1.607068734440882E-04 152473614
  10      -2.25      -2.00  2.682978372969775E-01  1.405618986521692E-04 140858459	  10      -2.25      -2.00  2.682978372969775E-01  1.405618986521692E-04 140858459	  10      -2.25      -2.00  2.486613010497130E-01  1.289174011313741E-04 140858459	  10      -2.25      -2.00  2.486613010497130E-01  1.289174011313741E-04 140858459	  10      -2.25      -2.00  2.911266115610350E-01  1.545919433837641E-04 140858459	  10      -2.25      -2.00  2.911266115610350E-01  1.545919433837641E-04 140858459	  10      -2.25      -2.00  2.682978372969775E-01  1.405618986521692E-04 140858459
  11      -2.00      -1.75  2.290092715542200E-01  1.196784466776404E-04 127600006	  11      -2.00      -1.75  2.290092715542200E-01  1.196784466776404E-04 127600006	  11      -2.00      -1.75  2.129759850425559E-01  1.102411822527853E-04 127600006	  11      -2.00      -1.75  2.129759850425559E-01  1.102411822527853E-04 127600006	  11      -2.00      -1.75  2.474787599460758E-01  1.309596777948927E-04 127600006	  11      -2.00      -1.75  2.474787599460758E-01  1.309596777948927E-04 127600006	  11      -2.00      -1.75  2.290092715542200E-01  1.196784466776404E-04 127600006
  12      -1.75      -1.50  1.874670227886013E-01  9.906677644910778E-05 113234762	  12      -1.75      -1.50  1.874670227886013E-01  9.906677644910778E-05 113234762	  12      -1.75      -1.50  1.748933701954277E-01  9.160461580699131E-05 113234762	  12      -1.75      -1.50  1.748933701954277E-01  9.160461580699131E-05 113234762	  12      -1.75      -1.50  2.018036139628468E-01  1.079122377730139E-04 113234762	  12      -1.75      -1.50  2.018036139628468E-01  1.079122377730139E-04 113234762	  12      -1.75      -1.50  1.874670227886013E-01  9.906677644910778E-05 113234762
  13      -1.50      -1.25  1.466286228046861E-01  7.782391591324465E-05 98555558	  13      -1.50      -1.25  1.466286228046861E-01  7.782391591324465E-05 98555558	  13      -1.50      -1.25  1.371701680631713E-01  7.227390752194399E-05 98555558	  13      -1.50      -1.25  1.371701680631713E-01  7.227390752194399E-05 98555558	  13      -1.50      -1.25  1.572941707591141E-01  8.433578621134239E-05 98555558	  13      -1.50      -1.25  1.572941707591141E-01  8.433578621134239E-05 98555558	  13      -1.50      -1.25  1.466286228046861E-01  7.782391591324465E-05 98555558
  14      -1.25      -1.00  1.096448186596373E-01  6.011750573350735E-05 84935174	  14      -1.25      -1.00  1.096448186596373E-01  6.011750573350735E-05 84935174	  14      -1.25      -1.00  1.028090711640849E-01  5.602161664181301E-05 84935174	  14      -1.25      -1.00  1.028090711640849E-01  5.602161664181301E-05 84935174	  14      -1.25      -1.00  1.172621218667652E-01  6.487236892717501E-05 84935174	  14      -1.25      -1.00  1.172621218667652E-01  6.487236892717501E-05 84935174	  14      -1.25      -1.00  1.096448186596373E-01  6.011750573350735E-05 84935174
  15      -1.00      -0.75  7.842738316706695E-02  4.482236292087580E-05 73238319	  15      -1.00      -0.75  7.842738316706695E-02  4.482236292087580E-05 73238319	  15      -1.00      -0.75  7.365915012865011E-02  4.189538098572617E-05 73238319	  15      -1.00      -0.75  7.365915012865011E-02  4.189538098572617E-05 73238319	  15      -1.00      -0.75  8.367870888076509E-02  4.818123141343534E-05 73238319	  15      -1.00      -0.75  8.367870888076509E-02  4.818123141343534E-05 73238319	  15      -1.00      -0.75  7.842738316706695E-02  4.482236292087580E-05 73238319
  16      -0.75      -0.50  5.365119342493017E-02  3.227780933919424E-05 64084121	  16      -0.75      -0.50  5.365119342493017E-02  3.227780933919424E-05 64084121	  16      -0.75      -0.50  5.043417795919433E-02  3.025195609883738E-05 64084121	  16      -0.75      -0.50  5.043417795919433E-02  3.025195609883738E-05 64084121	  16      -0.75      -0.50  5.715395134233800E-02  3.457019340484326E-05 64084121	  16      -0.75      -0.50  5.715395134233800E-02  3.457019340484326E-05 64084121	  16      -0.75      -0.50  5.365119342493017E-02  3.227780933919424E-05 64084121
  17      -0.50      -0.25  3.648180561115807E-02  2.260885257781021E-05 57692138	  17      -0.50      -0.25  3.648180561115807E-02  2.260885257781021E-05 57692138	  17      -0.50      -0.25  3.429003836781470E-02  2.122649358950098E-05 57692138	  17      -0.50      -0.25  3.429003836781470E-02  2.122649358950098E-05 57692138	  17      -0.50      -0.25  3.884510180597770E-02  2.415226994922176E-05 57692138	  17      -0.50      -0.25  3.884510180597770E-02  2.415226994922176E-05 57692138	  17      -0.50      -0.25  3.648180561115807E-02  2.260885257781021E-05 57692138
  18      -0.25       0.00  2.770294149436156E-02  1.703786668995468E-05 54221111	  18      -0.25       0.00  2.770294149436156E-02  1.703786668995468E-05 54221111	  18      -0.25       0.00  2.602065079007478E-02  1.600915425942990E-05 54221111	  18      -0.25       0.00  2.602065079007478E-02  1.600915425942990E-05 54221111	  18      -0.25       0.00  2.950517155666954E-02  1.817086625373613E-05 54221111	  18      -0.25       0.00  2.950517155666954E-02  1.817086625373613E-05 54221111	  18      -0.25       0.00  2.770294149436156E-02  1.703786668995468E-05 54221111
  19       0.00       0.25  2.771208883045955E-02  1.756668438637417E-05 53755171	  19       0.00       0.25  2.771208883045955E-02  1.756668438637417E-05 53755171	  19       0.00       0.25  2.602836020149726E-02  1.650597149534073E-05 53755171	  19       0.00       0.25  2.602836020149726E-02  1.650597149534073E-05 53755171	  19       0.00       0.25  2.951609034020422E-02  1.873512054247375E-05 53755171	  19       0.00       0.25  2.951609034020422E-02  1.873512054247375E-05 53755171	  19       0.00       0.25  2.771208883045955E-02  1.756668438637417E-05 53755171
  20       0.25       0.50  3.653314194756904E-02  2.404101481524563E-05 56308712	  20       0.25       0.50  3.653314194756904E-02  2.404101481524563E-05 56308712	  20       0.25       0.50  3.433765820033503E-02  2.257729025164206E-05 56308712	  20       0.25       0.50  3.433765820033503E-02  2.257729025164206E-05 56308712	  20       0.25       0.50  3.890064567419431E-02  2.567196176415655E-05 56308712	  20       0.25       0.50  3.890064567419431E-02  2.567196176415655E-05 56308712	  20       0.25       0.50  3.653314194756904E-02  2.404101481524563E-05 56308712
  21       0.50       0.75  5.364904629593810E-02  3.433971698843568E-05 61875002	  21       0.50       0.75  5.364904629593810E-02  3.433971698843568E-05 61875002	  21       0.50       0.75  5.043399791079866E-02  3.219693419721738E-05 61875002	  21       0.50       0.75  5.043399791079866E-02  3.219693419721738E-05 61875002	  21       0.50       0.75  5.714921293633595E-02  3.675989599134462E-05 61875002	  21       0.50       0.75  5.714921293633595E-02  3.675989599134462E-05 61875002	  21       0.50       0.75  5.364904629593810E-02  3.433971698843568E-05 61875002
  22       0.75       1.00  7.848525109653881E-02  4.760268002807381E-05 70287773	  22       0.75       1.00  7.848525109653881E-02  4.760268002807381E-05 70287773	  22       0.75       1.00  7.371905310040204E-02  4.453340420816101E-05 70287773	  22       0.75       1.00  7.371905310040204E-02  4.453340420816101E-05 70287773	  22       0.75       1.00  8.373282048853317E-02  5.111222365080697E-05 70287773	  22       0.75       1.00  8.373282048853317E-02  5.111222365080697E-05 70287773	  22       0.75       1.00  7.848525109653881E-02  4.760268002807381E-05 70287773
  23       1.00       1.25  1.098551499263064E-01  6.337487705900537E-05 81283118	  23       1.00       1.25  1.098551499263064E-01  6.337487705900537E-05 81283118	  23       1.00       1.25  1.030072649668709E-01  5.910755154204872E-05 81283118	  23       1.00       1.25  1.030072649668709E-01  5.910755154204872E-05 81283118	  23       1.00       1.25  1.174861143537338E-01  6.831527819655256E-05 81283118	  23       1.00       1.25  1.174861143537338E-01  6.831527819655256E-05 81283118	  23       1.00       1.25  1.098551499263064E-01  6.337487705900537E-05 81283118
  24       1.25       1.50  1.467387597911215E-01  8.238823445835784E-05 94339107	  24       1.25       1.50  1.467387597911215E-01  8.238823445835784E-05 94339107	  24       1.25       1.50  1.372716034568061E-01  7.654655894186014E-05 94339107	  24       1.25       1.50  1.372716034568061E-01  7.654655894186014E-05 94339107	  24       1.25       1.50  1.574149568413843E-01  8.923433654810700E-05 94339107	  24       1.25       1.50  1.574149568413843E-01  8.923433654810700E-05 94339107	  24       1.25       1.50  1.467387597911215E-01  8.238823445835784E-05 94339107
  25       1.50       1.75  1.871332655735737E-01  1.028868592313866E-04 108547882	  25       1.50       1.75  1.871332655735737E-01  1.028868592313866E-04 108547882	  25       1.50       1.75  1.745768655928693E-01  9.523828258257633E-05 108547882	  25       1.50       1.75  1.745768655928693E-01  9.523828258257633E-05 108547882	  25       1.50       1.75  2.014509475811225E-01  1.119351320700405E-04 108547882	  25       1.50       1.75  2.014509475811225E-01  1.119351320700405E-04 108547882	  25       1.50       1.75  1.871332655735737E-01  1.028868592313866E-04 108547882
  26       1.75       2.00  2.289098056256744E-01  1.246954869289120E-04 122540124	  26       1.75       2.00  2.289098056256744E-01  1.246954869289120E-04 122540124	  26       1.75       2.00  2.128926585170365E-01  1.149519592699662E-04 122540124	  26       1.75       2.00  2.128926585170365E-01  1.149519592699662E-04 122540124	  26       1.75       2.00  2.473583753169967E-01  1.363242785639826E-04 122540124	  26       1.75       2.00  2.473583753169967E-01  1.363242785639826E-04 122540124	  26       1.75       2.00  2.289098056256744E-01  1.246954869289120E-04 122540124
  27       2.00       2.25  2.683723476011890E-01  1.471519730953285E-04 135398371	  27       2.00       2.25  2.683723476011890E-01  1.471519730953285E-04 135398371	  27       2.00       2.25  2.487273911701400E-01  1.350290124642233E-04 135398371	  27       2.00       2.25  2.487273911701400E-01  1.350290124642233E-04 135398371	  27       2.00       2.25  2.912122079783898E-01  1.617454506541502E-04 135398371	  27       2.00       2.25  2.912122079783898E-01  1.617454506541502E-04 135398371	  27       2.00       2.25  2.683723476011890E-01  1.471519730953285E-04 135398371
  28       2.25       2.50  3.008600762422519E-01  1.665780768410562E-04 146617226	  28       2.25       2.50  3.008600762422519E-01  1.665780768410562E-04 146617226	  28       2.25       2.50  2.777849973530243E-01  1.521335058743242E-04 146617226	  28       2.25       2.50  2.777849973530243E-01  1.521335058743242E-04 146617226	  28       2.25       2.50  3.279180519034308E-01  1.841053518919038E-04 146617226	  28       2.25       2.50  3.279180519034308E-01  1.841053518919038E-04 146617226	  28       2.25       2.50  3.008600762422519E-01  1.665780768410562E-04 146617226
  29       2.50       2.75  3.218049682099700E-01  1.832279398026492E-04 155534009	  29       2.50       2.75  3.218049682099700E-01  1.832279398026492E-04 155534009	  29       2.50       2.75  2.959200961722167E-01  1.664891118198498E-04 155534009	  29       2.50       2.75  2.959200961722167E-01  1.664891118198498E-04 155534009	  29       2.50       2.75  3.524013265623329E-01  2.036925707926329E-04 155534009	  29       2.50       2.75  3.524013265623329E-01  2.036925707926329E-04 155534009	  29       2.50       2.75  3.218049682099700E-01  1.832279398026492E-04 155534009
  30       2.75       3.00  3.263683002830171E-01  1.920818058283943E-04 161415259	  30       2.75       3.00  3.263683002830171E-01  1.920818058283943E-04 161415259	  30       2.75       3.00  2.988322023135798E-01  1.736862656428524E-04 161415259	  30       2.75       3.00  2.988322023135798E-01  1.736862656428524E-04 161415259	  30       2.75       3.00  3.591601744084726E-01  2.147250484829520E-04 161415259	  30       2.75       3.00  3.591601744084726E-01  2.147250484829520E-04 161415259	  30       2.75       3.00  3.263683002830171E-01  1.920818058283943E-04 161415259
  31       3.00       3.25  3.121968351289658E-01  1.929591732752087E-04 163504399	  31       3.00       3.25  3.121968351289658E-01  1.929591732752087E-04 163504399	  31       3.00       3.25  2.845048194711897E-01  1.735012163391793E-04 163504399	  31       3.00       3.25  2.845048194711897E-01  1.735012163391793E-04 163504399	  31       3.00       3.25  3.454266968149274E-01  2.170974908531258E-04 163504399	  31       3.00       3.25  3.454266968149274E-01  2.170974908531258E-04 163504399	  31       3.00       3.25  3.121968351289658E-01  1.929591732752087E-04 163504399
  32       3.25       3.50  2.795187937038382E-01  1.844411724364253E-04 160892697	  32       3.25       3.50  2.795187937038382E-01  1.844411724364253E-04 160892697	  32       3.25       3.50  2.534803071441852E-01  1.649818378776020E-04 160892697	  32       3.25       3.50  2.534803071441852E-01  1.649818378776020E-04 160892697	  32       3.25       3.50  3.109926768432683E-01  2.087422277828720E-04 160892697	  32       3.25       3.50  3.109926768432683E-01  2.087422277828720E-04 160892697	  32       3.25       3.50  2.795187937038382E-01  1.844411724364253E-04 160892697
  33       3.50       3.75  2.327854381534003E-01  1.669676864742277E-04 152789746	  33       3.50       3.75  2.327854381534003E-01  1.669676864742277E-04 152789746	  33       3.50       3.75  2.100012496939559E-01  1.486123055446382E-04 152789746	  33       3.50       3.75  2.100012496939559E-01  1.486123055446382E-04 152789746	  33       3.50       3.75  2.605297841783954E-01  1.900291942994621E-04 152789746	  33       3.50       3.75  2.605297841783954E-01  1.900291942994621E-04 152789746	  33       3.50       3.75  2.327854381534003E-01  1.669676864742277E-04 152789746
  34       3.75       4.00  1.791344388492761E-01  1.456360541602208E-04 138831242	  34       3.75       4.00  1.791344388492761E-01  1.456360541602208E-04 138831242	  34       3.75       4.00  1.607193583580202E-01  1.287801853373114E-04 138831242	  34       3.75       4.00  1.607193583580202E-01  1.287801853373114E-04 138831242	  34       3.75       4.00  2.017241159504684E-01  1.669807541619346E-04 138831242	  34       3.75       4.00  2.017241159504684E-01  1.669807541619346E-04 138831242	  34       3.75       4.00  1.791344388492761E-01  1.456360541602208E-04 138831242
  35       4.00       4.25  0.000000000000000E+00  0.000000000000000E+00 0	  35       4.00       4.25  0.000000000000000E+00  0.000000000000000E+00 0	  35       4.00       4.25  0.000000000000000E+00  0.000000000000000E+00 0	  35       4.00       4.25  0.000000000000000E+00  0.000000000000000E+00 0	  35       4.00       4.25  0.000000000000000E+00  0.000000000000000E+00 0	  35       4.00       4.25  0.000000000000000E+00  0.000000000000000E+00 0	  35       4.00       4.25  0.000000000000000E+00  0.000000000000000E+00 0
  36       4.25       4.50  0.000000000000000E+00  0.000000000000000E+00 0	  36       4.25       4.50  0.000000000000000E+00  0.000000000000000E+00 0	  36       4.25       4.50  0.000000000000000E+00  0.000000000000000E+00 0	  36       4.25       4.50  0.000000000000000E+00  0.000000000000000E+00 0	  36       4.25       4.50  0.000000000000000E+00  0.000000000000000E+00 0	  36       4.25       4.50  0.000000000000000E+00  0.000000000000000E+00 0	  36       4.25       4.50  0.000000000000000E+00  0.000000000000000E+00 0
# Underflow:                 0.0000000000000000E+00  0.0000000000000000E+00 0
# Overflow:                  0.0000000000000000E+00  0.0000000000000000E+00 0
#-------------------------------------------------------------------------------------	#-------------------------------------------------------------------------------------	#-------------------------------------------------------------------------------------	#-------------------------------------------------------------------------------------	#-------------------------------------------------------------------------------------	#-------------------------------------------------------------------------------------	#-------------------------------------------------------------------------------------
# Sum:                       1.0079711069151613E+00  1.7784306254198012E-04 373479000
#=====================================================================================	#=====================================================================================	#=====================================================================================	#=====================================================================================	#=====================================================================================	#=====================================================================================	#=====================================================================================
