# title = Distance Positron--anti-Muon
# xlabel = $\Delta R_{\text{e}^+\mu^+}$
# ylabel = $\frac{\text{d}\sigma}{\text{d}\Delta R_{\text{e}^+\mu^+}}\,[\text{fb}]$
# xmin=  0.000E+00
# xmax=  6.000E+00
# ymin=  1.000E-04
# ymax=  1.000E+00
# kmin= -2.000E+01
# kmax=  1.000E+01
# logscale = true
# Renormalization and factorization scale scaled by: 1.0000000000
# Renormalization scaled by: 1.0000000000
# Number of generated events: 5882364
#	#	#	#	#	#	#
#=====================================================================================	#=====================================================================================	#=====================================================================================	#=====================================================================================	#=====================================================================================	#=====================================================================================	#=====================================================================================
# No.       Left      Right                   Value                   Error Hits
#-------------------------------------------------------------------------------------	#-------------------------------------------------------------------------------------	#-------------------------------------------------------------------------------------	#-------------------------------------------------------------------------------------	#-------------------------------------------------------------------------------------	#-------------------------------------------------------------------------------------	#-------------------------------------------------------------------------------------
   1       0.00       0.20  0.000000000000000E+00  0.000000000000000E+00 0	   1       0.00       0.20  0.000000000000000E+00  0.000000000000000E+00 0	   1       0.00       0.20  0.000000000000000E+00  0.000000000000000E+00 0	   1       0.00       0.20  0.000000000000000E+00  0.000000000000000E+00 0	   1       0.00       0.20  0.000000000000000E+00  0.000000000000000E+00 0	   1       0.00       0.20  0.000000000000000E+00  0.000000000000000E+00 0	   1       0.00       0.20  0.000000000000000E+00  0.000000000000000E+00 0
   2       0.20       0.40  6.396973319881556E-02  1.714789553856309E-03 27637249	   2       0.20       0.40  6.396973319881556E-02  1.714789553856309E-03 27637249	   2       0.20       0.40  6.100700067802086E-02  1.524533492391113E-03 27637249	   2       0.20       0.40  6.100700067802086E-02  1.524533492391113E-03 27637249	   2       0.20       0.40  6.718638725180719E-02  1.956151614372494E-03 27637249	   2       0.20       0.40  6.718638725180719E-02  1.956151614372494E-03 27637249	   2       0.20       0.40  6.396973319881556E-02  1.714789553856309E-03 27637249
   3       0.40       0.60  2.958068858602189E-01  3.580509532445670E-03 99616896	   3       0.40       0.60  2.958068858602189E-01  3.580509532445670E-03 99616896	   3       0.40       0.60  2.844305157590391E-01  3.241909934447107E-03 99616896	   3       0.40       0.60  2.844305157590391E-01  3.241909934447107E-03 99616896	   3       0.40       0.60  3.077435084831197E-01  3.996832142721862E-03 99616896	   3       0.40       0.60  3.077435084831197E-01  3.996832142721862E-03 99616896	   3       0.40       0.60  2.958068858602189E-01  3.580509532445670E-03 99616896
   4       0.60       0.80  5.011166748845536E-01  5.167836389002153E-03 159458560	   4       0.60       0.80  5.011166748845536E-01  5.167836389002153E-03 159458560	   4       0.60       0.80  4.834189892790922E-01  4.704562672684712E-03 159458560	   4       0.60       0.80  4.834189892790922E-01  4.704562672684712E-03 159458560	   4       0.60       0.80  5.193774078764626E-01  5.729530597768937E-03 159458560	   4       0.60       0.80  5.193774078764626E-01  5.729530597768937E-03 159458560	   4       0.60       0.80  5.011166748845536E-01  5.167836389002153E-03 159458560
   5       0.80       1.00  6.584339312492193E-01  6.238701574815270E-03 206356084	   5       0.80       1.00  6.584339312492193E-01  6.238701574815270E-03 206356084	   5       0.80       1.00  6.355173890461667E-01  5.691633112004944E-03 206356084	   5       0.80       1.00  6.355173890461667E-01  5.691633112004944E-03 206356084	   5       0.80       1.00  6.819648129257748E-01  6.908555583395673E-03 206356084	   5       0.80       1.00  6.819648129257748E-01  6.908555583395673E-03 206356084	   5       0.80       1.00  6.584339312492193E-01  6.238701574815270E-03 206356084
   6       1.00       1.20  7.889260179700242E-01  1.047634638112798E-02 246424961	   6       1.00       1.20  7.889260179700242E-01  1.047634638112798E-02 246424961	   6       1.00       1.20  7.622539319818462E-01  9.378350690928525E-03 246424961	   6       1.00       1.20  7.622539319818462E-01  9.378350690928525E-03 246424961	   6       1.00       1.20  8.160494612109749E-01  1.184466735005992E-02 246424961	   6       1.00       1.20  8.160494612109749E-01  1.184466735005992E-02 246424961	   6       1.00       1.20  7.889260179700242E-01  1.047634638112798E-02 246424961
   7       1.20       1.40  9.338974528140487E-01  6.811327029738460E-03 283135632	   7       1.20       1.40  9.338974528140487E-01  6.811327029738460E-03 283135632	   7       1.20       1.40  8.997363513186750E-01  6.268023463481415E-03 283135632	   7       1.20       1.40  8.997363513186750E-01  6.268023463481415E-03 283135632	   7       1.20       1.40  9.694260742405980E-01  7.470068073658163E-03 283135632	   7       1.20       1.40  9.694260742405980E-01  7.470068073658163E-03 283135632	   7       1.20       1.40  9.338974528140487E-01  6.811327029738460E-03 283135632
   8       1.40       1.60  1.016940954264621E+00  2.630632380743373E-02 316748986	   8       1.40       1.60  1.016940954264621E+00  2.630632380743373E-02 316748986	   8       1.40       1.60  9.825193565437226E-01  2.387498945969050E-02 316748986	   8       1.40       1.60  9.825193565437226E-01  2.387498945969050E-02 316748986	   8       1.40       1.60  1.051883087466843E+00  2.921660346288621E-02 316748986	   8       1.40       1.60  1.051883087466843E+00  2.921660346288621E-02 316748986	   8       1.40       1.60  1.016940954264621E+00  2.630632380743373E-02 316748986
   9       1.60       1.80  1.181288372058489E+00  9.260814710264687E-03 347178183	   9       1.60       1.80  1.181288372058489E+00  9.260814710264687E-03 347178183	   9       1.60       1.80  1.137605898521094E+00  8.432390172525849E-03 347178183	   9       1.60       1.80  1.137605898521094E+00  8.432390172525849E-03 347178183	   9       1.60       1.80  1.226715883103285E+00  1.028005283538318E-02 347178183	   9       1.60       1.80  1.226715883103285E+00  1.028005283538318E-02 347178183	   9       1.60       1.80  1.181288372058489E+00  9.260814710264687E-03 347178183
  10       1.80       2.00  1.275154590690816E+00  1.025300654003567E-02 374403996	  10       1.80       2.00  1.275154590690816E+00  1.025300654003567E-02 374403996	  10       1.80       2.00  1.227970987453017E+00  9.400914009539950E-03 374403996	  10       1.80       2.00  1.227970987453017E+00  9.400914009539950E-03 374403996	  10       1.80       2.00  1.324196992534105E+00  1.129275793651360E-02 374403996	  10       1.80       2.00  1.324196992534105E+00  1.129275793651360E-02 374403996	  10       1.80       2.00  1.275154590690816E+00  1.025300654003567E-02 374403996
  11       2.00       2.20  1.399151054611137E+00  1.182379430853862E-02 398453156	  11       2.00       2.20  1.399151054611137E+00  1.182379430853862E-02 398453156	  11       2.00       2.20  1.346159456702456E+00  1.082470476976987E-02 398453156	  11       2.00       2.20  1.346159456702456E+00  1.082470476976987E-02 398453156	  11       2.00       2.20  1.454541079622618E+00  1.302906525647728E-02 398453156	  11       2.00       2.20  1.454541079622618E+00  1.302906525647728E-02 398453156	  11       2.00       2.20  1.399151054611137E+00  1.182379430853862E-02 398453156
  12       2.20       2.40  1.498154554000509E+00  1.407188494791849E-02 419873531	  12       2.20       2.40  1.498154554000509E+00  1.407188494791849E-02 419873531	  12       2.20       2.40  1.441721308328808E+00  1.277784690868105E-02 419873531	  12       2.20       2.40  1.441721308328808E+00  1.277784690868105E-02 419873531	  12       2.20       2.40  1.556967969551611E+00  1.565362216203887E-02 419873531	  12       2.20       2.40  1.556967969551611E+00  1.565362216203887E-02 419873531	  12       2.20       2.40  1.498154554000509E+00  1.407188494791849E-02 419873531
  13       2.40       2.60  1.633538109863197E+00  1.336171782243258E-02 439097848	  13       2.40       2.60  1.633538109863197E+00  1.336171782243258E-02 439097848	  13       2.40       2.60  1.569688334606634E+00  1.220244919823410E-02 439097848	  13       2.40       2.60  1.569688334606634E+00  1.220244919823410E-02 439097848	  13       2.40       2.60  1.700626668917942E+00  1.476467618826279E-02 439097848	  13       2.40       2.60  1.700626668917942E+00  1.476467618826279E-02 439097848	  13       2.40       2.60  1.633538109863197E+00  1.336171782243258E-02 439097848
  14       2.60       2.80  1.715284749589348E+00  1.663312084249161E-02 456943716	  14       2.60       2.80  1.715284749589348E+00  1.663312084249161E-02 456943716	  14       2.60       2.80  1.648246144213888E+00  1.513653330291795E-02 456943716	  14       2.60       2.80  1.648246144213888E+00  1.513653330291795E-02 456943716	  14       2.60       2.80  1.785525129478358E+00  1.848607958042453E-02 456943716	  14       2.60       2.80  1.785525129478358E+00  1.848607958042453E-02 456943716	  14       2.60       2.80  1.715284749589348E+00  1.663312084249161E-02 456943716
  15       2.80       3.00  1.807043709778068E+00  1.877323740593858E-02 474174749	  15       2.80       3.00  1.807043709778068E+00  1.877323740593858E-02 474174749	  15       2.80       3.00  1.735136681346900E+00  1.701060897293483E-02 474174749	  15       2.80       3.00  1.735136681346900E+00  1.701060897293483E-02 474174749	  15       2.80       3.00  1.882657889965833E+00  2.096008467714753E-02 474174749	  15       2.80       3.00  1.882657889965833E+00  2.096008467714753E-02 474174749	  15       2.80       3.00  1.807043709778068E+00  1.877323740593858E-02 474174749
  16       3.00       3.20  1.793647690265101E+00  1.350736270185358E-02 465416159	  16       3.00       3.20  1.793647690265101E+00  1.350736270185358E-02 465416159	  16       3.00       3.20  1.719878722895732E+00  1.218007108240262E-02 465416159	  16       3.00       3.20  1.719878722895732E+00  1.218007108240262E-02 465416159	  16       3.00       3.20  1.871794643251602E+00  1.519471228565378E-02 465416159	  16       3.00       3.20  1.871794643251602E+00  1.519471228565378E-02 465416159	  16       3.00       3.20  1.793647690265101E+00  1.350736270185358E-02 465416159
  17       3.20       3.40  1.111667340385737E+00  1.213812913137866E-02 303333834	  17       3.20       3.40  1.111667340385737E+00  1.213812913137866E-02 303333834	  17       3.20       3.40  1.060792658253349E+00  1.102466679352863E-02 303333834	  17       3.20       3.40  1.060792658253349E+00  1.102466679352863E-02 303333834	  17       3.20       3.40  1.166748978005556E+00  1.350139991778965E-02 303333834	  17       3.20       3.40  1.166748978005556E+00  1.350139991778965E-02 303333834	  17       3.20       3.40  1.111667340385737E+00  1.213812913137866E-02 303333834
  18       3.40       3.60  7.358638897575352E-01  1.798568252856389E-02 216087176	  18       3.40       3.60  7.358638897575352E-01  1.798568252856389E-02 216087176	  18       3.40       3.60  6.997322682047478E-01  1.611615897912470E-02 216087176	  18       3.40       3.60  6.997322682047478E-01  1.611615897912470E-02 216087176	  18       3.40       3.60  7.753907214798896E-01  2.031514543941854E-02 216087176	  18       3.40       3.60  7.753907214798896E-01  2.031514543941854E-02 216087176	  18       3.40       3.60  7.358638897575352E-01  1.798568252856389E-02 216087176
  19       3.60       3.80  5.636418421789385E-01  7.950975628888418E-03 160347983	  19       3.60       3.80  5.636418421789385E-01  7.950975628888418E-03 160347983	  19       3.60       3.80  5.322596615975314E-01  7.220552062727262E-03 160347983	  19       3.60       3.80  5.322596615975314E-01  7.220552062727262E-03 160347983	  19       3.60       3.80  5.987702186339202E-01  8.852598850077584E-03 160347983	  19       3.60       3.80  5.987702186339202E-01  8.852598850077584E-03 160347983	  19       3.60       3.80  5.636418421789385E-01  7.950975628888418E-03 160347983
  20       3.80       4.00  4.045586791625180E-01  6.774124076614794E-03 120206006	  20       3.80       4.00  4.045586791625180E-01  6.774124076614794E-03 120206006	  20       3.80       4.00  3.807245203633631E-01  6.068969772035282E-03 120206006	  20       3.80       4.00  3.807245203633631E-01  6.068969772035282E-03 120206006	  20       3.80       4.00  4.314666300144260E-01  7.664281129004532E-03 120206006	  20       3.80       4.00  4.314666300144260E-01  7.664281129004532E-03 120206006	  20       3.80       4.00  4.045586791625180E-01  6.774124076614794E-03 120206006
  21       4.00       4.20  2.925224889672990E-01  1.017294719689374E-02 90448248	  21       4.00       4.20  2.925224889672990E-01  1.017294719689374E-02 90448248	  21       4.00       4.20  2.741519019501238E-01  9.111122393199597E-03 90448248	  21       4.00       4.20  2.741519019501238E-01  9.111122393199597E-03 90448248	  21       4.00       4.20  3.134855489329063E-01  1.147564149437793E-02 90448248	  21       4.00       4.20  3.134855489329063E-01  1.147564149437793E-02 90448248	  21       4.00       4.20  2.925224889672990E-01  1.017294719689374E-02 90448248
  22       4.20       4.40  2.077226355767863E-01  5.714318951032811E-03 68095533	  22       4.20       4.40  2.077226355767863E-01  5.714318951032811E-03 68095533	  22       4.20       4.40  1.943781301761474E-01  5.031891064896987E-03 68095533	  22       4.20       4.40  1.943781301761474E-01  5.031891064896987E-03 68095533	  22       4.20       4.40  2.229097083891069E-01  6.584810481414428E-03 68095533	  22       4.20       4.40  2.229097083891069E-01  6.584810481414428E-03 68095533	  22       4.20       4.40  2.077226355767863E-01  5.714318951032811E-03 68095533
  23       4.40       4.60  1.535701662405267E-01  7.502581850809995E-03 51112056	  23       4.40       4.60  1.535701662405267E-01  7.502581850809995E-03 51112056	  23       4.40       4.60  1.426251615745719E-01  6.621534340768543E-03 51112056	  23       4.40       4.60  1.426251615745719E-01  6.621534340768543E-03 51112056	  23       4.40       4.60  1.662791344355415E-01  8.602477085935678E-03 51112056	  23       4.40       4.60  1.662791344355415E-01  8.602477085935678E-03 51112056	  23       4.40       4.60  1.535701662405267E-01  7.502581850809995E-03 51112056
  24       4.60       4.80  9.596984217190316E-02  5.819241795517742E-03 38124049	  24       4.60       4.80  9.596984217190316E-02  5.819241795517742E-03 38124049	  24       4.60       4.80  8.892350058944570E-02  5.297545391475777E-03 38124049	  24       4.60       4.80  8.892350058944570E-02  5.297545391475777E-03 38124049	  24       4.60       4.80  1.041995936976866E-01  6.463113392827643E-03 38124049	  24       4.60       4.80  1.041995936976866E-01  6.463113392827643E-03 38124049	  24       4.60       4.80  9.596984217190316E-02  5.819241795517742E-03 38124049
  25       4.80       5.00  7.833145862918033E-02  3.250838345149120E-03 28178941	  25       4.80       5.00  7.833145862918033E-02  3.250838345149120E-03 28178941	  25       4.80       5.00  7.186915954349127E-02  2.926040167648403E-03 28178941	  25       4.80       5.00  7.186915954349127E-02  2.926040167648403E-03 28178941	  25       4.80       5.00  8.603524044049032E-02  3.646545268939902E-03 28178941	  25       4.80       5.00  8.603524044049032E-02  3.646545268939902E-03 28178941	  25       4.80       5.00  7.833145862918033E-02  3.250838345149120E-03 28178941
  26       5.00       5.20  5.213650493746601E-02  5.060015190329442E-03 20610553	  26       5.00       5.20  5.213650493746601E-02  5.060015190329442E-03 20610553	  26       5.00       5.20  4.786211845988673E-02  4.351874030785258E-03 20610553	  26       5.00       5.20  4.786211845988673E-02  4.351874030785258E-03 20610553	  26       5.00       5.20  5.720905426374495E-02  5.970024008923256E-03 20610553	  26       5.00       5.20  5.720905426374495E-02  5.970024008923256E-03 20610553	  26       5.00       5.20  5.213650493746601E-02  5.060015190329442E-03 20610553
  27       5.20       5.40  3.587024517384912E-02  2.668484121631184E-03 14879910	  27       5.20       5.40  3.587024517384912E-02  2.668484121631184E-03 14879910	  27       5.20       5.40  3.254794975077711E-02  2.443602215756057E-03 14879910	  27       5.20       5.40  3.254794975077711E-02  2.443602215756057E-03 14879910	  27       5.20       5.40  3.989961459062815E-02  2.935896417542226E-03 14879910	  27       5.20       5.40  3.989961459062815E-02  2.935896417542226E-03 14879910	  27       5.20       5.40  3.587024517384912E-02  2.668484121631184E-03 14879910
  28       5.40       5.60  2.518391705555281E-02  1.175260748846102E-03 10591251	  28       5.40       5.60  2.518391705555281E-02  1.175260748846102E-03 10591251	  28       5.40       5.60  2.282912727361221E-02  1.038712224800834E-03 10591251	  28       5.40       5.60  2.282912727361221E-02  1.038712224800834E-03 10591251	  28       5.40       5.60  2.803530591108635E-02  1.351691605193815E-03 10591251	  28       5.40       5.60  2.803530591108635E-02  1.351691605193815E-03 10591251	  28       5.40       5.60  2.518391705555281E-02  1.175260748846102E-03 10591251
  29       5.60       5.80  1.437202744166435E-02  1.772248607041013E-03 7405522	  29       5.60       5.80  1.437202744166435E-02  1.772248607041013E-03 7405522	  29       5.60       5.80  1.310591855009376E-02  1.500894754003054E-03 7405522	  29       5.60       5.80  1.310591855009376E-02  1.500894754003054E-03 7405522	  29       5.60       5.80  1.587855625625873E-02  2.135324057024022E-03 7405522	  29       5.60       5.80  1.587855625625873E-02  2.135324057024022E-03 7405522	  29       5.60       5.80  1.437202744166435E-02  1.772248607041013E-03 7405522
  30       5.80       6.00  1.092643262441944E-02  7.991799787186304E-04 5070532	  30       5.80       6.00  1.092643262441944E-02  7.991799787186304E-04 5070532	  30       5.80       6.00  9.838733138696064E-03  6.668090089095309E-04 5070532	  30       5.80       6.00  9.838733138696064E-03  6.668090089095309E-04 5070532	  30       5.80       6.00  1.224983486028459E-02  9.776920073847177E-04 5070532	  30       5.80       6.00  1.224983486028459E-02  9.776920073847177E-04 5070532	  30       5.80       6.00  1.092643262441944E-02  7.991799787186304E-04 5070532
  31       6.00       6.20  6.296800022877021E-03  6.721377006119303E-04 3400209	  31       6.00       6.20  6.296800022877021E-03  6.721377006119303E-04 3400209	  31       6.00       6.20  5.578677085167251E-03  6.279153124237657E-04 3400209	  31       6.00       6.20  5.578677085167251E-03  6.279153124237657E-04 3400209	  31       6.00       6.20  7.192896833263995E-03  7.234438760195545E-04 3400209	  31       6.00       6.20  7.192896833263995E-03  7.234438760195545E-04 3400209	  31       6.00       6.20  6.296800022877021E-03  6.721377006119303E-04 3400209
  32       6.20       6.40  3.441326039726424E-03  6.544606183328804E-04 2215995	  32       6.20       6.40  3.441326039726424E-03  6.544606183328804E-04 2215995	  32       6.20       6.40  3.072609987433523E-03  5.730322671648401E-04 2215995	  32       6.20       6.40  3.072609987433523E-03  5.730322671648401E-04 2215995	  32       6.20       6.40  3.899546699809475E-03  7.568948855581375E-04 2215995	  32       6.20       6.40  3.899546699809475E-03  7.568948855581375E-04 2215995	  32       6.20       6.40  3.441326039726424E-03  6.544606183328804E-04 2215995
  33       6.40       6.60  2.425561046901727E-03  2.314507314606047E-04 1399696	  33       6.40       6.60  2.425561046901727E-03  2.314507314606047E-04 1399696	  33       6.40       6.60  2.136228832428381E-03  2.039835505359060E-04 1399696	  33       6.40       6.60  2.136228832428381E-03  2.039835505359060E-04 1399696	  33       6.40       6.60  2.790511608738577E-03  2.661514267417323E-04 1399696	  33       6.40       6.60  2.790511608738577E-03  2.661514267417323E-04 1399696	  33       6.40       6.60  2.425561046901727E-03  2.314507314606047E-04 1399696
  34       6.60       6.80  1.014802680986936E-03  3.880233187848796E-04 848314	  34       6.60       6.80  1.014802680986936E-03  3.880233187848796E-04 848314	  34       6.60       6.80  8.962600704320869E-04  3.318453675881988E-04 848314	  34       6.60       6.80  8.962600704320869E-04  3.318453675881988E-04 848314	  34       6.60       6.80  1.164396610949604E-03  4.605930370940139E-04 848314	  34       6.60       6.80  1.164396610949604E-03  4.605930370940139E-04 848314	  34       6.60       6.80  1.014802680986936E-03  3.880233187848796E-04 848314
  35       6.80       7.00  7.879242111388946E-04  7.257307151672724E-05 488153	  35       6.80       7.00  7.879242111388946E-04  7.257307151672724E-05 488153	  35       6.80       7.00  6.918388096370864E-04  6.204013695266585E-05 488153	  35       6.80       7.00  6.918388096370864E-04  6.204013695266585E-05 488153	  35       6.80       7.00  9.096369987214483E-04  8.635873594678244E-05 488153	  35       6.80       7.00  9.096369987214483E-04  8.635873594678244E-05 488153	  35       6.80       7.00  7.879242111388946E-04  7.257307151672724E-05 488153
  36       7.00       7.20  3.397056284702643E-04  2.394699155358401E-05 264698	  36       7.00       7.20  3.397056284702643E-04  2.394699155358401E-05 264698	  36       7.00       7.20  2.958276424936827E-04  2.116073178176785E-05 264698	  36       7.00       7.20  2.958276424936827E-04  2.116073178176785E-05 264698	  36       7.00       7.20  3.959429030952738E-04  2.751487612711631E-05 264698	  36       7.00       7.20  3.959429030952738E-04  2.751487612711631E-05 264698	  36       7.00       7.20  3.397056284702643E-04  2.394699155358401E-05 264698
  37       7.20       7.40  1.471510863693734E-04  2.162882182244658E-05 132744	  37       7.20       7.40  1.471510863693734E-04  2.162882182244658E-05 132744	  37       7.20       7.40  1.274842557923967E-04  1.850218297278943E-05 132744	  37       7.20       7.40  1.274842557923967E-04  1.850218297278943E-05 132744	  37       7.20       7.40  1.724138394833876E-04  2.577120875057469E-05 132744	  37       7.20       7.40  1.724138394833876E-04  2.577120875057469E-05 132744	  37       7.20       7.40  1.471510863693734E-04  2.162882182244658E-05 132744
  38       7.40       7.60  2.430011529173251E-05  2.726647991903984E-05 59114	  38       7.40       7.60  2.430011529173251E-05  2.726647991903984E-05 59114	  38       7.40       7.60  2.174410306747298E-05  2.302478342577427E-05 59114	  38       7.40       7.60  2.174410306747298E-05  2.302478342577427E-05 59114	  38       7.40       7.60  2.749333733561279E-05  3.288491777617483E-05 59114	  38       7.40       7.60  2.749333733561279E-05  3.288491777617483E-05 59114	  38       7.40       7.60  2.430011529173251E-05  2.726647991903984E-05 59114
  39       7.60       7.80  1.723637106394942E-05  4.670406322170194E-06 22682	  39       7.60       7.80  1.723637106394942E-05  4.670406322170194E-06 22682	  39       7.60       7.80  1.471516900872821E-05  3.959918710969676E-06 22682	  39       7.60       7.80  1.471516900872821E-05  3.959918710969676E-06 22682	  39       7.60       7.80  2.054434030100132E-05  5.599630981855946E-06 22682	  39       7.60       7.80  2.054434030100132E-05  5.599630981855946E-06 22682	  39       7.60       7.80  1.723637106394942E-05  4.670406322170194E-06 22682
  40       7.80       8.00  5.253105748603109E-06  1.176332336896942E-06 7118	  40       7.80       8.00  5.253105748603109E-06  1.176332336896942E-06 7118	  40       7.80       8.00  4.530811726351774E-06  1.008947250514155E-06 7118	  40       7.80       8.00  4.530811726351774E-06  1.008947250514155E-06 7118	  40       7.80       8.00  6.195099433629379E-06  1.401388477673562E-06 7118	  40       7.80       8.00  6.195099433629379E-06  1.401388477673562E-06 7118	  40       7.80       8.00  5.253105748603109E-06  1.176332336896942E-06 7118
  41       8.00       8.20  2.011320531985217E-06  1.255841057142086E-06 1642	  41       8.00       8.20  2.011320531985217E-06  1.255841057142086E-06 1642	  41       8.00       8.20  1.732447227313874E-06  1.078212927999862E-06 1642	  41       8.00       8.20  1.732447227313874E-06  1.078212927999862E-06 1642	  41       8.00       8.20  2.368037310394211E-06  1.484150010159645E-06 1642	  41       8.00       8.20  2.368037310394211E-06  1.484150010159645E-06 1642	  41       8.00       8.20  2.011320531985217E-06  1.255841057142086E-06 1642
  42       8.20       8.40  6.384174556722920E-08  2.988672581307868E-08 214	  42       8.20       8.40  6.384174556722920E-08  2.988672581307868E-08 214	  42       8.20       8.40  5.390549050638160E-08  2.559573894295624E-08 214	  42       8.20       8.40  5.390549050638160E-08  2.559573894295624E-08 214	  42       8.20       8.40  7.703538645770079E-08  3.550474078753487E-08 214	  42       8.20       8.40  7.703538645770079E-08  3.550474078753487E-08 214	  42       8.20       8.40  6.384174556722920E-08  2.988672581307868E-08 214
  43       8.40       8.60  6.915811655055234E-12  1.609415628361824E-11 7	  43       8.40       8.60  6.915811655055234E-12  1.609415628361824E-11 7	  43       8.40       8.60 -2.758965162487194E-12  6.028267737298336E-12 7	  43       8.40       8.60 -2.758965162487194E-12  6.028267737298336E-12 7	  43       8.40       8.60  2.315209141054811E-11  3.431745049586179E-11 7	  43       8.40       8.60  2.315209141054811E-11  3.431745049586179E-11 7	  43       8.40       8.60  6.915811655055234E-12  1.609415628361824E-11 7
  44       8.60       8.80  0.000000000000000E+00  0.000000000000000E+00 0	  44       8.60       8.80  0.000000000000000E+00  0.000000000000000E+00 0	  44       8.60       8.80  0.000000000000000E+00  0.000000000000000E+00 0	  44       8.60       8.80  0.000000000000000E+00  0.000000000000000E+00 0	  44       8.60       8.80  0.000000000000000E+00  0.000000000000000E+00 0	  44       8.60       8.80  0.000000000000000E+00  0.000000000000000E+00 0	  44       8.60       8.80  0.000000000000000E+00  0.000000000000000E+00 0
  45       8.80       9.00  0.000000000000000E+00  0.000000000000000E+00 0	  45       8.80       9.00  0.000000000000000E+00  0.000000000000000E+00 0	  45       8.80       9.00  0.000000000000000E+00  0.000000000000000E+00 0	  45       8.80       9.00  0.000000000000000E+00  0.000000000000000E+00 0	  45       8.80       9.00  0.000000000000000E+00  0.000000000000000E+00 0	  45       8.80       9.00  0.000000000000000E+00  0.000000000000000E+00 0	  45       8.80       9.00  0.000000000000000E+00  0.000000000000000E+00 0
  46       9.00       9.20  0.000000000000000E+00  0.000000000000000E+00 0	  46       9.00       9.20  0.000000000000000E+00  0.000000000000000E+00 0	  46       9.00       9.20  0.000000000000000E+00  0.000000000000000E+00 0	  46       9.00       9.20  0.000000000000000E+00  0.000000000000000E+00 0	  46       9.00       9.20  0.000000000000000E+00  0.000000000000000E+00 0	  46       9.00       9.20  0.000000000000000E+00  0.000000000000000E+00 0	  46       9.00       9.20  0.000000000000000E+00  0.000000000000000E+00 0
  47       9.20       9.40  0.000000000000000E+00  0.000000000000000E+00 0	  47       9.20       9.40  0.000000000000000E+00  0.000000000000000E+00 0	  47       9.20       9.40  0.000000000000000E+00  0.000000000000000E+00 0	  47       9.20       9.40  0.000000000000000E+00  0.000000000000000E+00 0	  47       9.20       9.40  0.000000000000000E+00  0.000000000000000E+00 0	  47       9.20       9.40  0.000000000000000E+00  0.000000000000000E+00 0	  47       9.20       9.40  0.000000000000000E+00  0.000000000000000E+00 0
  48       9.40       9.60  0.000000000000000E+00  0.000000000000000E+00 0	  48       9.40       9.60  0.000000000000000E+00  0.000000000000000E+00 0	  48       9.40       9.60  0.000000000000000E+00  0.000000000000000E+00 0	  48       9.40       9.60  0.000000000000000E+00  0.000000000000000E+00 0	  48       9.40       9.60  0.000000000000000E+00  0.000000000000000E+00 0	  48       9.40       9.60  0.000000000000000E+00  0.000000000000000E+00 0	  48       9.40       9.60  0.000000000000000E+00  0.000000000000000E+00 0
  49       9.60       9.80  0.000000000000000E+00  0.000000000000000E+00 0	  49       9.60       9.80  0.000000000000000E+00  0.000000000000000E+00 0	  49       9.60       9.80  0.000000000000000E+00  0.000000000000000E+00 0	  49       9.60       9.80  0.000000000000000E+00  0.000000000000000E+00 0	  49       9.60       9.80  0.000000000000000E+00  0.000000000000000E+00 0	  49       9.60       9.80  0.000000000000000E+00  0.000000000000000E+00 0	  49       9.60       9.80  0.000000000000000E+00  0.000000000000000E+00 0
  50       9.80      10.00  0.000000000000000E+00  0.000000000000000E+00 0	  50       9.80      10.00  0.000000000000000E+00  0.000000000000000E+00 0	  50       9.80      10.00  0.000000000000000E+00  0.000000000000000E+00 0	  50       9.80      10.00  0.000000000000000E+00  0.000000000000000E+00 0	  50       9.80      10.00  0.000000000000000E+00  0.000000000000000E+00 0	  50       9.80      10.00  0.000000000000000E+00  0.000000000000000E+00 0	  50       9.80      10.00  0.000000000000000E+00  0.000000000000000E+00 0
  51      10.00      10.20  0.000000000000000E+00  0.000000000000000E+00 0	  51      10.00      10.20  0.000000000000000E+00  0.000000000000000E+00 0	  51      10.00      10.20  0.000000000000000E+00  0.000000000000000E+00 0	  51      10.00      10.20  0.000000000000000E+00  0.000000000000000E+00 0	  51      10.00      10.20  0.000000000000000E+00  0.000000000000000E+00 0	  51      10.00      10.20  0.000000000000000E+00  0.000000000000000E+00 0	  51      10.00      10.20  0.000000000000000E+00  0.000000000000000E+00 0
  52      10.20      10.40  0.000000000000000E+00  0.000000000000000E+00 0	  52      10.20      10.40  0.000000000000000E+00  0.000000000000000E+00 0	  52      10.20      10.40  0.000000000000000E+00  0.000000000000000E+00 0	  52      10.20      10.40  0.000000000000000E+00  0.000000000000000E+00 0	  52      10.20      10.40  0.000000000000000E+00  0.000000000000000E+00 0	  52      10.20      10.40  0.000000000000000E+00  0.000000000000000E+00 0	  52      10.20      10.40  0.000000000000000E+00  0.000000000000000E+00 0
  53      10.40      10.60  0.000000000000000E+00  0.000000000000000E+00 0	  53      10.40      10.60  0.000000000000000E+00  0.000000000000000E+00 0	  53      10.40      10.60  0.000000000000000E+00  0.000000000000000E+00 0	  53      10.40      10.60  0.000000000000000E+00  0.000000000000000E+00 0	  53      10.40      10.60  0.000000000000000E+00  0.000000000000000E+00 0	  53      10.40      10.60  0.000000000000000E+00  0.000000000000000E+00 0	  53      10.40      10.60  0.000000000000000E+00  0.000000000000000E+00 0
  54      10.60      10.80  0.000000000000000E+00  0.000000000000000E+00 0	  54      10.60      10.80  0.000000000000000E+00  0.000000000000000E+00 0	  54      10.60      10.80  0.000000000000000E+00  0.000000000000000E+00 0	  54      10.60      10.80  0.000000000000000E+00  0.000000000000000E+00 0	  54      10.60      10.80  0.000000000000000E+00  0.000000000000000E+00 0	  54      10.60      10.80  0.000000000000000E+00  0.000000000000000E+00 0	  54      10.60      10.80  0.000000000000000E+00  0.000000000000000E+00 0
  55      10.80      11.00  0.000000000000000E+00  0.000000000000000E+00 0	  55      10.80      11.00  0.000000000000000E+00  0.000000000000000E+00 0	  55      10.80      11.00  0.000000000000000E+00  0.000000000000000E+00 0	  55      10.80      11.00  0.000000000000000E+00  0.000000000000000E+00 0	  55      10.80      11.00  0.000000000000000E+00  0.000000000000000E+00 0	  55      10.80      11.00  0.000000000000000E+00  0.000000000000000E+00 0	  55      10.80      11.00  0.000000000000000E+00  0.000000000000000E+00 0
  56      11.00      11.20  0.000000000000000E+00  0.000000000000000E+00 0	  56      11.00      11.20  0.000000000000000E+00  0.000000000000000E+00 0	  56      11.00      11.20  0.000000000000000E+00  0.000000000000000E+00 0	  56      11.00      11.20  0.000000000000000E+00  0.000000000000000E+00 0	  56      11.00      11.20  0.000000000000000E+00  0.000000000000000E+00 0	  56      11.00      11.20  0.000000000000000E+00  0.000000000000000E+00 0	  56      11.00      11.20  0.000000000000000E+00  0.000000000000000E+00 0
  57      11.20      11.40  0.000000000000000E+00  0.000000000000000E+00 0	  57      11.20      11.40  0.000000000000000E+00  0.000000000000000E+00 0	  57      11.20      11.40  0.000000000000000E+00  0.000000000000000E+00 0	  57      11.20      11.40  0.000000000000000E+00  0.000000000000000E+00 0	  57      11.20      11.40  0.000000000000000E+00  0.000000000000000E+00 0	  57      11.20      11.40  0.000000000000000E+00  0.000000000000000E+00 0	  57      11.20      11.40  0.000000000000000E+00  0.000000000000000E+00 0
  58      11.40      11.60  0.000000000000000E+00  0.000000000000000E+00 0	  58      11.40      11.60  0.000000000000000E+00  0.000000000000000E+00 0	  58      11.40      11.60  0.000000000000000E+00  0.000000000000000E+00 0	  58      11.40      11.60  0.000000000000000E+00  0.000000000000000E+00 0	  58      11.40      11.60  0.000000000000000E+00  0.000000000000000E+00 0	  58      11.40      11.60  0.000000000000000E+00  0.000000000000000E+00 0	  58      11.40      11.60  0.000000000000000E+00  0.000000000000000E+00 0
  59      11.60      11.80  0.000000000000000E+00  0.000000000000000E+00 0	  59      11.60      11.80  0.000000000000000E+00  0.000000000000000E+00 0	  59      11.60      11.80  0.000000000000000E+00  0.000000000000000E+00 0	  59      11.60      11.80  0.000000000000000E+00  0.000000000000000E+00 0	  59      11.60      11.80  0.000000000000000E+00  0.000000000000000E+00 0	  59      11.60      11.80  0.000000000000000E+00  0.000000000000000E+00 0	  59      11.60      11.80  0.000000000000000E+00  0.000000000000000E+00 0
  60      11.80      12.00  0.000000000000000E+00  0.000000000000000E+00 0	  60      11.80      12.00  0.000000000000000E+00  0.000000000000000E+00 0	  60      11.80      12.00  0.000000000000000E+00  0.000000000000000E+00 0	  60      11.80      12.00  0.000000000000000E+00  0.000000000000000E+00 0	  60      11.80      12.00  0.000000000000000E+00  0.000000000000000E+00 0	  60      11.80      12.00  0.000000000000000E+00  0.000000000000000E+00 0	  60      11.80      12.00  0.000000000000000E+00  0.000000000000000E+00 0
  61      12.00      12.20  0.000000000000000E+00  0.000000000000000E+00 0	  61      12.00      12.20  0.000000000000000E+00  0.000000000000000E+00 0	  61      12.00      12.20  0.000000000000000E+00  0.000000000000000E+00 0	  61      12.00      12.20  0.000000000000000E+00  0.000000000000000E+00 0	  61      12.00      12.20  0.000000000000000E+00  0.000000000000000E+00 0	  61      12.00      12.20  0.000000000000000E+00  0.000000000000000E+00 0	  61      12.00      12.20  0.000000000000000E+00  0.000000000000000E+00 0
  62      12.20      12.40  0.000000000000000E+00  0.000000000000000E+00 0	  62      12.20      12.40  0.000000000000000E+00  0.000000000000000E+00 0	  62      12.20      12.40  0.000000000000000E+00  0.000000000000000E+00 0	  62      12.20      12.40  0.000000000000000E+00  0.000000000000000E+00 0	  62      12.20      12.40  0.000000000000000E+00  0.000000000000000E+00 0	  62      12.20      12.40  0.000000000000000E+00  0.000000000000000E+00 0	  62      12.20      12.40  0.000000000000000E+00  0.000000000000000E+00 0
  63      12.40      12.60  0.000000000000000E+00  0.000000000000000E+00 0	  63      12.40      12.60  0.000000000000000E+00  0.000000000000000E+00 0	  63      12.40      12.60  0.000000000000000E+00  0.000000000000000E+00 0	  63      12.40      12.60  0.000000000000000E+00  0.000000000000000E+00 0	  63      12.40      12.60  0.000000000000000E+00  0.000000000000000E+00 0	  63      12.40      12.60  0.000000000000000E+00  0.000000000000000E+00 0	  63      12.40      12.60  0.000000000000000E+00  0.000000000000000E+00 0
  64      12.60      12.80  0.000000000000000E+00  0.000000000000000E+00 0	  64      12.60      12.80  0.000000000000000E+00  0.000000000000000E+00 0	  64      12.60      12.80  0.000000000000000E+00  0.000000000000000E+00 0	  64      12.60      12.80  0.000000000000000E+00  0.000000000000000E+00 0	  64      12.60      12.80  0.000000000000000E+00  0.000000000000000E+00 0	  64      12.60      12.80  0.000000000000000E+00  0.000000000000000E+00 0	  64      12.60      12.80  0.000000000000000E+00  0.000000000000000E+00 0
  65      12.80      13.00  0.000000000000000E+00  0.000000000000000E+00 0	  65      12.80      13.00  0.000000000000000E+00  0.000000000000000E+00 0	  65      12.80      13.00  0.000000000000000E+00  0.000000000000000E+00 0	  65      12.80      13.00  0.000000000000000E+00  0.000000000000000E+00 0	  65      12.80      13.00  0.000000000000000E+00  0.000000000000000E+00 0	  65      12.80      13.00  0.000000000000000E+00  0.000000000000000E+00 0	  65      12.80      13.00  0.000000000000000E+00  0.000000000000000E+00 0
  66      13.00      13.20  0.000000000000000E+00  0.000000000000000E+00 0	  66      13.00      13.20  0.000000000000000E+00  0.000000000000000E+00 0	  66      13.00      13.20  0.000000000000000E+00  0.000000000000000E+00 0	  66      13.00      13.20  0.000000000000000E+00  0.000000000000000E+00 0	  66      13.00      13.20  0.000000000000000E+00  0.000000000000000E+00 0	  66      13.00      13.20  0.000000000000000E+00  0.000000000000000E+00 0	  66      13.00      13.20  0.000000000000000E+00  0.000000000000000E+00 0
  67      13.20      13.40  0.000000000000000E+00  0.000000000000000E+00 0	  67      13.20      13.40  0.000000000000000E+00  0.000000000000000E+00 0	  67      13.20      13.40  0.000000000000000E+00  0.000000000000000E+00 0	  67      13.20      13.40  0.000000000000000E+00  0.000000000000000E+00 0	  67      13.20      13.40  0.000000000000000E+00  0.000000000000000E+00 0	  67      13.20      13.40  0.000000000000000E+00  0.000000000000000E+00 0	  67      13.20      13.40  0.000000000000000E+00  0.000000000000000E+00 0
  68      13.40      13.60  0.000000000000000E+00  0.000000000000000E+00 0	  68      13.40      13.60  0.000000000000000E+00  0.000000000000000E+00 0	  68      13.40      13.60  0.000000000000000E+00  0.000000000000000E+00 0	  68      13.40      13.60  0.000000000000000E+00  0.000000000000000E+00 0	  68      13.40      13.60  0.000000000000000E+00  0.000000000000000E+00 0	  68      13.40      13.60  0.000000000000000E+00  0.000000000000000E+00 0	  68      13.40      13.60  0.000000000000000E+00  0.000000000000000E+00 0
  69      13.60      13.80  0.000000000000000E+00  0.000000000000000E+00 0	  69      13.60      13.80  0.000000000000000E+00  0.000000000000000E+00 0	  69      13.60      13.80  0.000000000000000E+00  0.000000000000000E+00 0	  69      13.60      13.80  0.000000000000000E+00  0.000000000000000E+00 0	  69      13.60      13.80  0.000000000000000E+00  0.000000000000000E+00 0	  69      13.60      13.80  0.000000000000000E+00  0.000000000000000E+00 0	  69      13.60      13.80  0.000000000000000E+00  0.000000000000000E+00 0
  70      13.80      14.00  0.000000000000000E+00  0.000000000000000E+00 0	  70      13.80      14.00  0.000000000000000E+00  0.000000000000000E+00 0	  70      13.80      14.00  0.000000000000000E+00  0.000000000000000E+00 0	  70      13.80      14.00  0.000000000000000E+00  0.000000000000000E+00 0	  70      13.80      14.00  0.000000000000000E+00  0.000000000000000E+00 0	  70      13.80      14.00  0.000000000000000E+00  0.000000000000000E+00 0	  70      13.80      14.00  0.000000000000000E+00  0.000000000000000E+00 0
  71      14.00      14.20  0.000000000000000E+00  0.000000000000000E+00 0	  71      14.00      14.20  0.000000000000000E+00  0.000000000000000E+00 0	  71      14.00      14.20  0.000000000000000E+00  0.000000000000000E+00 0	  71      14.00      14.20  0.000000000000000E+00  0.000000000000000E+00 0	  71      14.00      14.20  0.000000000000000E+00  0.000000000000000E+00 0	  71      14.00      14.20  0.000000000000000E+00  0.000000000000000E+00 0	  71      14.00      14.20  0.000000000000000E+00  0.000000000000000E+00 0
  72      14.20      14.40  0.000000000000000E+00  0.000000000000000E+00 0	  72      14.20      14.40  0.000000000000000E+00  0.000000000000000E+00 0	  72      14.20      14.40  0.000000000000000E+00  0.000000000000000E+00 0	  72      14.20      14.40  0.000000000000000E+00  0.000000000000000E+00 0	  72      14.20      14.40  0.000000000000000E+00  0.000000000000000E+00 0	  72      14.20      14.40  0.000000000000000E+00  0.000000000000000E+00 0	  72      14.20      14.40  0.000000000000000E+00  0.000000000000000E+00 0
  73      14.40      14.60  0.000000000000000E+00  0.000000000000000E+00 0	  73      14.40      14.60  0.000000000000000E+00  0.000000000000000E+00 0	  73      14.40      14.60  0.000000000000000E+00  0.000000000000000E+00 0	  73      14.40      14.60  0.000000000000000E+00  0.000000000000000E+00 0	  73      14.40      14.60  0.000000000000000E+00  0.000000000000000E+00 0	  73      14.40      14.60  0.000000000000000E+00  0.000000000000000E+00 0	  73      14.40      14.60  0.000000000000000E+00  0.000000000000000E+00 0
  74      14.60      14.80  0.000000000000000E+00  0.000000000000000E+00 0	  74      14.60      14.80  0.000000000000000E+00  0.000000000000000E+00 0	  74      14.60      14.80  0.000000000000000E+00  0.000000000000000E+00 0	  74      14.60      14.80  0.000000000000000E+00  0.000000000000000E+00 0	  74      14.60      14.80  0.000000000000000E+00  0.000000000000000E+00 0	  74      14.60      14.80  0.000000000000000E+00  0.000000000000000E+00 0	  74      14.60      14.80  0.000000000000000E+00  0.000000000000000E+00 0
  75      14.80      15.00  0.000000000000000E+00  0.000000000000000E+00 0	  75      14.80      15.00  0.000000000000000E+00  0.000000000000000E+00 0	  75      14.80      15.00  0.000000000000000E+00  0.000000000000000E+00 0	  75      14.80      15.00  0.000000000000000E+00  0.000000000000000E+00 0	  75      14.80      15.00  0.000000000000000E+00  0.000000000000000E+00 0	  75      14.80      15.00  0.000000000000000E+00  0.000000000000000E+00 0	  75      14.80      15.00  0.000000000000000E+00  0.000000000000000E+00 0
  76      15.00      15.20  0.000000000000000E+00  0.000000000000000E+00 0	  76      15.00      15.20  0.000000000000000E+00  0.000000000000000E+00 0	  76      15.00      15.20  0.000000000000000E+00  0.000000000000000E+00 0	  76      15.00      15.20  0.000000000000000E+00  0.000000000000000E+00 0	  76      15.00      15.20  0.000000000000000E+00  0.000000000000000E+00 0	  76      15.00      15.20  0.000000000000000E+00  0.000000000000000E+00 0	  76      15.00      15.20  0.000000000000000E+00  0.000000000000000E+00 0
  77      15.20      15.40  0.000000000000000E+00  0.000000000000000E+00 0	  77      15.20      15.40  0.000000000000000E+00  0.000000000000000E+00 0	  77      15.20      15.40  0.000000000000000E+00  0.000000000000000E+00 0	  77      15.20      15.40  0.000000000000000E+00  0.000000000000000E+00 0	  77      15.20      15.40  0.000000000000000E+00  0.000000000000000E+00 0	  77      15.20      15.40  0.000000000000000E+00  0.000000000000000E+00 0	  77      15.20      15.40  0.000000000000000E+00  0.000000000000000E+00 0
  78      15.40      15.60  0.000000000000000E+00  0.000000000000000E+00 0	  78      15.40      15.60  0.000000000000000E+00  0.000000000000000E+00 0	  78      15.40      15.60  0.000000000000000E+00  0.000000000000000E+00 0	  78      15.40      15.60  0.000000000000000E+00  0.000000000000000E+00 0	  78      15.40      15.60  0.000000000000000E+00  0.000000000000000E+00 0	  78      15.40      15.60  0.000000000000000E+00  0.000000000000000E+00 0	  78      15.40      15.60  0.000000000000000E+00  0.000000000000000E+00 0
  79      15.60      15.80  0.000000000000000E+00  0.000000000000000E+00 0	  79      15.60      15.80  0.000000000000000E+00  0.000000000000000E+00 0	  79      15.60      15.80  0.000000000000000E+00  0.000000000000000E+00 0	  79      15.60      15.80  0.000000000000000E+00  0.000000000000000E+00 0	  79      15.60      15.80  0.000000000000000E+00  0.000000000000000E+00 0	  79      15.60      15.80  0.000000000000000E+00  0.000000000000000E+00 0	  79      15.60      15.80  0.000000000000000E+00  0.000000000000000E+00 0
  80      15.80      16.00  0.000000000000000E+00  0.000000000000000E+00 0	  80      15.80      16.00  0.000000000000000E+00  0.000000000000000E+00 0	  80      15.80      16.00  0.000000000000000E+00  0.000000000000000E+00 0	  80      15.80      16.00  0.000000000000000E+00  0.000000000000000E+00 0	  80      15.80      16.00  0.000000000000000E+00  0.000000000000000E+00 0	  80      15.80      16.00  0.000000000000000E+00  0.000000000000000E+00 0	  80      15.80      16.00  0.000000000000000E+00  0.000000000000000E+00 0
  81      16.00      16.20  0.000000000000000E+00  0.000000000000000E+00 0	  81      16.00      16.20  0.000000000000000E+00  0.000000000000000E+00 0	  81      16.00      16.20  0.000000000000000E+00  0.000000000000000E+00 0	  81      16.00      16.20  0.000000000000000E+00  0.000000000000000E+00 0	  81      16.00      16.20  0.000000000000000E+00  0.000000000000000E+00 0	  81      16.00      16.20  0.000000000000000E+00  0.000000000000000E+00 0	  81      16.00      16.20  0.000000000000000E+00  0.000000000000000E+00 0
  82      16.20      16.40  0.000000000000000E+00  0.000000000000000E+00 0	  82      16.20      16.40  0.000000000000000E+00  0.000000000000000E+00 0	  82      16.20      16.40  0.000000000000000E+00  0.000000000000000E+00 0	  82      16.20      16.40  0.000000000000000E+00  0.000000000000000E+00 0	  82      16.20      16.40  0.000000000000000E+00  0.000000000000000E+00 0	  82      16.20      16.40  0.000000000000000E+00  0.000000000000000E+00 0	  82      16.20      16.40  0.000000000000000E+00  0.000000000000000E+00 0
  83      16.40      16.60  0.000000000000000E+00  0.000000000000000E+00 0	  83      16.40      16.60  0.000000000000000E+00  0.000000000000000E+00 0	  83      16.40      16.60  0.000000000000000E+00  0.000000000000000E+00 0	  83      16.40      16.60  0.000000000000000E+00  0.000000000000000E+00 0	  83      16.40      16.60  0.000000000000000E+00  0.000000000000000E+00 0	  83      16.40      16.60  0.000000000000000E+00  0.000000000000000E+00 0	  83      16.40      16.60  0.000000000000000E+00  0.000000000000000E+00 0
  84      16.60      16.80  0.000000000000000E+00  0.000000000000000E+00 0	  84      16.60      16.80  0.000000000000000E+00  0.000000000000000E+00 0	  84      16.60      16.80  0.000000000000000E+00  0.000000000000000E+00 0	  84      16.60      16.80  0.000000000000000E+00  0.000000000000000E+00 0	  84      16.60      16.80  0.000000000000000E+00  0.000000000000000E+00 0	  84      16.60      16.80  0.000000000000000E+00  0.000000000000000E+00 0	  84      16.60      16.80  0.000000000000000E+00  0.000000000000000E+00 0
  85      16.80      17.00  0.000000000000000E+00  0.000000000000000E+00 0	  85      16.80      17.00  0.000000000000000E+00  0.000000000000000E+00 0	  85      16.80      17.00  0.000000000000000E+00  0.000000000000000E+00 0	  85      16.80      17.00  0.000000000000000E+00  0.000000000000000E+00 0	  85      16.80      17.00  0.000000000000000E+00  0.000000000000000E+00 0	  85      16.80      17.00  0.000000000000000E+00  0.000000000000000E+00 0	  85      16.80      17.00  0.000000000000000E+00  0.000000000000000E+00 0
  86      17.00      17.20  0.000000000000000E+00  0.000000000000000E+00 0	  86      17.00      17.20  0.000000000000000E+00  0.000000000000000E+00 0	  86      17.00      17.20  0.000000000000000E+00  0.000000000000000E+00 0	  86      17.00      17.20  0.000000000000000E+00  0.000000000000000E+00 0	  86      17.00      17.20  0.000000000000000E+00  0.000000000000000E+00 0	  86      17.00      17.20  0.000000000000000E+00  0.000000000000000E+00 0	  86      17.00      17.20  0.000000000000000E+00  0.000000000000000E+00 0
  87      17.20      17.40  0.000000000000000E+00  0.000000000000000E+00 0	  87      17.20      17.40  0.000000000000000E+00  0.000000000000000E+00 0	  87      17.20      17.40  0.000000000000000E+00  0.000000000000000E+00 0	  87      17.20      17.40  0.000000000000000E+00  0.000000000000000E+00 0	  87      17.20      17.40  0.000000000000000E+00  0.000000000000000E+00 0	  87      17.20      17.40  0.000000000000000E+00  0.000000000000000E+00 0	  87      17.20      17.40  0.000000000000000E+00  0.000000000000000E+00 0
  88      17.40      17.60  0.000000000000000E+00  0.000000000000000E+00 0	  88      17.40      17.60  0.000000000000000E+00  0.000000000000000E+00 0	  88      17.40      17.60  0.000000000000000E+00  0.000000000000000E+00 0	  88      17.40      17.60  0.000000000000000E+00  0.000000000000000E+00 0	  88      17.40      17.60  0.000000000000000E+00  0.000000000000000E+00 0	  88      17.40      17.60  0.000000000000000E+00  0.000000000000000E+00 0	  88      17.40      17.60  0.000000000000000E+00  0.000000000000000E+00 0
  89      17.60      17.80  0.000000000000000E+00  0.000000000000000E+00 0	  89      17.60      17.80  0.000000000000000E+00  0.000000000000000E+00 0	  89      17.60      17.80  0.000000000000000E+00  0.000000000000000E+00 0	  89      17.60      17.80  0.000000000000000E+00  0.000000000000000E+00 0	  89      17.60      17.80  0.000000000000000E+00  0.000000000000000E+00 0	  89      17.60      17.80  0.000000000000000E+00  0.000000000000000E+00 0	  89      17.60      17.80  0.000000000000000E+00  0.000000000000000E+00 0
  90      17.80      18.00  0.000000000000000E+00  0.000000000000000E+00 0	  90      17.80      18.00  0.000000000000000E+00  0.000000000000000E+00 0	  90      17.80      18.00  0.000000000000000E+00  0.000000000000000E+00 0	  90      17.80      18.00  0.000000000000000E+00  0.000000000000000E+00 0	  90      17.80      18.00  0.000000000000000E+00  0.000000000000000E+00 0	  90      17.80      18.00  0.000000000000000E+00  0.000000000000000E+00 0	  90      17.80      18.00  0.000000000000000E+00  0.000000000000000E+00 0
  91      18.00      18.20  0.000000000000000E+00  0.000000000000000E+00 0	  91      18.00      18.20  0.000000000000000E+00  0.000000000000000E+00 0	  91      18.00      18.20  0.000000000000000E+00  0.000000000000000E+00 0	  91      18.00      18.20  0.000000000000000E+00  0.000000000000000E+00 0	  91      18.00      18.20  0.000000000000000E+00  0.000000000000000E+00 0	  91      18.00      18.20  0.000000000000000E+00  0.000000000000000E+00 0	  91      18.00      18.20  0.000000000000000E+00  0.000000000000000E+00 0
  92      18.20      18.40  0.000000000000000E+00  0.000000000000000E+00 0	  92      18.20      18.40  0.000000000000000E+00  0.000000000000000E+00 0	  92      18.20      18.40  0.000000000000000E+00  0.000000000000000E+00 0	  92      18.20      18.40  0.000000000000000E+00  0.000000000000000E+00 0	  92      18.20      18.40  0.000000000000000E+00  0.000000000000000E+00 0	  92      18.20      18.40  0.000000000000000E+00  0.000000000000000E+00 0	  92      18.20      18.40  0.000000000000000E+00  0.000000000000000E+00 0
  93      18.40      18.60  0.000000000000000E+00  0.000000000000000E+00 0	  93      18.40      18.60  0.000000000000000E+00  0.000000000000000E+00 0	  93      18.40      18.60  0.000000000000000E+00  0.000000000000000E+00 0	  93      18.40      18.60  0.000000000000000E+00  0.000000000000000E+00 0	  93      18.40      18.60  0.000000000000000E+00  0.000000000000000E+00 0	  93      18.40      18.60  0.000000000000000E+00  0.000000000000000E+00 0	  93      18.40      18.60  0.000000000000000E+00  0.000000000000000E+00 0
  94      18.60      18.80  0.000000000000000E+00  0.000000000000000E+00 0	  94      18.60      18.80  0.000000000000000E+00  0.000000000000000E+00 0	  94      18.60      18.80  0.000000000000000E+00  0.000000000000000E+00 0	  94      18.60      18.80  0.000000000000000E+00  0.000000000000000E+00 0	  94      18.60      18.80  0.000000000000000E+00  0.000000000000000E+00 0	  94      18.60      18.80  0.000000000000000E+00  0.000000000000000E+00 0	  94      18.60      18.80  0.000000000000000E+00  0.000000000000000E+00 0
  95      18.80      19.00  0.000000000000000E+00  0.000000000000000E+00 0	  95      18.80      19.00  0.000000000000000E+00  0.000000000000000E+00 0	  95      18.80      19.00  0.000000000000000E+00  0.000000000000000E+00 0	  95      18.80      19.00  0.000000000000000E+00  0.000000000000000E+00 0	  95      18.80      19.00  0.000000000000000E+00  0.000000000000000E+00 0	  95      18.80      19.00  0.000000000000000E+00  0.000000000000000E+00 0	  95      18.80      19.00  0.000000000000000E+00  0.000000000000000E+00 0
  96      19.00      19.20  0.000000000000000E+00  0.000000000000000E+00 0	  96      19.00      19.20  0.000000000000000E+00  0.000000000000000E+00 0	  96      19.00      19.20  0.000000000000000E+00  0.000000000000000E+00 0	  96      19.00      19.20  0.000000000000000E+00  0.000000000000000E+00 0	  96      19.00      19.20  0.000000000000000E+00  0.000000000000000E+00 0	  96      19.00      19.20  0.000000000000000E+00  0.000000000000000E+00 0	  96      19.00      19.20  0.000000000000000E+00  0.000000000000000E+00 0
  97      19.20      19.40  0.000000000000000E+00  0.000000000000000E+00 0	  97      19.20      19.40  0.000000000000000E+00  0.000000000000000E+00 0	  97      19.20      19.40  0.000000000000000E+00  0.000000000000000E+00 0	  97      19.20      19.40  0.000000000000000E+00  0.000000000000000E+00 0	  97      19.20      19.40  0.000000000000000E+00  0.000000000000000E+00 0	  97      19.20      19.40  0.000000000000000E+00  0.000000000000000E+00 0	  97      19.20      19.40  0.000000000000000E+00  0.000000000000000E+00 0
  98      19.40      19.60  0.000000000000000E+00  0.000000000000000E+00 0	  98      19.40      19.60  0.000000000000000E+00  0.000000000000000E+00 0	  98      19.40      19.60  0.000000000000000E+00  0.000000000000000E+00 0	  98      19.40      19.60  0.000000000000000E+00  0.000000000000000E+00 0	  98      19.40      19.60  0.000000000000000E+00  0.000000000000000E+00 0	  98      19.40      19.60  0.000000000000000E+00  0.000000000000000E+00 0	  98      19.40      19.60  0.000000000000000E+00  0.000000000000000E+00 0
  99      19.60      19.80  0.000000000000000E+00  0.000000000000000E+00 0	  99      19.60      19.80  0.000000000000000E+00  0.000000000000000E+00 0	  99      19.60      19.80  0.000000000000000E+00  0.000000000000000E+00 0	  99      19.60      19.80  0.000000000000000E+00  0.000000000000000E+00 0	  99      19.60      19.80  0.000000000000000E+00  0.000000000000000E+00 0	  99      19.60      19.80  0.000000000000000E+00  0.000000000000000E+00 0	  99      19.60      19.80  0.000000000000000E+00  0.000000000000000E+00 0
 100      19.80      20.00  0.000000000000000E+00  0.000000000000000E+00 0	 100      19.80      20.00  0.000000000000000E+00  0.000000000000000E+00 0	 100      19.80      20.00  0.000000000000000E+00  0.000000000000000E+00 0	 100      19.80      20.00  0.000000000000000E+00  0.000000000000000E+00 0	 100      19.80      20.00  0.000000000000000E+00  0.000000000000000E+00 0	 100      19.80      20.00  0.000000000000000E+00  0.000000000000000E+00 0	 100      19.80      20.00  0.000000000000000E+00  0.000000000000000E+00 0
 101      20.00      20.20  0.000000000000000E+00  0.000000000000000E+00 0	 101      20.00      20.20  0.000000000000000E+00  0.000000000000000E+00 0	 101      20.00      20.20  0.000000000000000E+00  0.000000000000000E+00 0	 101      20.00      20.20  0.000000000000000E+00  0.000000000000000E+00 0	 101      20.00      20.20  0.000000000000000E+00  0.000000000000000E+00 0	 101      20.00      20.20  0.000000000000000E+00  0.000000000000000E+00 0	 101      20.00      20.20  0.000000000000000E+00  0.000000000000000E+00 0
 102      20.20      20.40  0.000000000000000E+00  0.000000000000000E+00 0	 102      20.20      20.40  0.000000000000000E+00  0.000000000000000E+00 0	 102      20.20      20.40  0.000000000000000E+00  0.000000000000000E+00 0	 102      20.20      20.40  0.000000000000000E+00  0.000000000000000E+00 0	 102      20.20      20.40  0.000000000000000E+00  0.000000000000000E+00 0	 102      20.20      20.40  0.000000000000000E+00  0.000000000000000E+00 0	 102      20.20      20.40  0.000000000000000E+00  0.000000000000000E+00 0
 103      20.40      20.60  0.000000000000000E+00  0.000000000000000E+00 0	 103      20.40      20.60  0.000000000000000E+00  0.000000000000000E+00 0	 103      20.40      20.60  0.000000000000000E+00  0.000000000000000E+00 0	 103      20.40      20.60  0.000000000000000E+00  0.000000000000000E+00 0	 103      20.40      20.60  0.000000000000000E+00  0.000000000000000E+00 0	 103      20.40      20.60  0.000000000000000E+00  0.000000000000000E+00 0	 103      20.40      20.60  0.000000000000000E+00  0.000000000000000E+00 0
 104      20.60      20.80  0.000000000000000E+00  0.000000000000000E+00 0	 104      20.60      20.80  0.000000000000000E+00  0.000000000000000E+00 0	 104      20.60      20.80  0.000000000000000E+00  0.000000000000000E+00 0	 104      20.60      20.80  0.000000000000000E+00  0.000000000000000E+00 0	 104      20.60      20.80  0.000000000000000E+00  0.000000000000000E+00 0	 104      20.60      20.80  0.000000000000000E+00  0.000000000000000E+00 0	 104      20.60      20.80  0.000000000000000E+00  0.000000000000000E+00 0
 105      20.80      21.00  0.000000000000000E+00  0.000000000000000E+00 0	 105      20.80      21.00  0.000000000000000E+00  0.000000000000000E+00 0	 105      20.80      21.00  0.000000000000000E+00  0.000000000000000E+00 0	 105      20.80      21.00  0.000000000000000E+00  0.000000000000000E+00 0	 105      20.80      21.00  0.000000000000000E+00  0.000000000000000E+00 0	 105      20.80      21.00  0.000000000000000E+00  0.000000000000000E+00 0	 105      20.80      21.00  0.000000000000000E+00  0.000000000000000E+00 0
# Underflow:                 0.0000000000000000E+00  0.0000000000000000E+00 0
# Overflow:                  0.0000000000000000E+00  0.0000000000000000E+00 0
#-------------------------------------------------------------------------------------	#-------------------------------------------------------------------------------------	#-------------------------------------------------------------------------------------	#-------------------------------------------------------------------------------------	#-------------------------------------------------------------------------------------	#-------------------------------------------------------------------------------------	#-------------------------------------------------------------------------------------
# Sum:                      -2.8639335082695672E-02  2.3016643255589824E-04 275000
#=====================================================================================	#=====================================================================================	#=====================================================================================	#=====================================================================================	#=====================================================================================	#=====================================================================================	#=====================================================================================
