# title = Rapidity Softer Jet
# xlabel = $y_{\text{j}_1}$
# ylabel = $\frac{\text{d}\sigma}{\text{d}y_{\text{j}_1}}\,[\text{fb}]$
# xmin= -4.500E+00
# xmax=  4.500E+00
# ymin=  1.000E-04
# ymax=  4.000E-01
# kmin= -2.000E+01
# kmax=  1.000E+01
# logscale = false
# Renormalization and factorization scale scaled by: 1.0000000000
# Renormalization scaled by: 1.0000000000
# Number of generated events: 4442000575
#	#	#	#	#	#	#
#=====================================================================================	#=====================================================================================	#=====================================================================================	#=====================================================================================	#=====================================================================================	#=====================================================================================	#=====================================================================================
# No.       Left      Right                   Value                   Error Hits
#-------------------------------------------------------------------------------------	#-------------------------------------------------------------------------------------	#-------------------------------------------------------------------------------------	#-------------------------------------------------------------------------------------	#-------------------------------------------------------------------------------------	#-------------------------------------------------------------------------------------	#-------------------------------------------------------------------------------------
   1      -4.50      -4.25  0.000000000000000E+00  0.000000000000000E+00 0	   1      -4.50      -4.25  0.000000000000000E+00  0.000000000000000E+00 0	   1      -4.50      -4.25  0.000000000000000E+00  0.000000000000000E+00 0	   1      -4.50      -4.25  0.000000000000000E+00  0.000000000000000E+00 0	   1      -4.50      -4.25  0.000000000000000E+00  0.000000000000000E+00 0	   1      -4.50      -4.25  0.000000000000000E+00  0.000000000000000E+00 0	   1      -4.50      -4.25  0.000000000000000E+00  0.000000000000000E+00 0
   2      -4.25      -4.00  0.000000000000000E+00  0.000000000000000E+00 0	   2      -4.25      -4.00  0.000000000000000E+00  0.000000000000000E+00 0	   2      -4.25      -4.00  0.000000000000000E+00  0.000000000000000E+00 0	   2      -4.25      -4.00  0.000000000000000E+00  0.000000000000000E+00 0	   2      -4.25      -4.00  0.000000000000000E+00  0.000000000000000E+00 0	   2      -4.25      -4.00  0.000000000000000E+00  0.000000000000000E+00 0	   2      -4.25      -4.00  0.000000000000000E+00  0.000000000000000E+00 0
   3      -4.00      -3.75  8.877993988538750E-01  5.981678697454925E-04 170921933	   3      -4.00      -3.75  8.877993988538750E-01  5.981678697454925E-04 170921933	   3      -4.00      -3.75  8.275143024526634E-01  5.435984293277941E-04 170921933	   3      -4.00      -3.75  8.275143024526634E-01  5.435984293277941E-04 170921933	   3      -4.00      -3.75  9.573595804950545E-01  6.651989066405991E-04 170921933	   3      -4.00      -3.75  9.573595804950545E-01  6.651989066405991E-04 170921933	   3      -4.00      -3.75  8.877993988538750E-01  5.981678697454925E-04 170921933
   4      -3.75      -3.50  9.837467352314224E-01  6.354522843944344E-04 174400741	   4      -3.75      -3.50  9.837467352314224E-01  6.354522843944344E-04 174400741	   4      -3.75      -3.50  9.212585572420477E-01  5.800759965095606E-04 174400741	   4      -3.75      -3.50  9.212585572420477E-01  5.800759965095606E-04 174400741	   4      -3.75      -3.50  1.055197494484113E+00  7.030376262374206E-04 174400741	   4      -3.75      -3.50  1.055197494484113E+00  7.030376262374206E-04 174400741	   4      -3.75      -3.50  9.837467352314224E-01  6.354522843944344E-04 174400741
   5      -3.50      -3.25  1.031008847340515E+00  6.337931253176294E-04 174112773	   5      -3.50      -3.25  1.031008847340515E+00  6.337931253176294E-04 174112773	   5      -3.50      -3.25  9.697721122052338E-01  5.809996674252836E-04 174112773	   5      -3.50      -3.25  9.697721122052338E-01  5.809996674252836E-04 174112773	   5      -3.50      -3.25  1.100363231826306E+00  6.979234970967667E-04 174112773	   5      -3.50      -3.25  1.100363231826306E+00  6.979234970967667E-04 174112773	   5      -3.50      -3.25  1.031008847340515E+00  6.337931253176294E-04 174112773
   6      -3.25      -3.00  1.031241092407396E+00  5.971904439931789E-04 170630727	   6      -3.25      -3.00  1.031241092407396E+00  5.971904439931789E-04 170630727	   6      -3.25      -3.00  9.741955771757544E-01  5.511374913103009E-04 170630727	   6      -3.25      -3.00  9.741955771757544E-01  5.511374913103009E-04 170630727	   6      -3.25      -3.00  1.095144050654973E+00  6.525425278235541E-04 170630727	   6      -3.25      -3.00  1.095144050654973E+00  6.525425278235541E-04 170630727	   6      -3.25      -3.00  1.031241092407396E+00  5.971904439931789E-04 170630727
   7      -3.00      -2.75  9.930577623624638E-01  5.536500266802206E-04 164616000	   7      -3.00      -2.75  9.930577623624638E-01  5.536500266802206E-04 164616000	   7      -3.00      -2.75  9.419111016160671E-01  5.133383908243789E-04 164616000	   7      -3.00      -2.75  9.419111016160671E-01  5.133383908243789E-04 164616000	   7      -3.00      -2.75  1.049673260910898E+00  6.018689185833484E-04 164616000	   7      -3.00      -2.75  1.049673260910898E+00  6.018689185833484E-04 164616000	   7      -3.00      -2.75  9.930577623624638E-01  5.536500266802206E-04 164616000
   8      -2.75      -2.50  9.226435152693364E-01  4.943834357354678E-04 156502539	   8      -2.75      -2.50  9.226435152693364E-01  4.943834357354678E-04 156502539	   8      -2.75      -2.50  8.786152234106870E-01  4.611252325206509E-04 156502539	   8      -2.75      -2.50  8.786152234106870E-01  4.611252325206509E-04 156502539	   8      -2.75      -2.50  9.706886861560780E-01  5.336211718009456E-04 156502539	   8      -2.75      -2.50  9.706886861560780E-01  5.336211718009456E-04 156502539	   8      -2.75      -2.50  9.226435152693364E-01  4.943834357354678E-04 156502539
   9      -2.50      -2.25  8.331407696194427E-01  4.285397226962509E-04 146738183	   9      -2.50      -2.25  8.331407696194427E-01  4.285397226962509E-04 146738183	   9      -2.50      -2.25  7.964175006409221E-01  4.015468265543872E-04 146738183	   9      -2.50      -2.25  7.964175006409221E-01  4.015468265543872E-04 146738183	   9      -2.50      -2.25  8.725541940261016E-01  4.601114744431681E-04 146738183	   9      -2.50      -2.25  8.725541940261016E-01  4.601114744431681E-04 146738183	   9      -2.50      -2.25  8.331407696194427E-01  4.285397226962509E-04 146738183
  10      -2.25      -2.00  7.343686857732636E-01  3.690679053501240E-04 135618531	  10      -2.25      -2.00  7.343686857732636E-01  3.690679053501240E-04 135618531	  10      -2.25      -2.00  7.045926764996047E-01  3.474786137407429E-04 135618531	  10      -2.25      -2.00  7.045926764996047E-01  3.474786137407429E-04 135618531	  10      -2.25      -2.00  7.657016414852639E-01  3.940475905808494E-04 135618531	  10      -2.25      -2.00  7.657016414852639E-01  3.940475905808494E-04 135618531	  10      -2.25      -2.00  7.343686857732636E-01  3.690679053501240E-04 135618531
  11      -2.00      -1.75  6.324414204266209E-01  3.074957133139385E-04 123566615	  11      -2.00      -1.75  6.324414204266209E-01  3.074957133139385E-04 123566615	  11      -2.00      -1.75  6.090157815794630E-01  2.912298254149668E-04 123566615	  11      -2.00      -1.75  6.090157815794630E-01  2.912298254149668E-04 123566615	  11      -2.00      -1.75  6.565013319249287E-01  3.260029374878337E-04 123566615	  11      -2.00      -1.75  6.565013319249287E-01  3.260029374878337E-04 123566615	  11      -2.00      -1.75  6.324414204266209E-01  3.074957133139385E-04 123566615
  12      -1.75      -1.50  5.329850480907137E-01  2.555487611731897E-04 110815428	  12      -1.75      -1.50  5.329850480907137E-01  2.555487611731897E-04 110815428	  12      -1.75      -1.50  5.150453002387030E-01  2.431985043768013E-04 110815428	  12      -1.75      -1.50  5.150453002387030E-01  2.431985043768013E-04 110815428	  12      -1.75      -1.50  5.508763559232964E-01  2.693802983554715E-04 110815428	  12      -1.75      -1.50  5.508763559232964E-01  2.693802983554715E-04 110815428	  12      -1.75      -1.50  5.329850480907137E-01  2.555487611731897E-04 110815428
  13      -1.50      -1.25  4.390628458406193E-01  2.084364788007917E-04 98676775	  13      -1.50      -1.25  4.390628458406193E-01  2.084364788007917E-04 98676775	  13      -1.50      -1.25  4.256999250373859E-01  1.994644045817181E-04 98676775	  13      -1.50      -1.25  4.256999250373859E-01  1.994644045817181E-04 98676775	  13      -1.50      -1.25  4.519171873488036E-01  2.182490354337456E-04 98676775	  13      -1.50      -1.25  4.519171873488036E-01  2.182490354337456E-04 98676775	  13      -1.50      -1.25  4.390628458406193E-01  2.084364788007917E-04 98676775
  14      -1.25      -1.00  3.544876968026712E-01  1.731195209179050E-04 88452374	  14      -1.25      -1.00  3.544876968026712E-01  1.731195209179050E-04 88452374	  14      -1.25      -1.00  3.447679548998875E-01  1.663199073944164E-04 88452374	  14      -1.25      -1.00  3.447679548998875E-01  1.663199073944164E-04 88452374	  14      -1.25      -1.00  3.634307426679400E-01  1.803879379859357E-04 88452374	  14      -1.25      -1.00  3.634307426679400E-01  1.803879379859357E-04 88452374	  14      -1.25      -1.00  3.544876968026712E-01  1.731195209179050E-04 88452374
  15      -1.00      -0.75  2.823962976241132E-01  1.366461278711113E-04 79978745	  15      -1.00      -0.75  2.823962976241132E-01  1.366461278711113E-04 79978745	  15      -1.00      -0.75  2.754113925705907E-01  1.319836241290226E-04 79978745	  15      -1.00      -0.75  2.754113925705907E-01  1.319836241290226E-04 79978745	  15      -1.00      -0.75  2.884844336012989E-01  1.414958810777891E-04 79978745	  15      -1.00      -0.75  2.884844336012989E-01  1.414958810777891E-04 79978745	  15      -1.00      -0.75  2.823962976241132E-01  1.366461278711113E-04 79978745
  16      -0.75      -0.50  2.250232726395008E-01  1.092354911957018E-04 73482345	  16      -0.75      -0.50  2.250232726395008E-01  1.092354911957018E-04 73482345	  16      -0.75      -0.50  2.199668679374541E-01  1.060709974476845E-04 73482345	  16      -0.75      -0.50  2.199668679374541E-01  1.060709974476845E-04 73482345	  16      -0.75      -0.50  2.291570053669663E-01  1.123320183305893E-04 73482345	  16      -0.75      -0.50  2.291570053669663E-01  1.123320183305893E-04 73482345	  16      -0.75      -0.50  2.250232726395008E-01  1.092354911957018E-04 73482345
  17      -0.50      -0.25  1.851631312383190E-01  8.906088654381138E-05 69004516	  17      -0.50      -0.25  1.851631312383190E-01  8.906088654381138E-05 69004516	  17      -0.50      -0.25  1.813257314089761E-01  8.683342915884420E-05 69004516	  17      -0.50      -0.25  1.813257314089761E-01  8.683342915884420E-05 69004516	  17      -0.50      -0.25  1.880932207027339E-01  9.110642997563614E-05 69004516	  17      -0.50      -0.25  1.880932207027339E-01  9.110642997563614E-05 69004516	  17      -0.50      -0.25  1.851631312383190E-01  8.906088654381138E-05 69004516
  18      -0.25       0.00  1.645905813750965E-01  7.792977743513826E-05 66584732	  18      -0.25       0.00  1.645905813750965E-01  7.792977743513826E-05 66584732	  18      -0.25       0.00  1.613476219472635E-01  7.623912477244769E-05 66584732	  18      -0.25       0.00  1.613476219472635E-01  7.623912477244769E-05 66584732	  18      -0.25       0.00  1.669433816209015E-01  7.936495696844509E-05 66584732	  18      -0.25       0.00  1.669433816209015E-01  7.936495696844509E-05 66584732	  18      -0.25       0.00  1.645905813750965E-01  7.792977743513826E-05 66584732
  19       0.00       0.25  1.644760767351529E-01  7.924628388658452E-05 66257296	  19       0.00       0.25  1.644760767351529E-01  7.924628388658452E-05 66257296	  19       0.00       0.25  1.612299229541893E-01  7.750082838173528E-05 66257296	  19       0.00       0.25  1.612299229541893E-01  7.750082838173528E-05 66257296	  19       0.00       0.25  1.668338502529566E-01  8.074040980511594E-05 66257296	  19       0.00       0.25  1.668338502529566E-01  8.074040980511594E-05 66257296	  19       0.00       0.25  1.644760767351529E-01  7.924628388658452E-05 66257296
  20       0.25       0.50  1.852200516540583E-01  9.263478316974781E-05 67978979	  20       0.25       0.50  1.852200516540583E-01  9.263478316974781E-05 67978979	  20       0.25       0.50  1.813843214930468E-01  9.030400269376412E-05 67978979	  20       0.25       0.50  1.813843214930468E-01  9.030400269376412E-05 67978979	  20       0.25       0.50  1.881474247367628E-01  9.477932278147541E-05 67978979	  20       0.25       0.50  1.881474247367628E-01  9.477932278147541E-05 67978979	  20       0.25       0.50  1.852200516540583E-01  9.263478316974781E-05 67978979
  21       0.50       0.75  2.249272995046814E-01  1.142329188165121E-04 71798850	  21       0.50       0.75  2.249272995046814E-01  1.142329188165121E-04 71798850	  21       0.50       0.75  2.198848543253449E-01  1.109106313081796E-04 71798850	  21       0.50       0.75  2.198848543253449E-01  1.109106313081796E-04 71798850	  21       0.50       0.75  2.290442688144889E-01  1.174848120607802E-04 71798850	  21       0.50       0.75  2.290442688144889E-01  1.174848120607802E-04 71798850	  21       0.50       0.75  2.249272995046814E-01  1.142329188165121E-04 71798850
  22       0.75       1.00  2.822923684734319E-01  1.426381742768301E-04 77723698	  22       0.75       1.00  2.822923684734319E-01  1.426381742768301E-04 77723698	  22       0.75       1.00  2.753037828616265E-01  1.378742864589511E-04 77723698	  22       0.75       1.00  2.753037828616265E-01  1.378742864589511E-04 77723698	  22       0.75       1.00  2.883854937992620E-01  1.475247421996989E-04 77723698	  22       0.75       1.00  2.883854937992620E-01  1.475247421996989E-04 77723698	  22       0.75       1.00  2.822923684734319E-01  1.426381742768301E-04 77723698
  23       1.00       1.25  3.549192367039564E-01  1.777029179680089E-04 85663004	  23       1.00       1.25  3.549192367039564E-01  1.777029179680089E-04 85663004	  23       1.00       1.25  3.451804131371292E-01  1.709132373668401E-04 85663004	  23       1.00       1.25  3.451804131371292E-01  1.709132373668401E-04 85663004	  23       1.00       1.25  3.638832790978797E-01  1.849275370266052E-04 85663004	  23       1.00       1.25  3.638832790978797E-01  1.849275370266052E-04 85663004	  23       1.00       1.25  3.549192367039564E-01  1.777029179680089E-04 85663004
  24       1.25       1.50  4.392696887092783E-01  2.186214859291930E-04 95458813	  24       1.25       1.50  4.392696887092783E-01  2.186214859291930E-04 95458813	  24       1.25       1.50  4.259139521992216E-01  2.092536290817459E-04 95458813	  24       1.25       1.50  4.259139521992216E-01  2.092536290817459E-04 95458813	  24       1.25       1.50  4.521144154412203E-01  2.288594105444976E-04 95458813	  24       1.25       1.50  4.521144154412203E-01  2.288594105444976E-04 95458813	  24       1.25       1.50  4.392696887092783E-01  2.186214859291930E-04 95458813
  25       1.50       1.75  5.321882700738998E-01  2.655805878713514E-04 107215219	  25       1.50       1.75  5.321882700738998E-01  2.655805878713514E-04 107215219	  25       1.50       1.75  5.142920713115181E-01  2.528449321534266E-04 107215219	  25       1.50       1.75  5.142920713115181E-01  2.528449321534266E-04 107215219	  25       1.50       1.75  5.500313289273515E-01  2.798285178035579E-04 107215219	  25       1.50       1.75  5.500313289273515E-01  2.798285178035579E-04 107215219	  25       1.50       1.75  5.321882700738998E-01  2.655805878713514E-04 107215219
  26       1.75       2.00  6.323327056614069E-01  3.182964829467497E-04 119711963	  26       1.75       2.00  6.323327056614069E-01  3.182964829467497E-04 119711963	  26       1.75       2.00  6.089239994606021E-01  3.016478268661846E-04 119711963	  26       1.75       2.00  6.089239994606021E-01  3.016478268661846E-04 119711963	  26       1.75       2.00  6.563707621540016E-01  3.372018359633124E-04 119711963	  26       1.75       2.00  6.563707621540016E-01  3.372018359633124E-04 119711963	  26       1.75       2.00  6.323327056614069E-01  3.182964829467497E-04 119711963
  27       2.00       2.25  7.343532433458670E-01  3.787159113782497E-04 131500137	  27       2.00       2.25  7.343532433458670E-01  3.787159113782497E-04 131500137	  27       2.00       2.25  7.045981556787494E-01  3.570448889151173E-04 131500137	  27       2.00       2.25  7.045981556787494E-01  3.570448889151173E-04 131500137	  27       2.00       2.25  7.656577266460569E-01  4.036987441220625E-04 131500137	  27       2.00       2.25  7.656577266460569E-01  4.036987441220625E-04 131500137	  27       2.00       2.25  7.343532433458670E-01  3.787159113782497E-04 131500137
  28       2.25       2.50  8.330171797249787E-01  4.461082820658382E-04 142288160	  28       2.25       2.50  8.330171797249787E-01  4.461082820658382E-04 142288160	  28       2.25       2.50  7.962801018166130E-01  4.179279067636417E-04 142288160	  28       2.25       2.50  7.962801018166130E-01  4.179279067636417E-04 142288160	  28       2.25       2.50  8.724475993144980E-01  4.791465573657595E-04 142288160	  28       2.25       2.50  8.724475993144980E-01  4.791465573657595E-04 142288160	  28       2.25       2.50  8.330171797249787E-01  4.461082820658382E-04 142288160
  29       2.50       2.75  9.224603607073207E-01  5.087796117961434E-04 151725428	  29       2.50       2.75  9.224603607073207E-01  5.087796117961434E-04 151725428	  29       2.50       2.75  8.784532583395128E-01  4.747870161416504E-04 151725428	  29       2.50       2.75  8.784532583395128E-01  4.747870161416504E-04 151725428	  29       2.50       2.75  9.704794728277035E-01  5.488900377998308E-04 151725428	  29       2.50       2.75  9.704794728277035E-01  5.488900377998308E-04 151725428	  29       2.50       2.75  9.224603607073207E-01  5.087796117961434E-04 151725428
  30       2.75       3.00  9.915185856949571E-01  5.651678072119439E-04 159447955	  30       2.75       3.00  9.915185856949571E-01  5.651678072119439E-04 159447955	  30       2.75       3.00  9.404959053320651E-01  5.251135087572194E-04 159447955	  30       2.75       3.00  9.404959053320651E-01  5.251135087572194E-04 159447955	  30       2.75       3.00  1.047982650234962E+00  6.127552192840550E-04 159447955	  30       2.75       3.00  1.047982650234962E+00  6.127552192840550E-04 159447955	  30       2.75       3.00  9.915185856949571E-01  5.651678072119439E-04 159447955
  31       3.00       3.25  1.030833730268290E+00  6.160415405856507E-04 164987148	  31       3.00       3.25  1.030833730268290E+00  6.160415405856507E-04 164987148	  31       3.00       3.25  9.737901838434904E-01  5.693301344176928E-04 164987148	  31       3.00       3.25  9.737901838434904E-01  5.693301344176928E-04 164987148	  31       3.00       3.25  1.094737425010658E+00  6.720478719621626E-04 164987148	  31       3.00       3.25  1.094737425010658E+00  6.720478719621626E-04 164987148	  31       3.00       3.25  1.030833730268290E+00  6.160415405856507E-04 164987148
  32       3.25       3.50  1.030695195611853E+00  6.493298361336843E-04 167895969	  32       3.25       3.50  1.030695195611853E+00  6.493298361336843E-04 167895969	  32       3.25       3.50  9.695673385663667E-01  5.967984689724638E-04 167895969	  32       3.25       3.50  9.695673385663667E-01  5.967984689724638E-04 167895969	  32       3.25       3.50  1.099905260533407E+00  7.128443278913989E-04 167895969	  32       3.25       3.50  1.099905260533407E+00  7.128443278913989E-04 167895969	  32       3.25       3.50  1.030695195611853E+00  6.493298361336843E-04 167895969
  33       3.50       3.75  9.827924003515502E-01  6.530979479902682E-04 167570620	  33       3.50       3.75  9.827924003515502E-01  6.530979479902682E-04 167570620	  33       3.50       3.75  9.203573930061970E-01  5.975633018125324E-04 167570620	  33       3.50       3.75  9.203573930061970E-01  5.975633018125324E-04 167570620	  33       3.50       3.75  1.054183544326744E+00  7.206778827588161E-04 167570620	  33       3.50       3.75  1.054183544326744E+00  7.206778827588161E-04 167570620	  33       3.50       3.75  9.827924003515502E-01  6.530979479902682E-04 167570620
  34       3.75       4.00  8.880228410507097E-01  6.450247706684417E-04 163421804	  34       3.75       4.00  8.880228410507097E-01  6.450247706684417E-04 163421804	  34       3.75       4.00  8.277281633737480E-01  5.870816801642959E-04 163421804	  34       3.75       4.00  8.277281633737480E-01  5.870816801642959E-04 163421804	  34       3.75       4.00  9.575906867020227E-01  7.159455228546807E-04 163421804	  34       3.75       4.00  9.575906867020227E-01  7.159455228546807E-04 163421804	  34       3.75       4.00  8.880228410507097E-01  6.450247706684417E-04 163421804
  35       4.00       4.25  0.000000000000000E+00  0.000000000000000E+00 0	  35       4.00       4.25  0.000000000000000E+00  0.000000000000000E+00 0	  35       4.00       4.25  0.000000000000000E+00  0.000000000000000E+00 0	  35       4.00       4.25  0.000000000000000E+00  0.000000000000000E+00 0	  35       4.00       4.25  0.000000000000000E+00  0.000000000000000E+00 0	  35       4.00       4.25  0.000000000000000E+00  0.000000000000000E+00 0	  35       4.00       4.25  0.000000000000000E+00  0.000000000000000E+00 0
  36       4.25       4.50  0.000000000000000E+00  0.000000000000000E+00 0	  36       4.25       4.50  0.000000000000000E+00  0.000000000000000E+00 0	  36       4.25       4.50  0.000000000000000E+00  0.000000000000000E+00 0	  36       4.25       4.50  0.000000000000000E+00  0.000000000000000E+00 0	  36       4.25       4.50  0.000000000000000E+00  0.000000000000000E+00 0	  36       4.25       4.50  0.000000000000000E+00  0.000000000000000E+00 0	  36       4.25       4.50  0.000000000000000E+00  0.000000000000000E+00 0
# Underflow:                 0.0000000000000000E+00  0.0000000000000000E+00 0
# Overflow:                  0.0000000000000000E+00  0.0000000000000000E+00 0
#-------------------------------------------------------------------------------------	#-------------------------------------------------------------------------------------	#-------------------------------------------------------------------------------------	#-------------------------------------------------------------------------------------	#-------------------------------------------------------------------------------------	#-------------------------------------------------------------------------------------	#-------------------------------------------------------------------------------------
# Sum:                       1.8746602438629761E-01  3.7048699824564721E-05 319479000
#=====================================================================================	#=====================================================================================	#=====================================================================================	#=====================================================================================	#=====================================================================================	#=====================================================================================	#=====================================================================================
