 #         243 :  dS/dm(4l) (fb/GeV) (NLO)
-100.000 0.00000 4.555296977814427 0.0
0.00000 100.000 4.555296977814427 0.0
100.000 200.000 4.555294402210052 0.0
200.000 300.000 4.112068402210052 0.0
300.000 400.000 2.7791471522100517 0.0
400.000 500.000 1.880794589710052 0.0
500.000 600.000 1.310473339710052 0.0
600.000 700.000 0.9400508397100522 0.0
700.000 800.000 0.6905609022100522 0.0
800.000 900.000 0.5176269647100522 0.0
900.000 1000.00 0.39487040221005226 0.0
1000.00 1100.00 0.30534075846005226 0.0
1100.00 1200.00 0.23909305846005224 0.0
1200.00 1300.00 0.18978269596005226 0.0
1300.00 1400.00 0.15187947096005225 0.0
1400.00 1500.00 0.12271699596005226 0.0
1500.00 1600.00 0.09973243971005226 0.0
1600.00 1700.00 0.08159052096005226 0.0
1700.00 1800.00 0.06715206471005225 0.0
1800.00 1900.00 0.055765027210052255 0.0
1900.00 2000.00 0.046387639710052254 0.0
2000.00 2100.00 0.038781180335052255 0.0
2100.00 2200.00 0.032537169085052255 0.0
2200.00 2300.00 0.027384645335052256 0.0
2300.00 2400.00 0.023003309085052256 0.0
2400.00 2500.00 0.019470056585052256 0.0
2500.00 2600.00 0.016569022835052256 0.0
2600.00 2700.00 0.014239146585052254 0.0
2700.00 2800.00 0.012200291585052253 0.0
2800.00 2900.00 0.010468870960052253 0.0
2900.00 3000.00 0.008994157835052252 0.0
3000.00 3100.00 0.0077381372100522525 0.0
3100.00 3200.00 0.006594968460052252 0.0
3200.00 3300.00 0.005683086522552252 0.0
3300.00 3400.00 0.004972281460052252 0.0
3400.00 3500.00 0.004313283522552252 0.0
3500.00 3600.00 0.0037537714600522514 0.0
3600.00 3700.00 0.0032455742100522514 0.0
3700.00 3800.00 0.002827166835052251 0.0
3800.00 3900.00 0.002451947522552251 0.0
3900.00 4000.00 0.002085947460052251 0.0
4000.00 4100.00 0.001862699210052251 0.0
4100.00 4200.00 0.001626878647552251 0.0
4200.00 4300.00 0.001426233335052251 0.0
4300.00 4400.00 0.001251701553802251 0.0
4400.00 4500.00 0.001096886928802251 0.0
4500.00 4600.00 0.001006930047552251 0.0
4600.00 4700.00 0.000890623766302251 0.0
4700.00 4800.00 0.000802288303802251 0.0
4800.00 4900.00 0.000730604947552251 0.0
4900.00 5000.00 0.000651699741302251 0.0
5000.00 5100.00 0.000582254823802251 0.0
5100.00 5200.00 0.000518151161302251 0.0
5200.00 5300.00 0.00046340328630225093 0.0
5300.00 5400.00 0.0004097710300522509 0.0
5400.00 5500.00 0.00036213284255225093 0.0
5500.00 5600.00 0.0003631385250522509 0.0
5600.00 5700.00 0.0003282377313022509 0.0
5700.00 5800.00 0.0002971403194272509 0.0
5800.00 5900.00 0.00023548017567725095 0.0
5900.00 6000.00 0.00020769457255225094 0.0
6000.00 6100.00 0.00018685844755225093 0.0
6100.00 6200.00 0.0001512797600522509 0.0
6200.00 6300.00 0.00013200127255225092 0.0
6300.00 6400.00 0.00011933904817725093 0.0
6400.00 6500.00 0.00010318608505225093 0.0
6500.00 6600.00 9.074428442725093e-05 0.0
6600.00 6700.00 9.360473630225092e-05 0.0
6700.00 6800.00 8.160342692725091e-05 0.0
6800.00 6900.00 7.260942442725091e-05 0.0
6900.00 7000.00 6.148003255225091e-05 0.0
7000.00 7100.00 5.516831823975091e-05 0.0
7100.00 7200.00 4.956408855225091e-05 0.0
7200.00 7300.00 4.415041855225091e-05 0.0
7300.00 7400.00 3.976375005225091e-05 0.0
7400.00 7500.00 3.561873097100091e-05 0.0
7500.00 7600.00 3.170294472100091e-05 0.0
7600.00 7700.00 2.852664722100091e-05 0.0
7700.00 7800.00 2.5403052846000908e-05 0.0
7800.00 7900.00 2.345452990225091e-05 0.0
7900.00 8000.00 2.177861183975091e-05 0.0
8000.00 8100.00 1.9329000902250907e-05 0.0
8100.00 8200.00 1.7611733089750906e-05 0.0
8200.00 8300.00 1.5782879339750906e-05 0.0
8300.00 8400.00 1.4330599339750907e-05 0.0
8400.00 8500.00 1.3113744339750907e-05 0.0
8500.00 8600.00 1.1926610839750906e-05 0.0
8600.00 8700.00 1.0620725027250906e-05 0.0
8700.00 8800.00 9.598859339750907e-06 0.0
8800.00 8900.00 8.769870589750906e-06 0.0
8900.00 9000.00 8.001503214750907e-06 0.0
9000.00 9100.00 7.138473089750906e-06 0.0
9100.00 9200.00 6.049979152250906e-06 0.0
9200.00 9300.00 5.419588714750906e-06 0.0
9300.00 9400.00 5.040579714750906e-06 0.0
9400.00 9500.00 4.523594527250906e-06 0.0
9500.00 9600.00 4.062373598500906e-06 0.0
9600.00 9700.00 3.5580348735009063e-06 0.0
9700.00 9800.00 3.2194589985009065e-06 0.0
9800.00 9900.00 2.8592468735009067e-06 0.0
9900.00 10000.0 2.5600752485009068e-06 0.0
10000.0 10100.0 2.317369317438407e-06 0.0
10100.0 10200.0 2.095444361188407e-06 0.0
10200.0 10300.0 1.7775021424384067e-06 0.0
10300.0 10400.0 1.5919522674384068e-06 0.0
10400.0 10500.0 1.4384869924384068e-06 0.0
10500.0 10600.0 1.2957660574384068e-06 0.0
10600.0 10700.0 1.171635532438407e-06 0.0
10700.0 10800.0 1.080144151188407e-06 0.0
10800.0 10900.0 1.029740869938407e-06 0.0
10900.0 11000.0 9.51132539313407e-07 0.0
11000.0 11100.0 8.66927364313407e-07 0.0
11100.0 11200.0 7.85208526813407e-07 0.0
11200.0 11300.0 4.7657298806340706e-07 0.0
11300.0 11400.0 4.2372889868840705e-07 0.0
11400.0 11500.0 3.9092970306340704e-07 0.0
11500.0 11600.0 3.41658840563407e-07 0.0
11600.0 11700.0 2.93704284313407e-07 0.0
11700.0 11800.0 2.56234651188407e-07 0.0
11800.0 11900.0 2.3422245493840702e-07 0.0
11900.0 12000.0 2.0634212368840703e-07 0.0
12000.0 12100.0 1.9022879368840702e-07 0.0
12100.0 12200.0 1.70701494938407e-07 0.0
12200.0 12300.0 1.58507781188407e-07 0.0
12300.0 12400.0 1.34721211188407e-07 0.0
12400.0 12500.0 1.1891926931340699e-07 0.0
12500.0 12600.0 1.0560703806340699e-07 0.0
12600.0 12700.0 9.265895318840698e-08 0.0
12700.0 12800.0 1.0198125318840698e-07 0.0
12800.0 12900.0 8.564988693840698e-08 0.0
12900.0 13000.0 7.402697631340698e-08 0.0
13000.0 13100.0 6.721694318840699e-08 0.0
13100.0 13200.0 5.547045943840699e-08 0.0
13200.0 13300.0 5.0633735063406994e-08 0.0
13300.0 13400.0 4.0634248813406995e-08 0.0
13400.0 13500.0 3.5244744750906996e-08 0.0
13500.0 13600.0 2.8596114875907e-08 0.0
13600.0 13700.0 2.0843311750907e-08 0.0
13700.0 13800.0 1.7104707432157e-08 0.0
13800.0 13900.0 1.4599409932157001e-08 0.0
13900.0 14000.0 1.6690620182157e-08 0.0
14000.0 14100.0 1.3648575432157001e-08 0.0
14100.0 14200.0 1.3561321682157001e-08 0.0
14200.0 14300.0 1.2129860079032e-08 0.0
14300.0 14400.0 9.793993516532001e-09 0.0
14400.0 14500.0 6.2705263915320015e-09 0.0
14500.0 14600.0 4.188571079032001e-09 0.0
14600.0 14700.0 3.4496207209070017e-09 0.0
14700.0 14800.0 7.759003370907002e-09 0.0
14800.0 14900.0 6.3016152459070025e-09 0.0
14900.0 15000.0 5.646468308407002e-09 0.0
15000.0 15100.0 4.569184183407002e-09 0.0
15100.0 15200.0 3.729874183407002e-09 0.0
15200.0 15300.0 2.8137466834070025e-09 0.0
15300.0 15400.0 2.2869492771570025e-09 0.0
15400.0 15500.0 1.9085791521570023e-09 0.0
15500.0 15600.0 1.398099633407002e-09 0.0
15600.0 15700.0 1.140132389657002e-09 0.0
15700.0 15800.0 7.24768477157002e-10 0.0
15800.0 15900.0 4.3905458965700193e-10 0.0
15900.0 16000.0 5.72567333407002e-10 0.0
16000.0 16100.0 6.703967271570019e-10 0.0
16100.0 16200.0 2.7152643340700196e-10 0.0
16200.0 16300.0 1.4684260215700193e-10 0.0
16300.0 16400.0 -1.791372721799808e-11 0.0
16400.0 16500.0 -1.0652438721799809e-10 0.0
16500.0 16600.0 -2.498375747179981e-10 0.0
16600.0 16700.0 -8.214743721799808e-11 0.0
16700.0 16800.0 5.236477752820019e-10 0.0
16800.0 16900.0 3.2248177528200185e-10 0.0
16900.0 17000.0 2.4935165515700183e-10 0.0
17000.0 17100.0 1.8076199765700184e-10 0.0
17100.0 17200.0 1.8059777765700183e-10 0.0
17200.0 17300.0 1.4918711115700182e-10 0.0
17300.0 17400.0 1.3613022365700183e-10 0.0
17400.0 17500.0 1.2587039365700184e-10 0.0
17500.0 17600.0 1.5190303428200184e-10 0.0
17600.0 17700.0 1.7220799428200186e-10 0.0
17700.0 17800.0 1.3596045678200186e-10 0.0
17800.0 17900.0 1.0354270928200188e-10 0.0
17900.0 18000.0 8.644726053200187e-11 0.0
18000.0 18100.0 7.528811040700188e-11 0.0
18100.0 18200.0 4.951052353200187e-11 0.0
18200.0 18300.0 4.455419940700187e-11 0.0
18300.0 18400.0 3.590787628200187e-11 0.0
18400.0 18500.0 3.584095628200187e-11 0.0
18500.0 18600.0 3.0134614094501874e-11 0.0
18600.0 18700.0 2.3202667344501877e-11 0.0
18700.0 18800.0 1.6334376532001876e-11 0.0
18800.0 18900.0 -2.1471096799812388e-13 0.0
18900.0 19000.0 -3.2538032179981237e-12 0.0
19000.0 19100.0 -9.464376967998124e-12 0.0
19100.0 19200.0 1.152925751875e-15 0.0
19200.0 19300.0 0.0 0.0
19300.0 19400.0 0.0 0.0
19400.0 19500.0 0.0 0.0
19500.0 19600.0 0.0 0.0
19600.0 19700.0 0.0 0.0
19700.0 19800.0 0.0 0.0
19800.0 19900.0 0.0 0.0
19900.0 20000.0 0.0 0.0
20000.0 20100.0 0.0 0.0
