 #         242 :  dS/dsqrt(s) (fb/GeV) (NLO)
-10.0000 0.00000 4.55529740743078 0.0
0.00000 10.0000 4.55529740743078 0.0
10.0000 20.0000 4.55529740743078 0.0
20.0000 30.0000 4.55529740743078 0.0
30.0000 40.0000 4.55529740743078 0.0
40.0000 50.0000 4.55529740743078 0.0
50.0000 60.0000 4.55529740743078 0.0
60.0000 70.0000 4.55529740743078 0.0
70.0000 80.0000 4.55529740743078 0.0
80.0000 90.0000 4.55529740743078 0.0
90.0000 100.000 4.55529740743078 0.0
100.000 110.000 4.55529740743078 0.0
110.000 120.000 4.55529740743078 0.0
120.000 130.000 4.55529740743078 0.0
130.000 140.000 4.55529740743078 0.0
140.000 150.000 4.55529740743078 0.0
150.000 160.000 4.55529740743078 0.0
160.000 170.000 4.55529740743078 0.0
170.000 180.000 4.55529740743078 0.0
180.000 190.000 4.55529740743078 0.0
190.000 200.000 4.55529740743078 0.0
200.000 210.000 4.55529740743078 0.0
210.000 220.000 4.55529740743078 0.0
220.000 230.000 4.55529740743078 0.0
230.000 240.000 4.55529740743078 0.0
240.000 250.000 4.55529740743078 0.0
250.000 260.000 4.55529740743078 0.0
260.000 270.000 4.55529740743078 0.0
270.000 280.000 4.55529740743078 0.0
280.000 290.000 4.55529740743078 0.0
290.000 300.000 4.55529740743078 0.0
300.000 310.000 4.55529740743078 0.0
310.000 320.000 4.55529740743078 0.0
320.000 330.000 4.55529740743078 0.0
330.000 340.000 4.55529740743078 0.0
340.000 350.000 4.55529740743078 0.0
350.000 360.000 4.55529740743078 0.0
360.000 370.000 4.55529740743078 0.0
370.000 380.000 4.55529740743078 0.0
380.000 390.000 4.55529740743078 0.0
390.000 400.000 4.55529740743078 0.0
400.000 410.000 4.55529740743078 0.0
410.000 420.000 4.55529740743078 0.0
420.000 430.000 4.55529740743078 0.0
430.000 440.000 4.55529740743078 0.0
440.000 450.000 4.55529740743078 0.0
450.000 460.000 4.55529740743078 0.0
460.000 470.000 4.55529740743078 0.0
470.000 480.000 4.55529740743078 0.0
480.000 490.000 4.55529740743078 0.0
490.000 500.000 4.55529740743078 0.0
500.000 510.000 4.55529740743078 0.0
510.000 520.000 4.55529740743078 0.0
520.000 530.000 4.55529740743078 0.0
530.000 540.000 4.55529740743078 0.0
540.000 550.000 4.55529740743078 0.0
550.000 560.000 4.55529740743078 0.0
560.000 570.000 4.55529740743078 0.0
570.000 580.000 4.55529740743078 0.0
580.000 590.000 4.55529740743078 0.0
590.000 600.000 4.55529740743078 0.0
600.000 610.000 4.55529740743078 0.0
610.000 620.000 4.5552974062083065 0.0
620.000 630.000 4.555297400277519 0.0
630.000 640.000 4.555297403612409 0.0
640.000 650.000 4.555297575848546 0.0
650.000 660.000 4.555294672405757 0.0
660.000 670.000 4.555295786724382 0.0
670.000 680.000 4.555202968248132 0.0
680.000 690.000 4.555184820416882 0.0
690.000 700.000 4.555022970168757 0.0
700.000 710.000 4.554811484275007 0.0
710.000 720.000 4.554446464393757 0.0
720.000 730.000 4.553799687875006 0.0
730.000 740.000 4.552854009812506 0.0
740.000 750.000 4.551763476062506 0.0
750.000 760.000 4.549976144812506 0.0
760.000 770.000 4.548187927687506 0.0
770.000 780.000 4.5460674493750055 0.0
780.000 790.000 4.543321188125005 0.0
790.000 800.000 4.540530263750005 0.0
800.000 810.000 4.5370640562500055 0.0
810.000 820.000 4.533200523125005 0.0
820.000 830.000 4.529286036875005 0.0
830.000 840.000 4.524968035000005 0.0
840.000 850.000 4.520024314375005 0.0
850.000 860.000 4.515070206250005 0.0
860.000 870.000 4.509879016875005 0.0
870.000 880.000 4.503869576875005 0.0
880.000 890.000 4.497283313125005 0.0
890.000 900.000 4.490881588750005 0.0
900.000 910.000 4.483721730000005 0.0
910.000 920.000 4.476359361875005 0.0
920.000 930.000 4.469023282500005 0.0
930.000 940.000 4.461260957500005 0.0
940.000 950.000 4.453367038125005 0.0
950.000 960.000 4.444751821250004 0.0
960.000 970.000 4.436177564375004 0.0
970.000 980.000 4.426979750625004 0.0
980.000 990.000 4.417942610625004 0.0
990.000 1000.00 4.408182159375004 0.0
1000.00 1010.00 4.398430571875004 0.0
1010.00 1020.00 4.388418396875004 0.0
1020.00 1030.00 4.378211147500004 0.0
1030.00 1040.00 4.368031966250004 0.0
1040.00 1050.00 4.357076868125004 0.0
1050.00 1060.00 4.345973689375004 0.0
1060.00 1070.00 4.335168795000004 0.0
1070.00 1080.00 4.324086968125004 0.0
1080.00 1090.00 4.312544530625003 0.0
1090.00 1100.00 4.300549061875003 0.0
1100.00 1110.00 4.288792137500003 0.0
1110.00 1120.00 4.276988431250003 0.0
1120.00 1130.00 4.264888300000003 0.0
1130.00 1140.00 4.252195450000003 0.0
1140.00 1150.00 4.239975541875003 0.0
1150.00 1160.00 4.227650875000003 0.0
1160.00 1170.00 4.214579756250003 0.0
1170.00 1180.00 4.201879893750003 0.0
1180.00 1190.00 4.188925537500003 0.0
1190.00 1200.00 4.176120343750003 0.0
1200.00 1210.00 4.163133550000003 0.0
1210.00 1220.00 4.149650312500003 0.0
1220.00 1230.00 4.136410193750003 0.0
1230.00 1240.00 4.123260987500004 0.0
1240.00 1250.00 4.110028418750003 0.0
1250.00 1260.00 4.096716156250003 0.0
1260.00 1270.00 4.082702318750003 0.0
1270.00 1280.00 4.069356337500003 0.0
1280.00 1290.00 4.055115050000003 0.0
1290.00 1300.00 4.041129400000003 0.0
1300.00 1310.00 4.026937168750003 0.0
1310.00 1320.00 4.012795762500002 0.0
1320.00 1330.00 3.999161937500002 0.0
1330.00 1340.00 3.984702162500002 0.0
1340.00 1350.00 3.9702216000000017 0.0
1350.00 1360.00 3.9565088562500015 0.0
1360.00 1370.00 3.9422627875000016 0.0
1370.00 1380.00 3.9276946375000015 0.0
1380.00 1390.00 3.9131624625000017 0.0
1390.00 1400.00 3.8984958937500016 0.0
1400.00 1410.00 3.8840998937500015 0.0
1410.00 1420.00 3.8693232250000014 0.0
1420.00 1430.00 3.854887887500001 0.0
1430.00 1440.00 3.8403055062500013 0.0
1440.00 1450.00 3.826210093750001 0.0
1450.00 1460.00 3.810839693750001 0.0
1460.00 1470.00 3.796255056250001 0.0
1470.00 1480.00 3.781414093750001 0.0
1480.00 1490.00 3.7670177812500008 0.0
1490.00 1500.00 3.7520563625000007 0.0
1500.00 1510.00 3.737262006250001 0.0
1510.00 1520.00 3.722552550000001 0.0
1520.00 1530.00 3.707537200000001 0.0
1530.00 1540.00 3.692800343750001 0.0
1540.00 1550.00 3.677942343750001 0.0
1550.00 1560.00 3.663120881250001 0.0
1560.00 1570.00 3.6481906812500013 0.0
1570.00 1580.00 3.633814168750001 0.0
1580.00 1590.00 3.619042743750001 0.0
1590.00 1600.00 3.604278650000001 0.0
1600.00 1610.00 3.589250281250001 0.0
1610.00 1620.00 3.574395912500001 0.0
1620.00 1630.00 3.559839381250001 0.0
1630.00 1640.00 3.5450711000000013 0.0
1640.00 1650.00 3.530043700000001 0.0
1650.00 1660.00 3.515516743750001 0.0
1660.00 1670.00 3.500502875000001 0.0
1670.00 1680.00 3.486264781250001 0.0
1680.00 1690.00 3.471776025000001 0.0
1690.00 1700.00 3.456996681250001 0.0
1700.00 1710.00 3.442177181250001 0.0
1710.00 1720.00 3.4277559812500007 0.0
1720.00 1730.00 3.413075675000001 0.0
1730.00 1740.00 3.398460943750001 0.0
1740.00 1750.00 3.3839150250000007 0.0
1750.00 1760.00 3.369345750000001 0.0
1760.00 1770.00 3.3550150750000007 0.0
1770.00 1780.00 3.3401055312500008 0.0
1780.00 1790.00 3.3258491500000007 0.0
1790.00 1800.00 3.311278093750001 0.0
1800.00 1810.00 3.2965599937500007 0.0
1810.00 1820.00 3.282204300000001 0.0
1820.00 1830.00 3.267779687500001 0.0
1830.00 1840.00 3.253563900000001 0.0
1840.00 1850.00 3.239544812500001 0.0
1850.00 1860.00 3.224983625000001 0.0
1860.00 1870.00 3.210902112500001 0.0
1870.00 1880.00 3.1963577500000007 0.0
1880.00 1890.00 3.1821427437500005 0.0
1890.00 1900.00 3.1682316062500004 0.0
1900.00 1910.00 3.1536684500000005 0.0
1910.00 1920.00 3.1398413000000005 0.0
1920.00 1930.00 3.1259572875000003 0.0
1930.00 1940.00 3.1116993500000003 0.0
1940.00 1950.00 3.0978426875000005 0.0
1950.00 1960.00 3.0839405812500003 0.0
1960.00 1970.00 3.069988925 0.0
1970.00 1980.00 3.05583575 0.0
1980.00 1990.00 3.0420907812499998 0.0
1990.00 2000.00 3.0282614874999996 0.0
2000.00 2010.00 3.0145643749999995 0.0
