# title = Rapidity separation Leptons
# xlabel = $\Delta y_{\text{e}^+\mu^-}$
# ylabel = $\frac{\text{d}\sigma}{\text{d}\Delta y_{\text{e}^+\mu^-}}\,[\text{fb}]$
# xmin= -5.000E+00
# xmax=  5.000E+00
# ymin=  1.000E-04
# ymax=  5.000E-01
# kmin= -2.000E+01
# kmax=  1.000E+01
# logscale = false
# Renormalization and factorization scale scaled by: 1.0000000000
# Renormalization scaled by: 1.0000000000
# Number of generated events: 6885073
#	#	#	#	#	#	#
#=====================================================================================	#=====================================================================================	#=====================================================================================	#=====================================================================================	#=====================================================================================	#=====================================================================================	#=====================================================================================
# No.       Left      Right                   Value                   Error Hits
#-------------------------------------------------------------------------------------	#-------------------------------------------------------------------------------------	#-------------------------------------------------------------------------------------	#-------------------------------------------------------------------------------------	#-------------------------------------------------------------------------------------	#-------------------------------------------------------------------------------------	#-------------------------------------------------------------------------------------
   1      -5.00      -4.75  1.205403606009261E-02  1.172377943560462E-03 9965048	   1      -5.00      -4.75  1.205403606009261E-02  1.172377943560462E-03 9965048	   1      -5.00      -4.75  1.107869668858651E-02  1.057773611977639E-03 9965048	   1      -5.00      -4.75  1.107869668858651E-02  1.057773611977639E-03 9965048	   1      -5.00      -4.75  1.319623407285127E-02  1.313976210574919E-03 9965048	   1      -5.00      -4.75  1.319623407285127E-02  1.313976210574919E-03 9965048	   1      -5.00      -4.75  1.205403606009261E-02  1.172377943560462E-03 9965048
   2      -4.75      -4.50  2.147125324202530E-02  8.272246189629685E-04 14257408	   2      -4.75      -4.50  2.147125324202530E-02  8.272246189629685E-04 14257408	   2      -4.75      -4.50  1.978789531793115E-02  7.384089306418600E-04 14257408	   2      -4.75      -4.50  1.978789531793115E-02  7.384089306418600E-04 14257408	   2      -4.75      -4.50  2.343907052615218E-02  9.371259982566009E-04 14257408	   2      -4.75      -4.50  2.343907052615218E-02  9.371259982566009E-04 14257408	   2      -4.75      -4.50  2.147125324202530E-02  8.272246189629685E-04 14257408
   3      -4.50      -4.25  3.402235787796126E-02  1.032434644783616E-03 19954762	   3      -4.50      -4.25  3.402235787796126E-02  1.032434644783616E-03 19954762	   3      -4.50      -4.25  3.143265841013283E-02  9.262445455779408E-04 19954762	   3      -4.50      -4.25  3.143265841013283E-02  9.262445455779408E-04 19954762	   3      -4.50      -4.25  3.703918367448528E-02  1.162083070024132E-03 19954762	   3      -4.50      -4.25  3.703918367448528E-02  1.162083070024132E-03 19954762	   3      -4.50      -4.25  3.402235787796126E-02  1.032434644783616E-03 19954762
   4      -4.25      -4.00  4.633078460049826E-02  1.562320678265712E-03 27357272	   4      -4.25      -4.00  4.633078460049826E-02  1.562320678265712E-03 27357272	   4      -4.25      -4.00  4.303646760251891E-02  1.413585311048966E-03 27357272	   4      -4.25      -4.00  4.303646760251891E-02  1.413585311048966E-03 27357272	   4      -4.25      -4.00  5.013046520828264E-02  1.741648801490554E-03 27357272	   4      -4.25      -4.00  5.013046520828264E-02  1.741648801490554E-03 27357272	   4      -4.25      -4.00  4.633078460049826E-02  1.562320678265712E-03 27357272
   5      -4.00      -3.75  6.672569811402798E-02  1.712842059224596E-03 36801672	   5      -4.00      -3.75  6.672569811402798E-02  1.712842059224596E-03 36801672	   5      -4.00      -3.75  6.221658606914132E-02  1.563058851092243E-03 36801672	   5      -4.00      -3.75  6.221658606914132E-02  1.563058851092243E-03 36801672	   5      -4.00      -3.75  7.188794040137590E-02  1.892208595337435E-03 36801672	   5      -4.00      -3.75  7.188794040137590E-02  1.892208595337435E-03 36801672	   5      -4.00      -3.75  6.672569811402798E-02  1.712842059224596E-03 36801672
   6      -3.75      -3.50  9.082659542466154E-02  2.228778581851132E-03 48645772	   6      -3.75      -3.50  9.082659542466154E-02  2.228778581851132E-03 48645772	   6      -3.75      -3.50  8.520763928833028E-02  2.001786235351752E-03 48645772	   6      -3.75      -3.50  8.520763928833028E-02  2.001786235351752E-03 48645772	   6      -3.75      -3.50  9.717769522416693E-02  2.504327774710029E-03 48645772	   6      -3.75      -3.50  9.717769522416693E-02  2.504327774710029E-03 48645772	   6      -3.75      -3.50  9.082659542466154E-02  2.228778581851132E-03 48645772
   7      -3.50      -3.25  1.153575765762730E-01  4.126165700158987E-03 63273267	   7      -3.50      -3.25  1.153575765762730E-01  4.126165700158987E-03 63273267	   7      -3.50      -3.25  1.090459936012427E-01  3.691518741545000E-03 63273267	   7      -3.50      -3.25  1.090459936012427E-01  3.691518741545000E-03 63273267	   7      -3.50      -3.25  1.223379597309541E-01  4.658331261232026E-03 63273267	   7      -3.50      -3.25  1.223379597309541E-01  4.658331261232026E-03 63273267	   7      -3.50      -3.25  1.153575765762730E-01  4.126165700158987E-03 63273267
   8      -3.25      -3.00  1.595959067666566E-01  3.498459160755493E-03 81031328	   8      -3.25      -3.00  1.595959067666566E-01  3.498459160755493E-03 81031328	   8      -3.25      -3.00  1.509572918880890E-01  3.194756700442839E-03 81031328	   8      -3.25      -3.00  1.509572918880890E-01  3.194756700442839E-03 81031328	   8      -3.25      -3.00  1.691620618445250E-01  3.860082846639347E-03 81031328	   8      -3.25      -3.00  1.691620618445250E-01  3.860082846639347E-03 81031328	   8      -3.25      -3.00  1.595959067666566E-01  3.498459160755493E-03 81031328
   9      -3.00      -2.75  2.132396688932170E-01  2.747044383261016E-03 102268513	   9      -3.00      -2.75  2.132396688932170E-01  2.747044383261016E-03 102268513	   9      -3.00      -2.75  2.022188001821575E-01  2.520188698755720E-03 102268513	   9      -3.00      -2.75  2.022188001821575E-01  2.520188698755720E-03 102268513	   9      -3.00      -2.75  2.253710702552074E-01  3.018697756491671E-03 102268513	   9      -3.00      -2.75  2.253710702552074E-01  3.018697756491671E-03 102268513	   9      -3.00      -2.75  2.132396688932170E-01  2.747044383261016E-03 102268513
  10      -2.75      -2.50  2.702688144092568E-01  3.831313670319323E-03 127305183	  10      -2.75      -2.50  2.702688144092568E-01  3.831313670319323E-03 127305183	  10      -2.75      -2.50  2.572911155475118E-01  3.520990782299738E-03 127305183	  10      -2.75      -2.50  2.572911155475118E-01  3.520990782299738E-03 127305183	  10      -2.75      -2.50  2.843998959405545E-01  4.200229791888362E-03 127305183	  10      -2.75      -2.50  2.843998959405545E-01  4.200229791888362E-03 127305183	  10      -2.75      -2.50  2.702688144092568E-01  3.831313670319323E-03 127305183
  11      -2.50      -2.25  3.291115268065778E-01  5.653881318905028E-03 156134532	  11      -2.50      -2.25  3.291115268065778E-01  5.653881318905028E-03 156134532	  11      -2.50      -2.25  3.148727880777354E-01  5.146478224732076E-03 156134532	  11      -2.50      -2.25  3.148727880777354E-01  5.146478224732076E-03 156134532	  11      -2.50      -2.25  3.443007187255849E-01  6.271805484014186E-03 156134532	  11      -2.50      -2.25  3.443007187255849E-01  6.271805484014186E-03 156134532	  11      -2.50      -2.25  3.291115268065778E-01  5.653881318905028E-03 156134532
  12      -2.25      -2.00  4.182648122157760E-01  4.429272475177449E-03 187173036	  12      -2.25      -2.00  4.182648122157760E-01  4.429272475177449E-03 187173036	  12      -2.25      -2.00  4.007246992647121E-01  4.058523984667758E-03 187173036	  12      -2.25      -2.00  4.007246992647121E-01  4.058523984667758E-03 187173036	  12      -2.25      -2.00  4.369324158355107E-01  4.873655516034690E-03 187173036	  12      -2.25      -2.00  4.369324158355107E-01  4.873655516034690E-03 187173036	  12      -2.25      -2.00  4.182648122157760E-01  4.429272475177449E-03 187173036
  13      -2.00      -1.75  4.967595597355072E-01  4.538514606178795E-03 219088085	  13      -2.00      -1.75  4.967595597355072E-01  4.538514606178795E-03 219088085	  13      -2.00      -1.75  4.773108209460066E-01  4.171321087712653E-03 219088085	  13      -2.00      -1.75  4.773108209460066E-01  4.171321087712653E-03 219088085	  13      -2.00      -1.75  5.172321386554664E-01  4.973349328729730E-03 219088085	  13      -2.00      -1.75  5.172321386554664E-01  4.973349328729730E-03 219088085	  13      -2.00      -1.75  4.967595597355072E-01  4.538514606178795E-03 219088085
  14      -1.75      -1.50  5.784775960761189E-01  7.288231598597428E-03 250917282	  14      -1.75      -1.50  5.784775960761189E-01  7.288231598597428E-03 250917282	  14      -1.75      -1.50  5.568313012943756E-01  6.747157609588657E-03 250917282	  14      -1.75      -1.50  5.568313012943756E-01  6.747157609588657E-03 250917282	  14      -1.75      -1.50  6.010974568541378E-01  7.916990147721297E-03 250917282	  14      -1.75      -1.50  6.010974568541378E-01  7.916990147721297E-03 250917282	  14      -1.75      -1.50  5.784775960761189E-01  7.288231598597428E-03 250917282
  15      -1.50      -1.25  6.726857952845126E-01  5.538701191568672E-03 281718499	  15      -1.50      -1.25  6.726857952845126E-01  5.538701191568672E-03 281718499	  15      -1.50      -1.25  6.483817507314326E-01  5.116981811975366E-03 281718499	  15      -1.50      -1.25  6.483817507314326E-01  5.116981811975366E-03 281718499	  15      -1.50      -1.25  6.979285760165924E-01  6.037587237043496E-03 281718499	  15      -1.50      -1.25  6.979285760165924E-01  6.037587237043496E-03 281718499	  15      -1.50      -1.25  6.726857952845126E-01  5.538701191568672E-03 281718499
  16      -1.25      -1.00  7.512294519372624E-01  5.121378560755362E-03 310404688	  16      -1.25      -1.00  7.512294519372624E-01  5.121378560755362E-03 310404688	  16      -1.25      -1.00  7.255086583045700E-01  4.725261320777640E-03 310404688	  16      -1.25      -1.00  7.255086583045700E-01  4.725261320777640E-03 310404688	  16      -1.25      -1.00  7.776542045524307E-01  5.589802871273747E-03 310404688	  16      -1.25      -1.00  7.776542045524307E-01  5.589802871273747E-03 310404688	  16      -1.25      -1.00  7.512294519372624E-01  5.121378560755362E-03 310404688
  17      -1.00      -0.75  8.195896687236953E-01  6.049320236856754E-03 335991003	  17      -1.00      -0.75  8.195896687236953E-01  6.049320236856754E-03 335991003	  17      -1.00      -0.75  7.928243841825982E-01  5.595563807360507E-03 335991003	  17      -1.00      -0.75  7.928243841825982E-01  5.595563807360507E-03 335991003	  17      -1.00      -0.75  8.468186826956837E-01  6.581549978369983E-03 335991003	  17      -1.00      -0.75  8.468186826956837E-01  6.581549978369983E-03 335991003	  17      -1.00      -0.75  8.195896687236953E-01  6.049320236856754E-03 335991003
  18      -0.75      -0.50  8.799582575970692E-01  5.323610263514207E-03 355840176	  18      -0.75      -0.50  8.799582575970692E-01  5.323610263514207E-03 355840176	  18      -0.75      -0.50  8.515996522094502E-01  4.909874514445449E-03 355840176	  18      -0.75      -0.50  8.515996522094502E-01  4.909874514445449E-03 355840176	  18      -0.75      -0.50  9.087460287657825E-01  5.813535288454201E-03 355840176	  18      -0.75      -0.50  9.087460287657825E-01  5.813535288454201E-03 355840176	  18      -0.75      -0.50  8.799582575970692E-01  5.323610263514207E-03 355840176
  19      -0.50      -0.25  8.946700994302211E-01  1.060882239622503E-02 361761749	  19      -0.50      -0.25  8.946700994302211E-01  1.060882239622503E-02 361761749	  19      -0.50      -0.25  8.658943173450928E-01  9.739132595103808E-03 361761749	  19      -0.50      -0.25  8.658943173450928E-01  9.739132595103808E-03 361761749	  19      -0.50      -0.25  9.238971038079172E-01  1.162950264364592E-02 361761749	  19      -0.50      -0.25  9.238971038079172E-01  1.162950264364592E-02 361761749	  19      -0.50      -0.25  8.946700994302211E-01  1.060882239622503E-02 361761749
  20      -0.25       0.00  8.700582117467359E-01  6.590899049393269E-03 349564318	  20      -0.25       0.00  8.700582117467359E-01  6.590899049393269E-03 349564318	  20      -0.25       0.00  8.426317683883832E-01  6.112848044820220E-03 349564318	  20      -0.25       0.00  8.426317683883832E-01  6.112848044820220E-03 349564318	  20      -0.25       0.00  8.977658107717109E-01  7.148535744871219E-03 349564318	  20      -0.25       0.00  8.977658107717109E-01  7.148535744871219E-03 349564318	  20      -0.25       0.00  8.700582117467359E-01  6.590899049393269E-03 349564318
  21       0.00       0.25  8.644198308226934E-01  9.471364739867939E-03 349477024	  21       0.00       0.25  8.644198308226934E-01  9.471364739867939E-03 349477024	  21       0.00       0.25  8.374305455912361E-01  8.879866135815113E-03 349477024	  21       0.00       0.25  8.374305455912361E-01  8.879866135815113E-03 349477024	  21       0.00       0.25  8.916210357561081E-01  1.014496799145888E-02 349477024	  21       0.00       0.25  8.916210357561081E-01  1.014496799145888E-02 349477024	  21       0.00       0.25  8.644198308226934E-01  9.471364739867939E-03 349477024
  22       0.25       0.50  8.956953922180789E-01  6.083645947136833E-03 361512999	  22       0.25       0.50  8.956953922180789E-01  6.083645947136833E-03 361512999	  22       0.25       0.50  8.669210279188911E-01  5.630708238581804E-03 361512999	  22       0.25       0.50  8.669210279188911E-01  5.630708238581804E-03 361512999	  22       0.25       0.50  9.249112653133954E-01  6.613372155349300E-03 361512999	  22       0.25       0.50  9.249112653133954E-01  6.613372155349300E-03 361512999	  22       0.25       0.50  8.956953922180789E-01  6.083645947136833E-03 361512999
  23       0.50       0.75  8.850637771838056E-01  5.526115219227036E-03 355421183	  23       0.50       0.75  8.850637771838056E-01  5.526115219227036E-03 355421183	  23       0.50       0.75  8.558280640070078E-01  5.181591497439634E-03 355421183	  23       0.50       0.75  8.558280640070078E-01  5.181591497439634E-03 355421183	  23       0.50       0.75  9.149461147051925E-01  5.921255621172063E-03 355421183	  23       0.50       0.75  9.149461147051925E-01  5.921255621172063E-03 355421183	  23       0.50       0.75  8.850637771838056E-01  5.526115219227036E-03 355421183
  24       0.75       1.00  8.228885065635526E-01  5.705806431857787E-03 335507424	  24       0.75       1.00  8.228885065635526E-01  5.705806431857787E-03 335507424	  24       0.75       1.00  7.955296599712851E-01  5.283630011931774E-03 335507424	  24       0.75       1.00  7.955296599712851E-01  5.283630011931774E-03 335507424	  24       0.75       1.00  8.508626421986853E-01  6.203059924660049E-03 335507424	  24       0.75       1.00  8.508626421986853E-01  6.203059924660049E-03 335507424	  24       0.75       1.00  8.228885065635526E-01  5.705806431857787E-03 335507424
  25       1.00       1.25  7.466509211072098E-01  5.162308165273554E-03 309775858	  25       1.00       1.25  7.466509211072098E-01  5.162308165273554E-03 309775858	  25       1.00       1.25  7.211056727438576E-01  4.795048561664276E-03 309775858	  25       1.00       1.25  7.211056727438576E-01  4.795048561664276E-03 309775858	  25       1.00       1.25  7.729089921749660E-01  5.595662702992205E-03 309775858	  25       1.00       1.25  7.729089921749660E-01  5.595662702992205E-03 309775858	  25       1.00       1.25  7.466509211072098E-01  5.162308165273554E-03 309775858
  26       1.25       1.50  6.630424578698411E-01  5.456359754730421E-03 281028787	  26       1.25       1.50  6.630424578698411E-01  5.456359754730421E-03 281028787	  26       1.25       1.50  6.398293876943124E-01  5.018373227203082E-03 281028787	  26       1.25       1.50  6.398293876943124E-01  5.018373227203082E-03 281028787	  26       1.25       1.50  6.869617513831491E-01  5.977014881445596E-03 281028787	  26       1.25       1.50  6.869617513831491E-01  5.977014881445596E-03 281028787	  26       1.25       1.50  6.630424578698411E-01  5.456359754730421E-03 281028787
  27       1.50       1.75  5.810105064808735E-01  4.374574600896615E-03 250261766	  27       1.50       1.75  5.810105064808735E-01  4.374574600896615E-03 250261766	  27       1.50       1.75  5.589861823382140E-01  4.074354538008486E-03 250261766	  27       1.50       1.75  5.589861823382140E-01  4.074354538008486E-03 250261766	  27       1.50       1.75  6.040929533381818E-01  4.724287374147017E-03 250261766	  27       1.50       1.75  6.040929533381818E-01  4.724287374147017E-03 250261766	  27       1.50       1.75  5.810105064808735E-01  4.374574600896615E-03 250261766
  28       1.75       2.00  5.020528535235086E-01  4.135463040843423E-03 218442942	  28       1.75       2.00  5.020528535235086E-01  4.135463040843423E-03 218442942	  28       1.75       2.00  4.818920592217388E-01  3.847106024129721E-03 218442942	  28       1.75       2.00  4.818920592217388E-01  3.847106024129721E-03 218442942	  28       1.75       2.00  5.233897572542930E-01  4.473380260270142E-03 218442942	  28       1.75       2.00  5.233897572542930E-01  4.473380260270142E-03 218442942	  28       1.75       2.00  5.020528535235086E-01  4.135463040843423E-03 218442942
  29       2.00       2.25  4.108601357907041E-01  5.031395438236221E-03 186551957	  29       2.00       2.25  4.108601357907041E-01  5.031395438236221E-03 186551957	  29       2.00       2.25  3.939032219079094E-01  4.584764866856514E-03 186551957	  29       2.00       2.25  3.939032219079094E-01  4.584764866856514E-03 186551957	  29       2.00       2.25  4.288548838399840E-01  5.566969703660792E-03 186551957	  29       2.00       2.25  4.288548838399840E-01  5.566969703660792E-03 186551957	  29       2.00       2.25  4.108601357907041E-01  5.031395438236221E-03 186551957
  30       2.25       2.50  3.404866407228302E-01  3.420095517888726E-03 155616455	  30       2.25       2.50  3.404866407228302E-01  3.420095517888726E-03 155616455	  30       2.25       2.50  3.250996416787509E-01  3.157749163455631E-03 155616455	  30       2.25       2.50  3.250996416787509E-01  3.157749163455631E-03 155616455	  30       2.25       2.50  3.570912591039247E-01  3.729331357008626E-03 155616455	  30       2.25       2.50  3.570912591039247E-01  3.729331357008626E-03 155616455	  30       2.25       2.50  3.404866407228302E-01  3.420095517888726E-03 155616455
  31       2.50       2.75  2.708963831082302E-01  3.430188444025848E-03 126859132	  31       2.50       2.75  2.708963831082302E-01  3.430188444025848E-03 126859132	  31       2.50       2.75  2.577801139585131E-01  3.162358465352949E-03 126859132	  31       2.50       2.75  2.577801139585131E-01  3.162358465352949E-03 126859132	  31       2.50       2.75  2.852006629617045E-01  3.745401879446766E-03 126859132	  31       2.50       2.75  2.852006629617045E-01  3.745401879446766E-03 126859132	  31       2.50       2.75  2.708963831082302E-01  3.430188444025848E-03 126859132
  32       2.75       3.00  2.117458119390462E-01  3.248733469872237E-03 101886190	  32       2.75       3.00  2.117458119390462E-01  3.248733469872237E-03 101886190	  32       2.75       3.00  2.007838284851464E-01  2.990199692195228E-03 101886190	  32       2.75       3.00  2.007838284851464E-01  2.990199692195228E-03 101886190	  32       2.75       3.00  2.238289938304954E-01  3.552769729790089E-03 101886190	  32       2.75       3.00  2.238289938304954E-01  3.552769729790089E-03 101886190	  32       2.75       3.00  2.117458119390462E-01  3.248733469872237E-03 101886190
  33       3.00       3.25  1.620504674078579E-01  2.596397771692475E-03 80715902	  33       3.00       3.25  1.620504674078579E-01  2.596397771692475E-03 80715902	  33       3.00       3.25  1.531094498144342E-01  2.378076853975937E-03 80715902	  33       3.00       3.25  1.531094498144342E-01  2.378076853975937E-03 80715902	  33       3.00       3.25  1.719947979821771E-01  2.856067992506263E-03 80715902	  33       3.00       3.25  1.719947979821771E-01  2.856067992506263E-03 80715902	  33       3.00       3.25  1.620504674078579E-01  2.596397771692475E-03 80715902
  34       3.25       3.50  1.155058947321987E-01  7.684226053739682E-03 63039393	  34       3.25       3.50  1.155058947321987E-01  7.684226053739682E-03 63039393	  34       3.25       3.50  1.090159232946372E-01  6.895865388879838E-03 63039393	  34       3.25       3.50  1.090159232946372E-01  6.895865388879838E-03 63039393	  34       3.25       3.50  1.227307983014944E-01  8.635506525823716E-03 63039393	  34       3.25       3.50  1.227307983014944E-01  8.635506525823716E-03 63039393	  34       3.25       3.50  1.155058947321987E-01  7.684226053739682E-03 63039393
  35       3.50       3.75  9.016984658059091E-02  2.289113133603504E-03 48470605	  35       3.50       3.75  9.016984658059091E-02  2.289113133603504E-03 48470605	  35       3.50       3.75  8.450497917450296E-02  2.113420141357753E-03 48470605	  35       3.50       3.75  8.450497917450296E-02  2.113420141357753E-03 48470605	  35       3.50       3.75  9.659493793186141E-02  2.493952038585984E-03 48470605	  35       3.50       3.75  9.659493793186141E-02  2.493952038585984E-03 48470605	  35       3.50       3.75  9.016984658059091E-02  2.289113133603504E-03 48470605
  36       3.75       4.00  6.582660454972365E-02  2.360182899232895E-03 36665434	  36       3.75       4.00  6.582660454972365E-02  2.360182899232895E-03 36665434	  36       3.75       4.00  6.142217096510553E-02  2.125767043621731E-03 36665434	  36       3.75       4.00  6.142217096510553E-02  2.125767043621731E-03 36665434	  36       3.75       4.00  7.086115581019899E-02  2.642168579774820E-03 36665434	  36       3.75       4.00  7.086115581019899E-02  2.642168579774820E-03 36665434	  36       3.75       4.00  6.582660454972365E-02  2.360182899232895E-03 36665434
  37       4.00       4.25  4.643766972704226E-02  1.440873917174990E-03 27255454	  37       4.00       4.25  4.643766972704226E-02  1.440873917174990E-03 27255454	  37       4.00       4.25  4.317388948144869E-02  1.301866079665966E-03 27255454	  37       4.00       4.25  4.317388948144869E-02  1.301866079665966E-03 27255454	  37       4.00       4.25  5.019211050600977E-02  1.610641033617598E-03 27255454	  37       4.00       4.25  5.019211050600977E-02  1.610641033617598E-03 27255454	  37       4.00       4.25  4.643766972704226E-02  1.440873917174990E-03 27255454
  38       4.25       4.50  3.110442666086638E-02  1.347908642444513E-03 19881740	  38       4.25       4.50  3.110442666086638E-02  1.347908642444513E-03 19881740	  38       4.25       4.50  2.873707742233855E-02  1.234723184967481E-03 19881740	  38       4.25       4.50  2.873707742233855E-02  1.234723184967481E-03 19881740	  38       4.25       4.50  3.385989762701318E-02  1.483473742534770E-03 19881740	  38       4.25       4.50  3.385989762701318E-02  1.483473742534770E-03 19881740	  38       4.25       4.50  3.110442666086638E-02  1.347908642444513E-03 19881740
  39       4.50       4.75  2.009836172618720E-02  1.586868438431144E-03 14209980	  39       4.50       4.75  2.009836172618720E-02  1.586868438431144E-03 14209980	  39       4.50       4.75  1.861280250118243E-02  1.391303478306636E-03 14209980	  39       4.50       4.75  1.861280250118243E-02  1.391303478306636E-03 14209980	  39       4.50       4.75  2.181499331555152E-02  1.831309761058885E-03 14209980	  39       4.50       4.75  2.181499331555152E-02  1.831309761058885E-03 14209980	  39       4.50       4.75  2.009836172618720E-02  1.586868438431144E-03 14209980
  40       4.75       5.00  1.505125124234289E-02  4.451995203410013E-04 9929389	  40       4.75       5.00  1.505125124234289E-02  4.451995203410013E-04 9929389	  40       4.75       5.00  1.376553593556433E-02  4.002118217836944E-04 9929389	  40       4.75       5.00  1.376553593556433E-02  4.002118217836944E-04 9929389	  40       4.75       5.00  1.657608348511537E-02  4.997547286470908E-04 9929389	  40       4.75       5.00  1.657608348511537E-02  4.997547286470908E-04 9929389	  40       4.75       5.00  1.505125124234289E-02  4.451995203410013E-04 9929389
# Underflow:                -2.9353983825381271E-04  5.2391588793964770E-05 781
# Overflow:                 -5.6387258517410534E-04  1.9166002394703231E-04 800
#-------------------------------------------------------------------------------------	#-------------------------------------------------------------------------------------	#-------------------------------------------------------------------------------------	#-------------------------------------------------------------------------------------	#-------------------------------------------------------------------------------------	#-------------------------------------------------------------------------------------	#-------------------------------------------------------------------------------------
# Sum:                      -8.0187316171521222E-02  1.1241149307239476E-03 187000
#=====================================================================================	#=====================================================================================	#=====================================================================================	#=====================================================================================	#=====================================================================================	#=====================================================================================	#=====================================================================================
