# title = Rapidity Softer Jet
# xlabel = $y_{\text{j}_1}$
# ylabel = $\frac{\text{d}\sigma}{\text{d}y_{\text{j}_1}}\,[\text{fb}]$
# xmin= -4.500E+00
# xmax=  4.500E+00
# ymin=  1.000E-04
# ymax=  4.000E-01
# kmin= -2.000E+01
# kmax=  1.000E+01
# logscale = false
# Renormalization and factorization scale scaled by: 1.0000000000
# Renormalization scaled by: 1.0000000000
# Number of generated events: 7099658501
#	#	#	#	#	#	#
#=====================================================================================	#=====================================================================================	#=====================================================================================	#=====================================================================================	#=====================================================================================	#=====================================================================================	#=====================================================================================
# No.       Left      Right                   Value                   Error Hits
#-------------------------------------------------------------------------------------	#-------------------------------------------------------------------------------------	#-------------------------------------------------------------------------------------	#-------------------------------------------------------------------------------------	#-------------------------------------------------------------------------------------	#-------------------------------------------------------------------------------------	#-------------------------------------------------------------------------------------
   1      -4.50      -4.25  0.000000000000000E+00  0.000000000000000E+00 0	   1      -4.50      -4.25  0.000000000000000E+00  0.000000000000000E+00 0	   1      -4.50      -4.25  0.000000000000000E+00  0.000000000000000E+00 0	   1      -4.50      -4.25  0.000000000000000E+00  0.000000000000000E+00 0	   1      -4.50      -4.25  0.000000000000000E+00  0.000000000000000E+00 0	   1      -4.50      -4.25  0.000000000000000E+00  0.000000000000000E+00 0	   1      -4.50      -4.25  0.000000000000000E+00  0.000000000000000E+00 0
   2      -4.25      -4.00  0.000000000000000E+00  0.000000000000000E+00 0	   2      -4.25      -4.00  0.000000000000000E+00  0.000000000000000E+00 0	   2      -4.25      -4.00  0.000000000000000E+00  0.000000000000000E+00 0	   2      -4.25      -4.00  0.000000000000000E+00  0.000000000000000E+00 0	   2      -4.25      -4.00  0.000000000000000E+00  0.000000000000000E+00 0	   2      -4.25      -4.00  0.000000000000000E+00  0.000000000000000E+00 0	   2      -4.25      -4.00  0.000000000000000E+00  0.000000000000000E+00 0
   3      -4.00      -3.75  8.295582714838358E-01  4.997585689725182E-04 229902400	   3      -4.00      -3.75  8.295582714838358E-01  4.997585689725182E-04 229902400	   3      -4.00      -3.75  7.782596376504165E-01  4.576940143535711E-04 229902400	   3      -4.00      -3.75  7.782596376504165E-01  4.576940143535711E-04 229902400	   3      -4.00      -3.75  8.874544122954695E-01  5.502532099925294E-04 229902400	   3      -4.00      -3.75  8.874544122954695E-01  5.502532099925294E-04 229902400	   3      -4.00      -3.75  8.295582714838358E-01  4.997585689725182E-04 229902400
   4      -3.75      -3.50  9.144847645777452E-01  5.143541661859804E-04 234457080	   4      -3.75      -3.50  9.144847645777452E-01  5.143541661859804E-04 234457080	   4      -3.75      -3.50  8.619776828007040E-01  4.736513614623086E-04 234457080	   4      -3.75      -3.50  8.619776828007040E-01  4.736513614623086E-04 234457080	   4      -3.75      -3.50  9.731617960850728E-01  5.628408149816952E-04 234457080	   4      -3.75      -3.50  9.731617960850728E-01  5.628408149816952E-04 234457080	   4      -3.75      -3.50  9.144847645777452E-01  5.143541661859804E-04 234457080
   5      -3.50      -3.25  9.573618973464374E-01  5.152977248407735E-04 233949204	   5      -3.50      -3.25  9.573618973464374E-01  5.152977248407735E-04 233949204	   5      -3.50      -3.25  9.063338544106851E-01  4.771628676092023E-04 233949204	   5      -3.50      -3.25  9.063338544106851E-01  4.771628676092023E-04 233949204	   5      -3.50      -3.25  1.013800642496307E+00  5.602965025970246E-04 233949204	   5      -3.50      -3.25  1.013800642496307E+00  5.602965025970246E-04 233949204	   5      -3.50      -3.25  9.573618973464374E-01  5.152977248407735E-04 233949204
   6      -3.25      -3.00  9.572867978960272E-01  4.873472574135031E-04 229221489	   6      -3.25      -3.00  9.572867978960272E-01  4.873472574135031E-04 229221489	   6      -3.25      -3.00  9.099510090367103E-01  4.536247666980515E-04 229221489	   6      -3.25      -3.00  9.099510090367103E-01  4.536247666980515E-04 229221489	   6      -3.25      -3.00  1.009068484097674E+00  5.268013362660240E-04 229221489	   6      -3.25      -3.00  1.009068484097674E+00  5.268013362660240E-04 229221489	   6      -3.25      -3.00  9.572867978960272E-01  4.873472574135031E-04 229221489
   7      -3.00      -2.75  9.209145912973700E-01  4.465154692608699E-04 221044237	   7      -3.00      -2.75  9.209145912973700E-01  4.465154692608699E-04 221044237	   7      -3.00      -2.75  8.786831914551403E-01  4.177213505288804E-04 221044237	   7      -3.00      -2.75  8.786831914551403E-01  4.177213505288804E-04 221044237	   7      -3.00      -2.75  9.665640729052264E-01  4.799097166851493E-04 221044237	   7      -3.00      -2.75  9.665640729052264E-01  4.799097166851493E-04 221044237	   7      -3.00      -2.75  9.209145912973700E-01  4.465154692608699E-04 221044237
   8      -2.75      -2.50  8.578339690600355E-01  4.009449801020411E-04 210080742	   8      -2.75      -2.50  8.578339690600355E-01  4.009449801020411E-04 210080742	   8      -2.75      -2.50  8.213971565438207E-01  3.769937266259635E-04 210080742	   8      -2.75      -2.50  8.213971565438207E-01  3.769937266259635E-04 210080742	   8      -2.75      -2.50  8.966979813529853E-01  4.284432081439279E-04 210080742	   8      -2.75      -2.50  8.966979813529853E-01  4.284432081439279E-04 210080742	   8      -2.75      -2.50  8.578339690600355E-01  4.009449801020411E-04 210080742
   9      -2.50      -2.25  7.764640768345404E-01  3.479057773439069E-04 196909151	   9      -2.50      -2.25  7.764640768345404E-01  3.479057773439069E-04 196909151	   9      -2.50      -2.25  7.459669581545547E-01  3.286852045477122E-04 196909151	   9      -2.50      -2.25  7.459669581545547E-01  3.286852045477122E-04 196909151	   9      -2.50      -2.25  8.085026641035811E-01  3.697437342995241E-04 196909151	   9      -2.50      -2.25  8.085026641035811E-01  3.697437342995241E-04 196909151	   9      -2.50      -2.25  7.764640768345404E-01  3.479057773439069E-04 196909151
  10      -2.25      -2.00  6.861994938431972E-01  3.002036905970065E-04 181964692	  10      -2.25      -2.00  6.861994938431972E-01  3.002036905970065E-04 181964692	  10      -2.25      -2.00  6.613079094433619E-01  2.846558218486941E-04 181964692	  10      -2.25      -2.00  6.613079094433619E-01  2.846558218486941E-04 181964692	  10      -2.25      -2.00  7.119011216168659E-01  3.177254540971185E-04 181964692	  10      -2.25      -2.00  7.119011216168659E-01  3.177254540971185E-04 181964692	  10      -2.25      -2.00  6.861994938431972E-01  3.002036905970065E-04 181964692
  11      -2.00      -1.75  5.931014904120586E-01  2.506693831219757E-04 165698851	  11      -2.00      -1.75  5.931014904120586E-01  2.506693831219757E-04 165698851	  11      -2.00      -1.75  5.732849700034832E-01  2.388883020111691E-04 165698851	  11      -2.00      -1.75  5.732849700034832E-01  2.388883020111691E-04 165698851	  11      -2.00      -1.75  6.131554971681370E-01  2.637494820013602E-04 165698851	  11      -2.00      -1.75  6.131554971681370E-01  2.637494820013602E-04 165698851	  11      -2.00      -1.75  5.931014904120586E-01  2.506693831219757E-04 165698851
  12      -1.75      -1.50  5.018876334272946E-01  2.109833680346134E-04 148568803	  12      -1.75      -1.50  5.018876334272946E-01  2.109833680346134E-04 148568803	  12      -1.75      -1.50  4.864717169184163E-01  2.018244255652700E-04 148568803	  12      -1.75      -1.50  4.864717169184163E-01  2.018244255652700E-04 148568803	  12      -1.75      -1.50  5.171298752653027E-01  2.210187601963633E-04 148568803	  12      -1.75      -1.50  5.171298752653027E-01  2.210187601963633E-04 148568803	  12      -1.75      -1.50  5.018876334272946E-01  2.109833680346134E-04 148568803
  13      -1.50      -1.25  4.155327797008871E-01  1.767603693617685E-04 132289870	  13      -1.50      -1.25  4.155327797008871E-01  1.767603693617685E-04 132289870	  13      -1.50      -1.25  4.037945008792882E-01  1.698052115414083E-04 132289870	  13      -1.50      -1.25  4.037945008792882E-01  1.698052115414083E-04 132289870	  13      -1.50      -1.25  4.268356882350940E-01  1.842329026604282E-04 132289870	  13      -1.50      -1.25  4.268356882350940E-01  1.842329026604282E-04 132289870	  13      -1.50      -1.25  4.155327797008871E-01  1.767603693617685E-04 132289870
  14      -1.25      -1.00  3.373546834383205E-01  1.425784240062717E-04 118552071	  14      -1.25      -1.00  3.373546834383205E-01  1.425784240062717E-04 118552071	  14      -1.25      -1.00  3.285625494332886E-01  1.374693095170788E-04 118552071	  14      -1.25      -1.00  3.285625494332886E-01  1.374693095170788E-04 118552071	  14      -1.25      -1.00  3.455711772281126E-01  1.479649461295053E-04 118552071	  14      -1.25      -1.00  3.455711772281126E-01  1.479649461295053E-04 118552071	  14      -1.25      -1.00  3.373546834383205E-01  1.425784240062717E-04 118552071
  15      -1.00      -0.75  2.699350763222479E-01  1.139289666654117E-04 107150094	  15      -1.00      -0.75  2.699350763222479E-01  1.139289666654117E-04 107150094	  15      -1.00      -0.75  2.633955489491315E-01  1.103538709545701E-04 107150094	  15      -1.00      -0.75  2.633955489491315E-01  1.103538709545701E-04 107150094	  15      -1.00      -0.75  2.758498171358188E-01  1.175790077988964E-04 107150094	  15      -1.00      -0.75  2.758498171358188E-01  1.175790077988964E-04 107150094	  15      -1.00      -0.75  2.699350763222479E-01  1.139289666654117E-04 107150094
  16      -0.75      -0.50  2.160059881151409E-01  9.227858613832764E-05 98416069	  16      -0.75      -0.50  2.160059881151409E-01  9.227858613832764E-05 98416069	  16      -0.75      -0.50  2.110772229392208E-01  8.965792065655551E-05 98416069	  16      -0.75      -0.50  2.110772229392208E-01  8.965792065655551E-05 98416069	  16      -0.75      -0.50  2.203161987288132E-01  9.487427566830551E-05 98416069	  16      -0.75      -0.50  2.203161987288132E-01  9.487427566830551E-05 98416069	  16      -0.75      -0.50  2.160059881151409E-01  9.227858613832764E-05 98416069
  17      -0.50      -0.25  1.783857894152730E-01  7.556042827580874E-05 92387825	  17      -0.50      -0.25  1.783857894152730E-01  7.556042827580874E-05 92387825	  17      -0.50      -0.25  1.744769585889269E-01  7.364343522522988E-05 92387825	  17      -0.50      -0.25  1.744769585889269E-01  7.364343522522988E-05 92387825	  17      -0.50      -0.25  1.817044245169204E-01  7.738247184089941E-05 92387825	  17      -0.50      -0.25  1.817044245169204E-01  7.738247184089941E-05 92387825	  17      -0.50      -0.25  1.783857894152730E-01  7.556042827580874E-05 92387825
  18      -0.25       0.00  1.589435860303775E-01  6.620626829241659E-05 89134949	  18      -0.25       0.00  1.589435860303775E-01  6.620626829241659E-05 89134949	  18      -0.25       0.00  1.555357500630887E-01  6.468172444443882E-05 89134949	  18      -0.25       0.00  1.555357500630887E-01  6.468172444443882E-05 89134949	  18      -0.25       0.00  1.617818371386308E-01  6.759336313117720E-05 89134949	  18      -0.25       0.00  1.617818371386308E-01  6.759336313117720E-05 89134949	  18      -0.25       0.00  1.589435860303775E-01  6.620626829241659E-05 89134949
  19       0.00       0.25  1.588602011462306E-01  6.743884791993270E-05 88658841	  19       0.00       0.25  1.588602011462306E-01  6.743884791993270E-05 88658841	  19       0.00       0.25  1.554510121328276E-01  6.589074752716138E-05 88658841	  19       0.00       0.25  1.554510121328276E-01  6.589074752716138E-05 88658841	  19       0.00       0.25  1.617009409289479E-01  6.884611073848163E-05 88658841	  19       0.00       0.25  1.617009409289479E-01  6.884611073848163E-05 88658841	  19       0.00       0.25  1.588602011462306E-01  6.743884791993270E-05 88658841
  20       0.25       0.50  1.783079191531939E-01  7.854710058938217E-05 90991850	  20       0.25       0.50  1.783079191531939E-01  7.854710058938217E-05 90991850	  20       0.25       0.50  1.744028248918244E-01  7.658708088704294E-05 90991850	  20       0.25       0.50  1.744028248918244E-01  7.658708088704294E-05 90991850	  20       0.25       0.50  1.816227033046198E-01  8.039893114595424E-05 90991850	  20       0.25       0.50  1.816227033046198E-01  8.039893114595424E-05 90991850	  20       0.25       0.50  1.783079191531939E-01  7.854710058938217E-05 90991850
  21       0.50       0.75  2.159862029339737E-01  9.649983860054820E-05 96137400	  21       0.50       0.75  2.159862029339737E-01  9.649983860054820E-05 96137400	  21       0.50       0.75  2.110611880667929E-01  9.383811338189002E-05 96137400	  21       0.50       0.75  2.110611880667929E-01  9.383811338189002E-05 96137400	  21       0.50       0.75  2.202916566199324E-01  9.911403640621284E-05 96137400	  21       0.50       0.75  2.202916566199324E-01  9.911403640621284E-05 96137400	  21       0.50       0.75  2.159862029339737E-01  9.649983860054820E-05 96137400
  22       0.75       1.00  2.698015885529690E-01  1.200550562272443E-04 104052978	  22       0.75       1.00  2.698015885529690E-01  1.200550562272443E-04 104052978	  22       0.75       1.00  2.632663939168881E-01  1.163326284472329E-04 104052978	  22       0.75       1.00  2.632663939168881E-01  1.163326284472329E-04 104052978	  22       0.75       1.00  2.757122929854688E-01  1.238436622738114E-04 104052978	  22       0.75       1.00  2.757122929854688E-01  1.238436622738114E-04 104052978	  22       0.75       1.00  2.698015885529690E-01  1.200550562272443E-04 104052978
  23       1.00       1.25  3.374998917619534E-01  1.480865269399167E-04 114707335	  23       1.00       1.25  3.374998917619534E-01  1.480865269399167E-04 114707335	  23       1.00       1.25  3.287076031737222E-01  1.429667422244052E-04 114707335	  23       1.00       1.25  3.287076031737222E-01  1.429667422244052E-04 114707335	  23       1.00       1.25  3.457157620648892E-01  1.534416111980372E-04 114707335	  23       1.00       1.25  3.457157620648892E-01  1.534416111980372E-04 114707335	  23       1.00       1.25  3.374998917619534E-01  1.480865269399167E-04 114707335
  24       1.25       1.50  4.158298266333594E-01  1.806981419609282E-04 127832067	  24       1.25       1.50  4.158298266333594E-01  1.806981419609282E-04 127832067	  24       1.25       1.50  4.040774185153026E-01  1.737632233198232E-04 127832067	  24       1.25       1.50  4.040774185153026E-01  1.737632233198232E-04 127832067	  24       1.25       1.50  4.271471815059077E-01  1.881156672308131E-04 127832067	  24       1.25       1.50  4.271471815059077E-01  1.881156672308131E-04 127832067	  24       1.25       1.50  4.158298266333594E-01  1.806981419609282E-04 127832067
  25       1.50       1.75  5.022475635018354E-01  2.182710015327825E-04 143646132	  25       1.50       1.75  5.022475635018354E-01  2.182710015327825E-04 143646132	  25       1.50       1.75  4.868214472068648E-01  2.090269824090414E-04 143646132	  25       1.50       1.75  4.868214472068648E-01  2.090269824090414E-04 143646132	  25       1.50       1.75  5.174996197661869E-01  2.283506463239770E-04 143646132	  25       1.50       1.75  5.174996197661869E-01  2.283506463239770E-04 143646132	  25       1.50       1.75  5.022475635018354E-01  2.182710015327825E-04 143646132
  26       1.75       2.00  5.935738654112975E-01  2.601651543240874E-04 160399333	  26       1.75       2.00  5.935738654112975E-01  2.601651543240874E-04 160399333	  26       1.75       2.00  5.737490531777625E-01  2.481324179667985E-04 160399333	  26       1.75       2.00  5.737490531777625E-01  2.481324179667985E-04 160399333	  26       1.75       2.00  6.136344764458685E-01  2.734827678258122E-04 160399333	  26       1.75       2.00  6.136344764458685E-01  2.734827678258122E-04 160399333	  26       1.75       2.00  5.935738654112975E-01  2.601651543240874E-04 160399333
  27       2.00       2.25  6.864184137450364E-01  3.067542167481593E-04 176233530	  27       2.00       2.25  6.864184137450364E-01  3.067542167481593E-04 176233530	  27       2.00       2.25  6.615351819863029E-01  2.913649446442761E-04 176233530	  27       2.00       2.25  6.615351819863029E-01  2.913649446442761E-04 176233530	  27       2.00       2.25  7.121080912689870E-01  3.240016137039838E-04 176233530	  27       2.00       2.25  7.121080912689870E-01  3.240016137039838E-04 176233530	  27       2.00       2.25  6.864184137450364E-01  3.067542167481593E-04 176233530
  28       2.25       2.50  7.758934929777215E-01  3.567044647911107E-04 190747011	  28       2.25       2.50  7.758934929777215E-01  3.567044647911107E-04 190747011	  28       2.25       2.50  7.454179869235945E-01  3.372594267603923E-04 190747011	  28       2.25       2.50  7.454179869235945E-01  3.372594267603923E-04 190747011	  28       2.25       2.50  8.079093378708716E-01  3.787658480997166E-04 190747011	  28       2.25       2.50  8.079093378708716E-01  3.787658480997166E-04 190747011	  28       2.25       2.50  7.758934929777215E-01  3.567044647911107E-04 190747011
  29       2.50       2.75  8.568422888715609E-01  4.073608303734598E-04 203481770	  29       2.50       2.75  8.568422888715609E-01  4.073608303734598E-04 203481770	  29       2.50       2.75  8.204500494267356E-01  3.834502447591427E-04 203481770	  29       2.50       2.75  8.204500494267356E-01  3.834502447591427E-04 203481770	  29       2.50       2.75  8.956581300155906E-01  4.347529792567613E-04 203481770	  29       2.50       2.75  8.956581300155906E-01  4.347529792567613E-04 203481770	  29       2.50       2.75  8.568422888715609E-01  4.073608303734598E-04 203481770
  30       2.75       3.00  9.203677972862705E-01  4.529804995388571E-04 213880332	  30       2.75       3.00  9.203677972862705E-01  4.529804995388571E-04 213880332	  30       2.75       3.00  8.781943744877658E-01  4.245155340938316E-04 213880332	  30       2.75       3.00  8.781943744877658E-01  4.245155340938316E-04 213880332	  30       2.75       3.00  9.659489330465992E-01  4.858786975743119E-04 213880332	  30       2.75       3.00  9.659489330465992E-01  4.858786975743119E-04 213880332	  30       2.75       3.00  9.203677972862705E-01  4.529804995388571E-04 213880332
  31       3.00       3.25  9.565391304649233E-01  4.929422127153815E-04 221398481	  31       3.00       3.25  9.565391304649233E-01  4.929422127153815E-04 221398481	  31       3.00       3.25  9.092574380892682E-01  4.596344173405686E-04 221398481	  31       3.00       3.25  9.092574380892682E-01  4.596344173405686E-04 221398481	  31       3.00       3.25  1.008259190908225E+00  5.317901511218796E-04 221398481	  31       3.00       3.25  1.008259190908225E+00  5.317901511218796E-04 221398481	  31       3.00       3.25  9.565391304649233E-01  4.929422127153815E-04 221398481
  32       3.25       3.50  9.562955577642706E-01  5.201822413851877E-04 225335768	  32       3.25       3.50  9.562955577642706E-01  5.201822413851877E-04 225335768	  32       3.25       3.50  9.053656975524587E-01  4.826271252313467E-04 225335768	  32       3.25       3.50  9.053656975524587E-01  4.826271252313467E-04 225335768	  32       3.25       3.50  1.012617397471301E+00  5.643633231951817E-04 225335768	  32       3.25       3.50  1.012617397471301E+00  5.643633231951817E-04 225335768	  32       3.25       3.50  9.562955577642706E-01  5.201822413851877E-04 225335768
  33       3.50       3.75  9.144952069171588E-01  5.364289974837898E-04 224994254	  33       3.50       3.75  9.144952069171588E-01  5.364289974837898E-04 224994254	  33       3.50       3.75  8.619835959664375E-01  4.940936112872137E-04 224994254	  33       3.50       3.75  8.619835959664375E-01  4.940936112872137E-04 224994254	  33       3.50       3.75  9.731778948288236E-01  5.869199110566981E-04 224994254	  33       3.50       3.75  9.731778948288236E-01  5.869199110566981E-04 224994254	  33       3.50       3.75  9.144952069171588E-01  5.364289974837898E-04 224994254
  34       3.75       4.00  8.291622882486975E-01  5.228856675215363E-04 219523391	  34       3.75       4.00  8.291622882486975E-01  5.228856675215363E-04 219523391	  34       3.75       4.00  7.779074623094737E-01  4.800472158060469E-04 219523391	  34       3.75       4.00  7.779074623094737E-01  4.800472158060469E-04 219523391	  34       3.75       4.00  8.870047082862816E-01  5.741008530559032E-04 219523391	  34       3.75       4.00  8.870047082862816E-01  5.741008530559032E-04 219523391	  34       3.75       4.00  8.291622882486975E-01  5.228856675215363E-04 219523391
  35       4.00       4.25  0.000000000000000E+00  0.000000000000000E+00 0	  35       4.00       4.25  0.000000000000000E+00  0.000000000000000E+00 0	  35       4.00       4.25  0.000000000000000E+00  0.000000000000000E+00 0	  35       4.00       4.25  0.000000000000000E+00  0.000000000000000E+00 0	  35       4.00       4.25  0.000000000000000E+00  0.000000000000000E+00 0	  35       4.00       4.25  0.000000000000000E+00  0.000000000000000E+00 0	  35       4.00       4.25  0.000000000000000E+00  0.000000000000000E+00 0
  36       4.25       4.50  0.000000000000000E+00  0.000000000000000E+00 0	  36       4.25       4.50  0.000000000000000E+00  0.000000000000000E+00 0	  36       4.25       4.50  0.000000000000000E+00  0.000000000000000E+00 0	  36       4.25       4.50  0.000000000000000E+00  0.000000000000000E+00 0	  36       4.25       4.50  0.000000000000000E+00  0.000000000000000E+00 0	  36       4.25       4.50  0.000000000000000E+00  0.000000000000000E+00 0	  36       4.25       4.50  0.000000000000000E+00  0.000000000000000E+00 0
# Underflow:                 0.0000000000000000E+00  0.0000000000000000E+00 0
# Overflow:                  0.0000000000000000E+00  0.0000000000000000E+00 0
#-------------------------------------------------------------------------------------	#-------------------------------------------------------------------------------------	#-------------------------------------------------------------------------------------	#-------------------------------------------------------------------------------------	#-------------------------------------------------------------------------------------	#-------------------------------------------------------------------------------------	#-------------------------------------------------------------------------------------
# Sum:                       5.2751646661192408E-01  8.4875164933798745E-05 508479000
#=====================================================================================	#=====================================================================================	#=====================================================================================	#=====================================================================================	#=====================================================================================	#=====================================================================================	#=====================================================================================
