# title = Rapidity Neutrino mu
# xlabel = $y_{\nu_{\mu}}$
# ylabel = $\frac{\text{d}\sigma}{\text{d}y_{\nu_{\mu}}}\,[\text{fb}]$
# xmin= -2.500E+00
# xmax=  2.500E+00
# ymin=  1.000E-04
# ymax=  6.000E-01
# kmin= -2.000E+01
# kmax=  1.000E+01
# logscale = false
# Renormalization and factorization scale scaled by: 1.0000000000
# Renormalization scaled by: 1.0000000000
# Number of generated events: 7099658501
#	#	#	#	#	#	#
#=====================================================================================	#=====================================================================================	#=====================================================================================	#=====================================================================================	#=====================================================================================	#=====================================================================================	#=====================================================================================
# No.       Left      Right                   Value                   Error Hits
#-------------------------------------------------------------------------------------	#-------------------------------------------------------------------------------------	#-------------------------------------------------------------------------------------	#-------------------------------------------------------------------------------------	#-------------------------------------------------------------------------------------	#-------------------------------------------------------------------------------------	#-------------------------------------------------------------------------------------
   1      -5.00      -4.90  3.652647540690417E-03  3.728421837015158E-05 986656	   1      -5.00      -4.90  3.652647540690417E-03  3.728421837015158E-05 986656	   1      -5.00      -4.90  3.441595929490217E-03  3.412626512830863E-05 986656	   1      -5.00      -4.90  3.441595929490217E-03  3.412626512830863E-05 986656	   1      -5.00      -4.90  3.886384969613598E-03  4.107675109569190E-05 986656	   1      -5.00      -4.90  3.886384969613598E-03  4.107675109569190E-05 986656	   1      -5.00      -4.90  3.652647540690417E-03  3.728421837015158E-05 986656
   2      -4.90      -4.80  4.499603757893118E-03  3.384481636275304E-05 1195844	   2      -4.90      -4.80  4.499603757893118E-03  3.384481636275304E-05 1195844	   2      -4.90      -4.80  4.242899427464732E-03  3.094757703460914E-05 1195844	   2      -4.90      -4.80  4.242899427464732E-03  3.094757703460914E-05 1195844	   2      -4.90      -4.80  4.783023051217111E-03  3.734104482687759E-05 1195844	   2      -4.90      -4.80  4.783023051217111E-03  3.734104482687759E-05 1195844	   2      -4.90      -4.80  4.499603757893118E-03  3.384481636275304E-05 1195844
   3      -4.80      -4.70  5.711040115718900E-03  4.752493539217051E-05 1447298	   3      -4.80      -4.70  5.711040115718900E-03  4.752493539217051E-05 1447298	   3      -4.80      -4.70  5.383469177124289E-03  4.328706750583722E-05 1447298	   3      -4.80      -4.70  5.383469177124289E-03  4.328706750583722E-05 1447298	   3      -4.80      -4.70  6.073194569573828E-03  5.266942576611293E-05 1447298	   3      -4.80      -4.70  6.073194569573828E-03  5.266942576611293E-05 1447298	   3      -4.80      -4.70  5.711040115718900E-03  4.752493539217051E-05 1447298
   4      -4.70      -4.60  7.163345942624508E-03  6.757306610465494E-05 1750261	   4      -4.70      -4.60  7.163345942624508E-03  6.757306610465494E-05 1750261	   4      -4.70      -4.60  6.753059893992477E-03  6.074586225758450E-05 1750261	   4      -4.70      -4.60  6.753059893992477E-03  6.074586225758450E-05 1750261	   4      -4.70      -4.60  7.616896452447201E-03  7.595833731290828E-05 1750261	   4      -4.70      -4.60  7.616896452447201E-03  7.595833731290828E-05 1750261	   4      -4.70      -4.60  7.163345942624508E-03  6.757306610465494E-05 1750261
   5      -4.60      -4.50  8.958214525980852E-03  5.381033646195243E-05 2106636	   5      -4.60      -4.50  8.958214525980852E-03  5.381033646195243E-05 2106636	   5      -4.60      -4.50  8.448258623804356E-03  4.925671881421722E-05 2106636	   5      -4.60      -4.50  8.448258623804356E-03  4.925671881421722E-05 2106636	   5      -4.60      -4.50  9.521184481467937E-03  5.928512847417237E-05 2106636	   5      -4.60      -4.50  9.521184481467937E-03  5.928512847417237E-05 2106636	   5      -4.60      -4.50  8.958214525980852E-03  5.381033646195243E-05 2106636
   6      -4.50      -4.40  1.131932317551091E-02  6.349350207554678E-05 2532380	   6      -4.50      -4.40  1.131932317551091E-02  6.349350207554678E-05 2532380	   6      -4.50      -4.40  1.067097666316568E-02  5.761747289959633E-05 2532380	   6      -4.50      -4.40  1.067097666316568E-02  5.761747289959633E-05 2532380	   6      -4.50      -4.40  1.203634546598204E-02  7.073341238650429E-05 2532380	   6      -4.50      -4.40  1.203634546598204E-02  7.073341238650429E-05 2532380	   6      -4.50      -4.40  1.131932317551091E-02  6.349350207554678E-05 2532380
   7      -4.40      -4.30  1.421461942554411E-02  8.029027601840567E-05 3037276	   7      -4.40      -4.30  1.421461942554411E-02  8.029027601840567E-05 3037276	   7      -4.40      -4.30  1.340941793750300E-02  7.370578760690244E-05 3037276	   7      -4.40      -4.30  1.340941793750300E-02  7.370578760690244E-05 3037276	   7      -4.40      -4.30  1.510277271462915E-02  8.814509305121528E-05 3037276	   7      -4.40      -4.30  1.510277271462915E-02  8.814509305121528E-05 3037276	   7      -4.40      -4.30  1.421461942554411E-02  8.029027601840567E-05 3037276
   8      -4.30      -4.20  1.767074252957083E-02  8.345123719117639E-05 3623430	   8      -4.30      -4.20  1.767074252957083E-02  8.345123719117639E-05 3623430	   8      -4.30      -4.20  1.667436823419358E-02  7.632611112836436E-05 3623430	   8      -4.30      -4.20  1.667436823419358E-02  7.632611112836436E-05 3623430	   8      -4.30      -4.20  1.876880480728846E-02  9.200368250926390E-05 3623430	   8      -4.30      -4.20  1.876880480728846E-02  9.200368250926390E-05 3623430	   8      -4.30      -4.20  1.767074252957083E-02  8.345123719117639E-05 3623430
   9      -4.20      -4.10  2.188239163477159E-02  1.072456358124368E-04 4311188	   9      -4.20      -4.10  2.188239163477159E-02  1.072456358124368E-04 4311188	   9      -4.20      -4.10  2.065785487560123E-02  9.809497932868304E-05 4311188	   9      -4.20      -4.10  2.065785487560123E-02  9.809497932868304E-05 4311188	   9      -4.20      -4.10  2.323021252783227E-02  1.182028830992681E-04 4311188	   9      -4.20      -4.10  2.323021252783227E-02  1.182028830992681E-04 4311188	   9      -4.20      -4.10  2.188239163477159E-02  1.072456358124368E-04 4311188
  10      -4.10      -4.00  2.720133197629768E-02  1.183594393828363E-04 5113758	  10      -4.10      -4.00  2.720133197629768E-02  1.183594393828363E-04 5113758	  10      -4.10      -4.00  2.568484009020712E-02  1.083440176535468E-04 5113758	  10      -4.10      -4.00  2.568484009020712E-02  1.083440176535468E-04 5113758	  10      -4.10      -4.00  2.887058906437519E-02  1.303681874400400E-04 5113758	  10      -4.10      -4.00  2.887058906437519E-02  1.303681874400400E-04 5113758	  10      -4.10      -4.00  2.720133197629768E-02  1.183594393828363E-04 5113758
  11      -4.00      -3.90  3.372302573878463E-02  1.242785056330543E-04 6036555	  11      -4.00      -3.90  3.372302573878463E-02  1.242785056330543E-04 6036555	  11      -4.00      -3.90  3.185213179275784E-02  1.137398635171103E-04 6036555	  11      -4.00      -3.90  3.185213179275784E-02  1.137398635171103E-04 6036555	  11      -4.00      -3.90  3.578128000412160E-02  1.369333749881301E-04 6036555	  11      -4.00      -3.90  3.578128000412160E-02  1.369333749881301E-04 6036555	  11      -4.00      -3.90  3.372302573878463E-02  1.242785056330543E-04 6036555
  12      -3.90      -3.80  4.146657144933586E-02  1.525879920830710E-04 7101524	  12      -3.90      -3.80  4.146657144933586E-02  1.525879920830710E-04 7101524	  12      -3.90      -3.80  3.919013782524651E-02  1.400419522200773E-04 7101524	  12      -3.90      -3.80  3.919013782524651E-02  1.400419522200773E-04 7101524	  12      -3.90      -3.80  4.396735641411670E-02  1.675858411767168E-04 7101524	  12      -3.90      -3.80  4.396735641411670E-02  1.675858411767168E-04 7101524	  12      -3.90      -3.80  4.146657144933586E-02  1.525879920830710E-04 7101524
  13      -3.80      -3.70  5.084034257200842E-02  1.758784028946112E-04 8321973	  13      -3.80      -3.70  5.084034257200842E-02  1.758784028946112E-04 8321973	  13      -3.80      -3.70  4.806717599055731E-02  1.614863514433098E-04 8321973	  13      -3.80      -3.70  4.806717599055731E-02  1.614863514433098E-04 8321973	  13      -3.80      -3.70  5.388506294765038E-02  1.930822610669939E-04 8321973	  13      -3.80      -3.70  5.388506294765038E-02  1.930822610669939E-04 8321973	  13      -3.80      -3.70  5.084034257200842E-02  1.758784028946112E-04 8321973
  14      -3.70      -3.60  6.170019055490590E-02  2.030613459135210E-04 9716179	  14      -3.70      -3.60  6.170019055490590E-02  2.030613459135210E-04 9716179	  14      -3.70      -3.60  5.835137616744351E-02  1.859094545205022E-04 9716179	  14      -3.70      -3.60  5.835137616744351E-02  1.859094545205022E-04 9716179	  14      -3.70      -3.60  6.537627488629558E-02  2.236282633568483E-04 9716179	  14      -3.70      -3.60  6.537627488629558E-02  2.236282633568483E-04 9716179	  14      -3.70      -3.60  6.170019055490590E-02  2.030613459135210E-04 9716179
  15      -3.60      -3.50  7.466021689102896E-02  2.206888286283706E-04 11299074	  15      -3.60      -3.50  7.466021689102896E-02  2.206888286283706E-04 11299074	  15      -3.60      -3.50  7.063947310215775E-02  2.024503854376446E-04 11299074	  15      -3.60      -3.50  7.063947310215775E-02  2.024503854376446E-04 11299074	  15      -3.60      -3.50  7.907090372982421E-02  2.425343762598200E-04 11299074	  15      -3.60      -3.50  7.907090372982421E-02  2.425343762598200E-04 11299074	  15      -3.60      -3.50  7.466021689102896E-02  2.206888286283706E-04 11299074
  16      -3.50      -3.40  8.979340314951664E-02  2.488938065271849E-04 13075074	  16      -3.50      -3.40  8.979340314951664E-02  2.488938065271849E-04 13075074	  16      -3.50      -3.40  8.501868850233679E-02  2.279443398738872E-04 13075074	  16      -3.50      -3.40  8.501868850233679E-02  2.279443398738872E-04 13075074	  16      -3.50      -3.40  9.502211969743887E-02  2.740931426924042E-04 13075074	  16      -3.50      -3.40  9.502211969743887E-02  2.740931426924042E-04 13075074	  16      -3.50      -3.40  8.979340314951664E-02  2.488938065271849E-04 13075074
  17      -3.40      -3.30  1.074079112557277E-01  2.767680879666563E-04 15106831	  17      -3.40      -3.30  1.074079112557277E-01  2.767680879666563E-04 15106831	  17      -3.40      -3.30  1.017398041244993E-01  2.543142758930303E-04 15106831	  17      -3.40      -3.30  1.017398041244993E-01  2.543142758930303E-04 15106831	  17      -3.40      -3.30  1.136109793375431E-01  3.036119174380592E-04 15106831	  17      -3.40      -3.30  1.136109793375431E-01  3.036119174380592E-04 15106831	  17      -3.40      -3.30  1.074079112557277E-01  2.767680879666563E-04 15106831
  18      -3.30      -3.20  1.270705551601555E-01  3.114764652897786E-04 17392290	  18      -3.30      -3.20  1.270705551601555E-01  3.114764652897786E-04 17392290	  18      -3.30      -3.20  1.204345731124819E-01  2.853238551867936E-04 17392290	  18      -3.30      -3.20  1.204345731124819E-01  2.853238551867936E-04 17392290	  18      -3.30      -3.20  1.343251895157252E-01  3.429796960342889E-04 17392290	  18      -3.30      -3.20  1.343251895157252E-01  3.429796960342889E-04 17392290	  18      -3.30      -3.20  1.270705551601555E-01  3.114764652897786E-04 17392290
  19      -3.20      -3.10  1.502497398462098E-01  3.434978141004584E-04 19941592	  19      -3.20      -3.10  1.502497398462098E-01  3.434978141004584E-04 19941592	  19      -3.20      -3.10  1.424337708134941E-01  3.150985462445524E-04 19941592	  19      -3.20      -3.10  1.424337708134941E-01  3.150985462445524E-04 19941592	  19      -3.20      -3.10  1.587960353395294E-01  3.776166784298925E-04 19941592	  19      -3.20      -3.10  1.587960353395294E-01  3.776166784298925E-04 19941592	  19      -3.20      -3.10  1.502497398462098E-01  3.434978141004584E-04 19941592
  20      -3.10      -3.00  1.746524796986313E-01  3.780827434825986E-04 22742595	  20      -3.10      -3.00  1.746524796986313E-01  3.780827434825986E-04 22742595	  20      -3.10      -3.00  1.657192534988207E-01  3.473564133433376E-04 22742595	  20      -3.10      -3.00  1.657192534988207E-01  3.473564133433376E-04 22742595	  20      -3.10      -3.00  1.843941583701479E-01  4.148443898242726E-04 22742595	  20      -3.10      -3.00  1.843941583701479E-01  4.148443898242726E-04 22742595	  20      -3.10      -3.00  1.746524796986313E-01  3.780827434825986E-04 22742595
  21      -3.00      -2.90  2.027770888066446E-01  4.071730121372315E-04 25828283	  21      -3.00      -2.90  2.027770888066446E-01  4.071730121372315E-04 25828283	  21      -3.00      -2.90  1.925194371703155E-01  3.749157936277588E-04 25828283	  21      -3.00      -2.90  1.925194371703155E-01  3.749157936277588E-04 25828283	  21      -3.00      -2.90  2.139501765904688E-01  4.456474185508027E-04 25828283	  21      -3.00      -2.90  2.139501765904688E-01  4.456474185508027E-04 25828283	  21      -3.00      -2.90  2.027770888066446E-01  4.071730121372315E-04 25828283
  22      -2.90      -2.80  2.331128523955716E-01  4.373470582179024E-04 29159530	  22      -2.90      -2.80  2.331128523955716E-01  4.373470582179024E-04 29159530	  22      -2.90      -2.80  2.214317533728974E-01  4.026689386640126E-04 29159530	  22      -2.90      -2.80  2.214317533728974E-01  4.026689386640126E-04 29159530	  22      -2.90      -2.80  2.458256570129416E-01  4.787369501806654E-04 29159530	  22      -2.90      -2.80  2.458256570129416E-01  4.787369501806654E-04 29159530	  22      -2.90      -2.80  2.331128523955716E-01  4.373470582179024E-04 29159530
  23      -2.80      -2.70  2.678167647708763E-01  4.840264212417337E-04 32721292	  23      -2.80      -2.70  2.678167647708763E-01  4.840264212417337E-04 32721292	  23      -2.80      -2.70  2.545127818072819E-01  4.459845948225597E-04 32721292	  23      -2.80      -2.70  2.545127818072819E-01  4.459845948225597E-04 32721292	  23      -2.80      -2.70  2.822846505802829E-01  5.293773346088057E-04 32721292	  23      -2.80      -2.70  2.822846505802829E-01  5.293773346088057E-04 32721292	  23      -2.80      -2.70  2.678167647708763E-01  4.840264212417337E-04 32721292
  24      -2.70      -2.60  3.025803392732441E-01  4.918341515093549E-04 36492576	  24      -2.70      -2.60  3.025803392732441E-01  4.918341515093549E-04 36492576	  24      -2.70      -2.60  2.877548257799756E-01  4.542016651748832E-04 36492576	  24      -2.70      -2.60  2.877548257799756E-01  4.542016651748832E-04 36492576	  24      -2.70      -2.60  3.186719211429319E-01  5.364718052013600E-04 36492576	  24      -2.70      -2.60  3.186719211429319E-01  5.364718052013600E-04 36492576	  24      -2.70      -2.60  3.025803392732441E-01  4.918341515093549E-04 36492576
  25      -2.60      -2.50  3.403650151591880E-01  5.243461167356154E-04 40475865	  25      -2.60      -2.50  3.403650151591880E-01  5.243461167356154E-04 40475865	  25      -2.60      -2.50  3.238914151468560E-01  4.848952040195323E-04 40475865	  25      -2.60      -2.50  3.238914151468560E-01  4.848952040195323E-04 40475865	  25      -2.60      -2.50  3.582189653444672E-01  5.710784843909983E-04 40475865	  25      -2.60      -2.50  3.582189653444672E-01  5.710784843909983E-04 40475865	  25      -2.60      -2.50  3.403650151591880E-01  5.243461167356154E-04 40475865
  26      -2.50      -2.40  3.801621085806225E-01  5.839829717986157E-04 44633572	  26      -2.50      -2.40  3.801621085806225E-01  5.839829717986157E-04 44633572	  26      -2.50      -2.40  3.619351327658174E-01  5.360016696923798E-04 44633572	  26      -2.50      -2.40  3.619351327658174E-01  5.360016696923798E-04 44633572	  26      -2.50      -2.40  3.998981096370841E-01  6.418222977013562E-04 44633572	  26      -2.50      -2.40  3.998981096370841E-01  6.418222977013562E-04 44633572	  26      -2.50      -2.40  3.801621085806225E-01  5.839829717986157E-04 44633572
  27      -2.40      -2.30  4.214295984790058E-01  5.579348714686935E-04 48940112	  27      -2.40      -2.30  4.214295984790058E-01  5.579348714686935E-04 48940112	  27      -2.40      -2.30  4.015231087996877E-01  5.168812401247370E-04 48940112	  27      -2.40      -2.30  4.015231087996877E-01  5.168812401247370E-04 48940112	  27      -2.40      -2.30  4.429408754802600E-01  6.065294596622187E-04 48940112	  27      -2.40      -2.30  4.429408754802600E-01  6.065294596622187E-04 48940112	  27      -2.40      -2.30  4.214295984790058E-01  5.579348714686935E-04 48940112
  28      -2.30      -2.20  4.647012908084254E-01  5.852870805537675E-04 53377083	  28      -2.30      -2.20  4.647012908084254E-01  5.852870805537675E-04 53377083	  28      -2.30      -2.20  4.430010026703547E-01  5.430453975628278E-04 53377083	  28      -2.30      -2.20  4.430010026703547E-01  5.430453975628278E-04 53377083	  28      -2.30      -2.20  4.881159842705212E-01  6.351124192225212E-04 53377083	  28      -2.30      -2.20  4.881159842705212E-01  6.351124192225212E-04 53377083	  28      -2.30      -2.20  4.647012908084254E-01  5.852870805537675E-04 53377083
  29      -2.20      -2.10  5.100311127130356E-01  5.995577449787408E-04 57908532	  29      -2.20      -2.10  5.100311127130356E-01  5.995577449787408E-04 57908532	  29      -2.20      -2.10  4.864929719795859E-01  5.568530732939436E-04 57908532	  29      -2.20      -2.10  4.864929719795859E-01  5.568530732939436E-04 57908532	  29      -2.20      -2.10  5.353920096520163E-01  6.498699686559954E-04 57908532	  29      -2.20      -2.10  5.353920096520163E-01  6.498699686559954E-04 57908532	  29      -2.20      -2.10  5.100311127130356E-01  5.995577449787408E-04 57908532
  30      -2.10      -2.00  5.547917531246728E-01  6.367933589463106E-04 62516245	  30      -2.10      -2.00  5.547917531246728E-01  6.367933589463106E-04 62516245	  30      -2.10      -2.00  5.295003078403445E-01  5.923502264734329E-04 62516245	  30      -2.10      -2.00  5.295003078403445E-01  5.923502264734329E-04 62516245	  30      -2.10      -2.00  5.819964079547233E-01  6.888629132267593E-04 62516245	  30      -2.10      -2.00  5.819964079547233E-01  6.888629132267593E-04 62516245	  30      -2.10      -2.00  5.547917531246728E-01  6.367933589463106E-04 62516245
  31      -2.00      -1.90  6.011748569916294E-01  6.410229557092558E-04 67160457	  31      -2.00      -1.90  6.011748569916294E-01  6.410229557092558E-04 67160457	  31      -2.00      -1.90  5.740612198455055E-01  5.964533734636619E-04 67160457	  31      -2.00      -1.90  5.740612198455055E-01  5.964533734636619E-04 67160457	  31      -2.00      -1.90  6.302987337055906E-01  6.932954535736368E-04 67160457	  31      -2.00      -1.90  6.302987337055906E-01  6.932954535736368E-04 67160457	  31      -2.00      -1.90  6.011748569916294E-01  6.410229557092558E-04 67160457
  32      -1.90      -1.80  6.469114422456640E-01  6.413225528881939E-04 71808344	  32      -1.90      -1.80  6.469114422456640E-01  6.413225528881939E-04 71808344	  32      -1.90      -1.80  6.180598701740462E-01  5.970890762865780E-04 71808344	  32      -1.90      -1.80  6.180598701740462E-01  5.970890762865780E-04 71808344	  32      -1.90      -1.80  6.778580313521528E-01  6.932452259728821E-04 71808344	  32      -1.90      -1.80  6.778580313521528E-01  6.932452259728821E-04 71808344	  32      -1.90      -1.80  6.469114422456640E-01  6.413225528881939E-04 71808344
  33      -1.80      -1.70  6.934558676058377E-01  6.556928692143895E-04 76455545	  33      -1.80      -1.70  6.934558676058377E-01  6.556928692143895E-04 76455545	  33      -1.80      -1.70  6.628553646956250E-01  6.109280997178354E-04 76455545	  33      -1.80      -1.70  6.628553646956250E-01  6.109280997178354E-04 76455545	  33      -1.80      -1.70  7.262312805073950E-01  7.081229666830125E-04 76455545	  33      -1.80      -1.70  7.262312805073950E-01  7.081229666830125E-04 76455545	  33      -1.80      -1.70  6.934558676058377E-01  6.556928692143895E-04 76455545
  34      -1.70      -1.60  7.383766496360590E-01  6.559587698304543E-04 81042891	  34      -1.70      -1.60  7.383766496360590E-01  6.559587698304543E-04 81042891	  34      -1.70      -1.60  7.061135097727923E-01  6.121593181667765E-04 81042891	  34      -1.70      -1.60  7.061135097727923E-01  6.121593181667765E-04 81042891	  34      -1.70      -1.60  7.728862932700153E-01  7.071037830967436E-04 81042891	  34      -1.70      -1.60  7.728862932700153E-01  7.071037830967436E-04 81042891	  34      -1.70      -1.60  7.383766496360590E-01  6.559587698304543E-04 81042891
  35      -1.60      -1.50  7.830170552782526E-01  6.612034255391162E-04 85557138	  35      -1.60      -1.50  7.830170552782526E-01  6.612034255391162E-04 85557138	  35      -1.60      -1.50  7.491528408579772E-01  6.172495717392990E-04 85557138	  35      -1.60      -1.50  7.491528408579772E-01  6.172495717392990E-04 85557138	  35      -1.60      -1.50  8.191888050831998E-01  7.125836191802325E-04 85557138	  35      -1.60      -1.50  8.191888050831998E-01  7.125836191802325E-04 85557138	  35      -1.60      -1.50  7.830170552782526E-01  6.612034255391162E-04 85557138
  36      -1.50      -1.40  8.277693617829920E-01  6.684304382919862E-04 89945151	  36      -1.50      -1.40  8.277693617829920E-01  6.684304382919862E-04 89945151	  36      -1.50      -1.40  7.922741925571030E-01  6.244397817716820E-04 89945151	  36      -1.50      -1.40  7.922741925571030E-01  6.244397817716820E-04 89945151	  36      -1.50      -1.40  8.656395987645995E-01  7.197715265979262E-04 89945151	  36      -1.50      -1.40  8.656395987645995E-01  7.197715265979262E-04 89945151	  36      -1.50      -1.40  8.277693617829920E-01  6.684304382919862E-04 89945151
  37      -1.40      -1.30  8.699186723818784E-01  6.695965603426816E-04 94225092	  37      -1.40      -1.30  8.699186723818784E-01  6.695965603426816E-04 94225092	  37      -1.40      -1.30  8.329645467525671E-01  6.258568136776232E-04 94225092	  37      -1.40      -1.30  8.329645467525671E-01  6.258568136776232E-04 94225092	  37      -1.40      -1.30  9.092931980249352E-01  7.206119239481819E-04 94225092	  37      -1.40      -1.30  9.092931980249352E-01  7.206119239481819E-04 94225092	  37      -1.40      -1.30  8.699186723818784E-01  6.695965603426816E-04 94225092
  38      -1.30      -1.20  9.103659088975004E-01  6.715517688333706E-04 98321858	  38      -1.30      -1.20  9.103659088975004E-01  6.715517688333706E-04 98321858	  38      -1.30      -1.20  8.720386067288670E-01  6.282522934260583E-04 98321858	  38      -1.30      -1.20  8.720386067288670E-01  6.282522934260583E-04 98321858	  38      -1.30      -1.20  9.511491624348931E-01  7.219823688698888E-04 98321858	  38      -1.30      -1.20  9.511491624348931E-01  7.219823688698888E-04 98321858	  38      -1.30      -1.20  9.103659088975004E-01  6.715517688333706E-04 98321858
  39      -1.20      -1.10  9.480284993917714E-01  6.631625503438718E-04 102223844	  39      -1.20      -1.10  9.480284993917714E-01  6.631625503438718E-04 102223844	  39      -1.20      -1.10  9.084644620206134E-01  6.209549987046896E-04 102223844	  39      -1.20      -1.10  9.084644620206134E-01  6.209549987046896E-04 102223844	  39      -1.20      -1.10  9.900717394998061E-01  7.122548433648770E-04 102223844	  39      -1.20      -1.10  9.900717394998061E-01  7.122548433648770E-04 102223844	  39      -1.20      -1.10  9.480284993917714E-01  6.631625503438718E-04 102223844
  40      -1.10      -1.00  9.847203526899567E-01  6.569810085662877E-04 105897291	  40      -1.10      -1.00  9.847203526899567E-01  6.569810085662877E-04 105897291	  40      -1.10      -1.00  9.439187022413468E-01  6.158468760721731E-04 105897291	  40      -1.10      -1.00  9.439187022413468E-01  6.158468760721731E-04 105897291	  40      -1.10      -1.00  1.028033809556307E+00  7.047605781753665E-04 105897291	  40      -1.10      -1.00  1.028033809556307E+00  7.047605781753665E-04 105897291	  40      -1.10      -1.00  9.847203526899567E-01  6.569810085662877E-04 105897291
  41      -1.00      -0.90  1.019389370251318E+00  6.623171769004594E-04 109336934	  41      -1.00      -0.90  1.019389370251318E+00  6.623171769004594E-04 109336934	  41      -1.00      -0.90  9.773741854257239E-01  6.198694386971438E-04 109336934	  41      -1.00      -0.90  9.773741854257239E-01  6.198694386971438E-04 109336934	  41      -1.00      -0.90  1.063958301153013E+00  7.119002430357432E-04 109336934	  41      -1.00      -0.90  1.063958301153013E+00  7.119002430357432E-04 109336934	  41      -1.00      -0.90  1.019389370251318E+00  6.623171769004594E-04 109336934
  42      -0.90      -0.80  1.049097214896593E+00  6.552738662064709E-04 112492850	  42      -0.90      -0.80  1.049097214896593E+00  6.552738662064709E-04 112492850	  42      -0.90      -0.80  1.006196938243696E+00  6.148875514780129E-04 112492850	  42      -0.90      -0.80  1.006196938243696E+00  6.148875514780129E-04 112492850	  42      -0.90      -0.80  1.094545561331796E+00  7.020444582950087E-04 112492850	  42      -0.90      -0.80  1.094545561331796E+00  7.020444582950087E-04 112492850	  42      -0.90      -0.80  1.049097214896593E+00  6.552738662064709E-04 112492850
  43      -0.80      -0.70  1.076820114977939E+00  6.498746448280123E-04 115346965	  43      -0.80      -0.70  1.076820114977939E+00  6.498746448280123E-04 115346965	  43      -0.80      -0.70  1.033026984440645E+00  6.096945738491756E-04 115346965	  43      -0.80      -0.70  1.033026984440645E+00  6.096945738491756E-04 115346965	  43      -0.80      -0.70  1.123177519904092E+00  6.965300203182834E-04 115346965	  43      -0.80      -0.70  1.123177519904092E+00  6.965300203182834E-04 115346965	  43      -0.80      -0.70  1.076820114977939E+00  6.498746448280123E-04 115346965
  44      -0.70      -0.60  1.102441788038098E+00  6.496859672967775E-04 117900466	  44      -0.70      -0.60  1.102441788038098E+00  6.496859672967775E-04 117900466	  44      -0.70      -0.60  1.057816642421755E+00  6.101276995817722E-04 117900466	  44      -0.70      -0.60  1.057816642421755E+00  6.101276995817722E-04 117900466	  44      -0.70      -0.60  1.149645476330041E+00  6.954236426366553E-04 117900466	  44      -0.70      -0.60  1.149645476330041E+00  6.954236426366553E-04 117900466	  44      -0.70      -0.60  1.102441788038098E+00  6.496859672967775E-04 117900466
  45      -0.60      -0.50  1.123827297656868E+00  6.377986261216634E-04 120133274	  45      -0.60      -0.50  1.123827297656868E+00  6.377986261216634E-04 120133274	  45      -0.60      -0.50  1.078519422847044E+00  5.992587601781687E-04 120133274	  45      -0.60      -0.50  1.078519422847044E+00  5.992587601781687E-04 120133274	  45      -0.60      -0.50  1.171723738014683E+00  6.824080344071289E-04 120133274	  45      -0.60      -0.50  1.171723738014683E+00  6.824080344071289E-04 120133274	  45      -0.60      -0.50  1.123827297656868E+00  6.377986261216634E-04 120133274
  46      -0.50      -0.40  1.141157503480918E+00  6.300077168128637E-04 122028107	  46      -0.50      -0.40  1.141157503480918E+00  6.300077168128637E-04 122028107	  46      -0.50      -0.40  1.095337006043597E+00  5.923477467273651E-04 122028107	  46      -0.50      -0.40  1.095337006043597E+00  5.923477467273651E-04 122028107	  46      -0.50      -0.40  1.189564134656047E+00  6.735348453604514E-04 122028107	  46      -0.50      -0.40  1.189564134656047E+00  6.735348453604514E-04 122028107	  46      -0.50      -0.40  1.141157503480918E+00  6.300077168128637E-04 122028107
  47      -0.40      -0.30  1.156710097730933E+00  6.291011305711105E-04 123517264	  47      -0.40      -0.30  1.156710097730933E+00  6.291011305711105E-04 123517264	  47      -0.40      -0.30  1.110374923107847E+00  5.915798863766635E-04 123517264	  47      -0.40      -0.30  1.110374923107847E+00  5.915798863766635E-04 123517264	  47      -0.40      -0.30  1.205643461612936E+00  6.724530558483715E-04 123517264	  47      -0.40      -0.30  1.205643461612936E+00  6.724530558483715E-04 123517264	  47      -0.40      -0.30  1.156710097730933E+00  6.291011305711105E-04 123517264
  48      -0.30      -0.20  1.167490529853198E+00  6.238747059665537E-04 124706899	  48      -0.30      -0.20  1.167490529853198E+00  6.238747059665537E-04 124706899	  48      -0.30      -0.20  1.120818042331059E+00  5.866676343452514E-04 124706899	  48      -0.30      -0.20  1.120818042331059E+00  5.866676343452514E-04 124706899	  48      -0.30      -0.20  1.216764435148481E+00  6.669015192901287E-04 124706899	  48      -0.30      -0.20  1.216764435148481E+00  6.669015192901287E-04 124706899	  48      -0.30      -0.20  1.167490529853198E+00  6.238747059665537E-04 124706899
  49      -0.20      -0.10  1.175116621422020E+00  6.235682403531220E-04 125488810	  49      -0.20      -0.10  1.175116621422020E+00  6.235682403531220E-04 125488810	  49      -0.20      -0.10  1.128233798830048E+00  5.866266431549019E-04 125488810	  49      -0.20      -0.10  1.128233798830048E+00  5.866266431549019E-04 125488810	  49      -0.20      -0.10  1.224592726187271E+00  6.662011332564065E-04 125488810	  49      -0.20      -0.10  1.224592726187271E+00  6.662011332564065E-04 125488810	  49      -0.20      -0.10  1.175116621422020E+00  6.235682403531220E-04 125488810
  50      -0.10       0.00  1.179726629362654E+00  6.214926302768416E-04 125901060	  50      -0.10       0.00  1.179726629362654E+00  6.214926302768416E-04 125901060	  50      -0.10       0.00  1.132671200952444E+00  5.848032857951851E-04 125901060	  50      -0.10       0.00  1.132671200952444E+00  5.848032857951851E-04 125901060	  50      -0.10       0.00  1.229386913519368E+00  6.638231714642135E-04 125901060	  50      -0.10       0.00  1.229386913519368E+00  6.638231714642135E-04 125901060	  50      -0.10       0.00  1.179726629362654E+00  6.214926302768416E-04 125901060
  51       0.00       0.10  1.178211914499067E+00  6.302863978941904E-04 125887649	  51       0.00       0.10  1.178211914499067E+00  6.302863978941904E-04 125887649	  51       0.00       0.10  1.131218480553486E+00  5.922186873086345E-04 125887649	  51       0.00       0.10  1.131218480553486E+00  5.922186873086345E-04 125887649	  51       0.00       0.10  1.227806232169476E+00  6.744080604598759E-04 125887649	  51       0.00       0.10  1.227806232169476E+00  6.744080604598759E-04 125887649	  51       0.00       0.10  1.178211914499067E+00  6.302863978941904E-04 125887649
  52       0.10       0.20  1.175783570893809E+00  6.208783129445838E-04 125546252	  52       0.10       0.20  1.175783570893809E+00  6.208783129445838E-04 125546252	  52       0.10       0.20  1.128802569634877E+00  5.841117963991365E-04 125546252	  52       0.10       0.20  1.128802569634877E+00  5.841117963991365E-04 125546252	  52       0.10       0.20  1.225382168864170E+00  6.633209096211139E-04 125546252	  52       0.10       0.20  1.225382168864170E+00  6.633209096211139E-04 125546252	  52       0.10       0.20  1.175783570893809E+00  6.208783129445838E-04 125546252
  53       0.20       0.30  1.166702566878378E+00  6.221000939960834E-04 124781915	  53       0.20       0.30  1.166702566878378E+00  6.221000939960834E-04 124781915	  53       0.20       0.30  1.120039062661142E+00  5.851561952295439E-04 124781915	  53       0.20       0.30  1.120039062661142E+00  5.851561952295439E-04 124781915	  53       0.20       0.30  1.215971918380834E+00  6.647455582252937E-04 124781915	  53       0.20       0.30  1.215971918380834E+00  6.647455582252937E-04 124781915	  53       0.20       0.30  1.166702566878378E+00  6.221000939960834E-04 124781915
  54       0.30       0.40  1.157124237013691E+00  6.232344820285375E-04 123653880	  54       0.30       0.40  1.157124237013691E+00  6.232344820285375E-04 123653880	  54       0.30       0.40  1.110725549023450E+00  5.861108116117080E-04 123653880	  54       0.30       0.40  1.110725549023450E+00  5.861108116117080E-04 123653880	  54       0.30       0.40  1.206134146696036E+00  6.661264469065300E-04 123653880	  54       0.30       0.40  1.206134146696036E+00  6.661264469065300E-04 123653880	  54       0.30       0.40  1.157124237013691E+00  6.232344820285375E-04 123653880
  55       0.40       0.50  1.141969651229082E+00  6.374811919439933E-04 122148003	  55       0.40       0.50  1.141969651229082E+00  6.374811919439933E-04 122148003	  55       0.40       0.50  1.096100303795150E+00  5.993884582931309E-04 122148003	  55       0.40       0.50  1.096100303795150E+00  5.993884582931309E-04 122148003	  55       0.40       0.50  1.190431553318814E+00  6.814201203804395E-04 122148003	  55       0.40       0.50  1.190431553318814E+00  6.814201203804395E-04 122148003	  55       0.40       0.50  1.141969651229082E+00  6.374811919439933E-04 122148003
  56       0.50       0.60  1.124095330089981E+00  6.296096394299848E-04 120267888	  56       0.50       0.60  1.124095330089981E+00  6.296096394299848E-04 120267888	  56       0.50       0.60  1.078739088248690E+00  5.917340683251764E-04 120267888	  56       0.50       0.60  1.078739088248690E+00  5.917340683251764E-04 120267888	  56       0.50       0.60  1.172051757518168E+00  6.734074863363114E-04 120267888	  56       0.50       0.60  1.172051757518168E+00  6.734074863363114E-04 120267888	  56       0.50       0.60  1.124095330089981E+00  6.296096394299848E-04 120267888
  57       0.60       0.70  1.102304200021771E+00  6.319615996013216E-04 118036711	  57       0.60       0.70  1.102304200021771E+00  6.319615996013216E-04 118036711	  57       0.60       0.70  1.057635814313746E+00  5.937828889149553E-04 118036711	  57       0.60       0.70  1.057635814313746E+00  5.937828889149553E-04 118036711	  57       0.60       0.70  1.149564111256764E+00  6.761212330479118E-04 118036711	  57       0.60       0.70  1.149564111256764E+00  6.761212330479118E-04 118036711	  57       0.60       0.70  1.102304200021771E+00  6.319615996013216E-04 118036711
  58       0.70       0.80  1.077493887038996E+00  6.312368933735440E-04 115474159	  58       0.70       0.80  1.077493887038996E+00  6.312368933735440E-04 115474159	  58       0.70       0.80  1.033632381823576E+00  5.932020007055374E-04 115474159	  58       0.70       0.80  1.033632381823576E+00  5.932020007055374E-04 115474159	  58       0.70       0.80  1.123932411924703E+00  6.751925398324304E-04 115474159	  58       0.70       0.80  1.123932411924703E+00  6.751925398324304E-04 115474159	  58       0.70       0.80  1.077493887038996E+00  6.312368933735440E-04 115474159
  59       0.80       0.90  1.048880109538689E+00  6.296917751463453E-04 112580781	  59       0.80       0.90  1.048880109538689E+00  6.296917751463453E-04 112580781	  59       0.80       0.90  1.005985069507134E+00  5.914878766700052E-04 112580781	  59       0.80       0.90  1.005985069507134E+00  5.914878766700052E-04 112580781	  59       0.80       0.90  1.094324849505065E+00  6.738749254435440E-04 112580781	  59       0.80       0.90  1.094324849505065E+00  6.738749254435440E-04 112580781	  59       0.80       0.90  1.048880109538689E+00  6.296917751463453E-04 112580781
  60       0.90       1.00  1.018510486931678E+00  6.383760973018629E-04 109382533	  60       0.90       1.00  1.018510486931678E+00  6.383760973018629E-04 109382533	  60       0.90       1.00  9.765719803341304E-01  5.989147292858707E-04 109382533	  60       0.90       1.00  9.765719803341304E-01  5.989147292858707E-04 109382533	  60       0.90       1.00  1.062989880267541E+00  6.841543455701747E-04 109382533	  60       0.90       1.00  1.062989880267541E+00  6.841543455701747E-04 109382533	  60       0.90       1.00  1.018510486931678E+00  6.383760973018629E-04 109382533
  61       1.00       1.10  9.852846571789359E-01  6.392660517271395E-04 105900959	  61       1.00       1.10  9.852846571789359E-01  6.392660517271395E-04 105900959	  61       1.00       1.10  9.444381369032451E-01  5.995795792061153E-04 105900959	  61       1.00       1.10  9.444381369032451E-01  5.995795792061153E-04 105900959	  61       1.00       1.10  1.028648399376407E+00  6.852898796770014E-04 105900959	  61       1.00       1.10  1.028648399376407E+00  6.852898796770014E-04 105900959	  61       1.00       1.10  9.852846571789359E-01  6.392660517271395E-04 105900959
  62       1.10       1.20  9.485177240818596E-01  6.402299692470995E-04 102157914	  62       1.10       1.20  9.485177240818596E-01  6.402299692470995E-04 102157914	  62       1.10       1.20  9.089231404722842E-01  6.001661093288135E-04 102157914	  62       1.10       1.20  9.089231404722842E-01  6.001661093288135E-04 102157914	  62       1.10       1.20  9.905945699839513E-01  6.867301878752307E-04 102157914	  62       1.10       1.20  9.905945699839513E-01  6.867301878752307E-04 102157914	  62       1.10       1.20  9.485177240818596E-01  6.402299692470995E-04 102157914
  63       1.20       1.30  9.092580349569352E-01  6.391392234304560E-04 98178665	  63       1.20       1.30  9.092580349569352E-01  6.391392234304560E-04 98178665	  63       1.20       1.30  8.710186037775578E-01  5.990113594960572E-04 98178665	  63       1.20       1.30  8.710186037775578E-01  5.990113594960572E-04 98178665	  63       1.20       1.30  9.499377902766237E-01  6.857530044039352E-04 98178665	  63       1.20       1.30  9.499377902766237E-01  6.857530044039352E-04 98178665	  63       1.20       1.30  9.092580349569352E-01  6.391392234304560E-04 98178665
  64       1.30       1.40  8.691403590151136E-01  6.346983384373779E-04 93968913	  64       1.30       1.40  8.691403590151136E-01  6.346983384373779E-04 93968913	  64       1.30       1.40  8.322582783275710E-01  5.943145864265035E-04 93968913	  64       1.30       1.40  8.322582783275710E-01  5.943145864265035E-04 93968913	  64       1.30       1.40  9.084310528220392E-01  6.816734017100917E-04 93968913	  64       1.30       1.40  9.084310528220392E-01  6.816734017100917E-04 93968913	  64       1.30       1.40  8.691403590151136E-01  6.346983384373779E-04 93968913
  65       1.40       1.50  8.290721555213201E-01  6.375722483865021E-04 89596463	  65       1.40       1.50  8.290721555213201E-01  6.375722483865021E-04 89596463	  65       1.40       1.50  7.935456156060706E-01  5.970082486413360E-04 89596463	  65       1.40       1.50  7.935456156060706E-01  5.970082486413360E-04 89596463	  65       1.40       1.50  8.669708724224141E-01  6.846996521297408E-04 89596463	  65       1.40       1.50  8.669708724224141E-01  6.846996521297408E-04 89596463	  65       1.40       1.50  8.290721555213201E-01  6.375722483865021E-04 89596463
  66       1.50       1.60  7.835014472835963E-01  6.303005703744217E-04 85060295	  66       1.50       1.60  7.835014472835963E-01  6.303005703744217E-04 85060295	  66       1.50       1.60  7.496418660550656E-01  5.895547948813118E-04 85060295	  66       1.50       1.60  7.496418660550656E-01  5.895547948813118E-04 85060295	  66       1.50       1.60  8.196608945505564E-01  6.777387016388351E-04 85060295	  66       1.50       1.60  8.196608945505564E-01  6.777387016388351E-04 85060295	  66       1.50       1.60  7.835014472835963E-01  6.303005703744217E-04 85060295
  67       1.60       1.70  7.385029471807208E-01  6.217474002557685E-04 80433252	  67       1.60       1.70  7.385029471807208E-01  6.217474002557685E-04 80433252	  67       1.60       1.70  7.062501639641695E-01  5.809472859793718E-04 80433252	  67       1.60       1.70  7.062501639641695E-01  5.809472859793718E-04 80433252	  67       1.60       1.70  7.729989996176179E-01  6.693446803712328E-04 80433252	  67       1.60       1.70  7.729989996176179E-01  6.693446803712328E-04 80433252	  67       1.60       1.70  7.385029471807208E-01  6.217474002557685E-04 80433252
  68       1.70       1.80  6.930014651089021E-01  6.130561999990729E-04 75717078	  68       1.70       1.80  6.930014651089021E-01  6.130561999990729E-04 75717078	  68       1.70       1.80  6.624172483655068E-01  5.725673219722312E-04 75717078	  68       1.70       1.80  6.624172483655068E-01  5.725673219722312E-04 75717078	  68       1.70       1.80  7.257595692707607E-01  6.603234178925455E-04 75717078	  68       1.70       1.80  7.257595692707607E-01  6.603234178925455E-04 75717078	  68       1.70       1.80  6.930014651089021E-01  6.130561999990729E-04 75717078
  69       1.80       1.90  6.474599290221882E-01  6.086749066553489E-04 70946815	  69       1.80       1.90  6.474599290221882E-01  6.086749066553489E-04 70946815	  69       1.80       1.90  6.185536151224467E-01  5.675551641320126E-04 70946815	  69       1.80       1.90  6.185536151224467E-01  5.675551641320126E-04 70946815	  69       1.80       1.90  6.784688029958357E-01  6.567944915933033E-04 70946815	  69       1.80       1.90  6.784688029958357E-01  6.567944915933033E-04 70946815	  69       1.80       1.90  6.474599290221882E-01  6.086749066553489E-04 70946815
  70       1.90       2.00  6.015830901307873E-01  5.965685067892904E-04 66180187	  70       1.90       2.00  6.015830901307873E-01  5.965685067892904E-04 66180187	  70       1.90       2.00  5.744213188117819E-01  5.557565904108297E-04 66180187	  70       1.90       2.00  5.744213188117819E-01  5.557565904108297E-04 66180187	  70       1.90       2.00  6.307684847310856E-01  6.444397352555087E-04 66180187	  70       1.90       2.00  6.307684847310856E-01  6.444397352555087E-04 66180187	  70       1.90       2.00  6.015830901307873E-01  5.965685067892904E-04 66180187
  71       2.00       2.10  5.558288330186552E-01  5.852783811135232E-04 61404099	  71       2.00       2.10  5.558288330186552E-01  5.852783811135232E-04 61404099	  71       2.00       2.10  5.304736827635316E-01  5.447556240674387E-04 61404099	  71       2.00       2.10  5.304736827635316E-01  5.447556240674387E-04 61404099	  71       2.00       2.10  5.831038275002401E-01  6.328564875304274E-04 61404099	  71       2.00       2.10  5.831038275002401E-01  6.328564875304274E-04 61404099	  71       2.00       2.10  5.558288330186552E-01  5.852783811135232E-04 61404099
  72       2.10       2.20  5.097601868284863E-01  5.699781308285588E-04 56676054	  72       2.10       2.20  5.097601868284863E-01  5.699781308285588E-04 56676054	  72       2.10       2.20  4.862360682658546E-01  5.299647738144588E-04 56676054	  72       2.10       2.20  4.862360682658546E-01  5.299647738144588E-04 56676054	  72       2.10       2.20  5.351049416141240E-01  6.170194400378335E-04 56676054	  72       2.10       2.20  5.351049416141240E-01  6.170194400378335E-04 56676054	  72       2.10       2.20  5.097601868284863E-01  5.699781308285588E-04 56676054
  73       2.20       2.30  4.652057874496803E-01  5.576605530047595E-04 52044799	  73       2.20       2.30  4.652057874496803E-01  5.576605530047595E-04 52044799	  73       2.20       2.30  4.434311251546424E-01  5.171904898287762E-04 52044799	  73       2.20       2.30  4.434311251546424E-01  5.171904898287762E-04 52044799	  73       2.20       2.30  4.887128491154344E-01  6.055208837472682E-04 52044799	  73       2.20       2.30  4.887128491154344E-01  6.055208837472682E-04 52044799	  73       2.20       2.30  4.652057874496803E-01  5.576605530047595E-04 52044799
  74       2.30       2.40  4.222542353093078E-01  5.336919982614751E-04 47510420	  74       2.30       2.40  4.222542353093078E-01  5.336919982614751E-04 47510420	  74       2.30       2.40  4.022700144023089E-01  4.951617826001506E-04 47510420	  74       2.30       2.40  4.022700144023089E-01  4.951617826001506E-04 47510420	  74       2.30       2.40  4.438555974356834E-01  5.791274508312188E-04 47510420	  74       2.30       2.40  4.438555974356834E-01  5.791274508312188E-04 47510420	  74       2.30       2.40  4.222542353093078E-01  5.336919982614751E-04 47510420
  75       2.40       2.50  3.803470436416000E-01  4.987267384871695E-04 43141191	  75       2.40       2.50  3.803470436416000E-01  4.987267384871695E-04 43141191	  75       2.40       2.50  3.621552644349751E-01  4.628780593990154E-04 43141191	  75       2.40       2.50  3.621552644349751E-01  4.628780593990154E-04 43141191	  75       2.40       2.50  4.000352472236656E-01  5.409859272890375E-04 43141191	  75       2.40       2.50  4.000352472236656E-01  5.409859272890375E-04 43141191	  75       2.40       2.50  3.803470436416000E-01  4.987267384871695E-04 43141191
  76       2.50       2.60  3.409104452484776E-01  4.833122982161689E-04 38920463	  76       2.50       2.60  3.409104452484776E-01  4.833122982161689E-04 38920463	  76       2.50       2.60  3.243992105544337E-01  4.475587828400634E-04 38920463	  76       2.50       2.60  3.243992105544337E-01  4.475587828400634E-04 38920463	  76       2.50       2.60  3.588082678516061E-01  5.256170246362872E-04 38920463	  76       2.50       2.60  3.588082678516061E-01  5.256170246362872E-04 38920463	  76       2.50       2.60  3.409104452484776E-01  4.833122982161689E-04 38920463
  77       2.60       2.70  3.022035126618389E-01  4.524598107311101E-04 34912557	  77       2.60       2.70  3.022035126618389E-01  4.524598107311101E-04 34912557	  77       2.60       2.70  2.874138139874589E-01  4.191482192492279E-04 34912557	  77       2.60       2.70  2.874138139874589E-01  4.191482192492279E-04 34912557	  77       2.60       2.70  3.182531329035173E-01  4.918546351992531E-04 34912557	  77       2.60       2.70  3.182531329035173E-01  4.918546351992531E-04 34912557	  77       2.60       2.70  3.022035126618389E-01  4.524598107311101E-04 34912557
  78       2.70       2.80  2.667630511458617E-01  4.164829922550065E-04 31110121	  78       2.70       2.80  2.667630511458617E-01  4.164829922550065E-04 31110121	  78       2.70       2.80  2.535360833114511E-01  3.854291129464588E-04 31110121	  78       2.70       2.80  2.535360833114511E-01  3.854291129464588E-04 31110121	  78       2.70       2.80  2.811401055462860E-01  4.532556810048584E-04 31110121	  78       2.70       2.80  2.811401055462860E-01  4.532556810048584E-04 31110121	  78       2.70       2.80  2.667630511458617E-01  4.164829922550065E-04 31110121
  79       2.80       2.90  2.332464808444923E-01  3.868325509572261E-04 27550980	  79       2.80       2.90  2.332464808444923E-01  3.868325509572261E-04 27550980	  79       2.80       2.90  2.215719504219729E-01  3.576956042003002E-04 27550980	  79       2.80       2.90  2.215719504219729E-01  3.576956042003002E-04 27550980	  79       2.80       2.90  2.459477512735562E-01  4.213969634725619E-04 27550980	  79       2.80       2.90  2.459477512735562E-01  4.213969634725619E-04 27550980	  79       2.80       2.90  2.332464808444923E-01  3.868325509572261E-04 27550980
  80       2.90       3.00  2.029896104892432E-01  3.547052185409281E-04 24269796	  80       2.90       3.00  2.029896104892432E-01  3.547052185409281E-04 24269796	  80       2.90       3.00  1.927026192739658E-01  3.276758895050876E-04 24269796	  80       2.90       3.00  1.927026192739658E-01  3.276758895050876E-04 24269796	  80       2.90       3.00  2.141997713687789E-01  3.868442098504959E-04 24269796	  80       2.90       3.00  2.141997713687789E-01  3.868442098504959E-04 24269796	  80       2.90       3.00  2.029896104892432E-01  3.547052185409281E-04 24269796
  81       3.00       3.10  1.758678343441779E-01  3.270840451805912E-04 21232736	  81       3.00       3.10  1.758678343441779E-01  3.270840451805912E-04 21232736	  81       3.00       3.10  1.668282207723199E-01  3.018964766157390E-04 21232736	  81       3.00       3.10  1.668282207723199E-01  3.018964766157390E-04 21232736	  81       3.00       3.10  1.857375401476336E-01  3.570494976592849E-04 21232736	  81       3.00       3.10  1.857375401476336E-01  3.570494976592849E-04 21232736	  81       3.00       3.10  1.758678343441779E-01  3.270840451805912E-04 21232736
  82       3.10       3.20  1.500975624262918E-01  3.211578706767998E-04 18485599	  82       3.10       3.20  1.500975624262918E-01  3.211578706767998E-04 18485599	  82       3.10       3.20  1.423128927350718E-01  2.933848319197683E-04 18485599	  82       3.10       3.20  1.423128927350718E-01  2.933848319197683E-04 18485599	  82       3.10       3.20  1.586042015998398E-01  3.550103206624827E-04 18485599	  82       3.10       3.20  1.586042015998398E-01  3.550103206624827E-04 18485599	  82       3.10       3.20  1.500975624262918E-01  3.211578706767998E-04 18485599
  83       3.20       3.30  1.270451166281980E-01  2.637859011020436E-04 16014697	  83       3.20       3.30  1.270451166281980E-01  2.637859011020436E-04 16014697	  83       3.20       3.30  1.204128713730436E-01  2.432320965082389E-04 16014697	  83       3.20       3.30  1.204128713730436E-01  2.432320965082389E-04 16014697	  83       3.20       3.30  1.342941943042475E-01  2.882894052864296E-04 16014697	  83       3.20       3.30  1.342941943042475E-01  2.882894052864296E-04 16014697	  83       3.20       3.30  1.270451166281980E-01  2.637859011020436E-04 16014697
  84       3.30       3.40  1.075535025225100E-01  2.391957300234594E-04 13818724	  84       3.30       3.40  1.075535025225100E-01  2.391957300234594E-04 13818724	  84       3.30       3.40  1.018736708668801E-01  2.203509623370626E-04 13818724	  84       3.30       3.40  1.018736708668801E-01  2.203509623370626E-04 13818724	  84       3.30       3.40  1.137698054233254E-01  2.616876664421656E-04 13818724	  84       3.30       3.40  1.137698054233254E-01  2.616876664421656E-04 13818724	  84       3.30       3.40  1.075535025225100E-01  2.391957300234594E-04 13818724
  85       3.40       3.50  9.018117790128143E-02  2.124530087731373E-04 11880429	  85       3.40       3.50  9.018117790128143E-02  2.124530087731373E-04 11880429	  85       3.40       3.50  8.535989521714658E-02  1.955829023866894E-04 11880429	  85       3.40       3.50  8.535989521714658E-02  1.955829023866894E-04 11880429	  85       3.40       3.50  9.546738821318804E-02  2.326236945667643E-04 11880429	  85       3.40       3.50  9.546738821318804E-02  2.326236945667643E-04 11880429	  85       3.40       3.50  9.018117790128143E-02  2.124530087731373E-04 11880429
  86       3.50       3.60  7.468930673115333E-02  1.867210824883464E-04 10179773	  86       3.50       3.60  7.468930673115333E-02  1.867210824883464E-04 10179773	  86       3.50       3.60  7.067986309475943E-02  1.720245359392040E-04 10179773	  86       3.50       3.60  7.067986309475943E-02  1.720245359392040E-04 10179773	  86       3.50       3.60  7.908401291587172E-02  2.042548171037555E-04 10179773	  86       3.50       3.60  7.908401291587172E-02  2.042548171037555E-04 10179773	  86       3.50       3.60  7.468930673115333E-02  1.867210824883464E-04 10179773
  87       3.60       3.70  6.183895445013730E-02  1.715058578174750E-04 8691592	  87       3.60       3.70  6.183895445013730E-02  1.715058578174750E-04 8691592	  87       3.60       3.70  5.847939068949149E-02  1.576954330520930E-04 8691592	  87       3.60       3.70  5.847939068949149E-02  1.576954330520930E-04 8691592	  87       3.60       3.70  6.552814412286052E-02  1.880397420402531E-04 8691592	  87       3.60       3.70  6.552814412286052E-02  1.880397420402531E-04 8691592	  87       3.60       3.70  6.183895445013730E-02  1.715058578174750E-04 8691592
  88       3.70       3.80  5.062334075255809E-02  1.469089367849392E-04 7394164	  88       3.70       3.80  5.062334075255809E-02  1.469089367849392E-04 7394164	  88       3.70       3.80  4.785692543426944E-02  1.347882715849386E-04 7394164	  88       3.70       3.80  4.785692543426944E-02  1.347882715849386E-04 7394164	  88       3.70       3.80  5.366214831193711E-02  1.615121765351055E-04 7394164	  88       3.70       3.80  5.366214831193711E-02  1.615121765351055E-04 7394164	  88       3.70       3.80  5.062334075255809E-02  1.469089367849392E-04 7394164
  89       3.80       3.90  4.136902636761472E-02  1.238544767001541E-04 6263447	  89       3.80       3.90  4.136902636761472E-02  1.238544767001541E-04 6263447	  89       3.80       3.90  3.909240673719073E-02  1.141481028893789E-04 6263447	  89       3.80       3.90  3.909240673719073E-02  1.141481028893789E-04 6263447	  89       3.80       3.90  4.387206821112666E-02  1.354290723788140E-04 6263447	  89       3.80       3.90  4.387206821112666E-02  1.354290723788140E-04 6263447	  89       3.80       3.90  4.136902636761472E-02  1.238544767001541E-04 6263447
  90       3.90       4.00  3.350475473961931E-02  1.094238415830286E-04 5288234	  90       3.90       4.00  3.350475473961931E-02  1.094238415830286E-04 5288234	  90       3.90       4.00  3.165052190705731E-02  1.008216317444963E-04 5288234	  90       3.90       4.00  3.165052190705731E-02  1.008216317444963E-04 5288234	  90       3.90       4.00  3.554390679510628E-02  1.196816244684406E-04 5288234	  90       3.90       4.00  3.554390679510628E-02  1.196816244684406E-04 5288234	  90       3.90       4.00  3.350475473961931E-02  1.094238415830286E-04 5288234
  91       4.00       4.10  2.736207750232520E-02  1.017483939650771E-04 4444889	  91       4.00       4.10  2.736207750232520E-02  1.017483939650771E-04 4444889	  91       4.00       4.10  2.582975938478454E-02  9.326067576154672E-05 4444889	  91       4.00       4.10  2.582975938478454E-02  9.326067576154672E-05 4444889	  91       4.00       4.10  2.905071543849932E-02  1.119485395466849E-04 4444889	  91       4.00       4.10  2.905071543849932E-02  1.119485395466849E-04 4444889	  91       4.00       4.10  2.736207750232520E-02  1.017483939650771E-04 4444889
  92       4.10       4.20  2.191296225121180E-02  8.493764489639054E-05 3727683	  92       4.10       4.20  2.191296225121180E-02  8.493764489639054E-05 3727683	  92       4.10       4.20  2.068766195147953E-02  7.818346300109294E-05 3727683	  92       4.10       4.20  2.068766195147953E-02  7.818346300109294E-05 3727683	  92       4.10       4.20  2.326206847885817E-02  9.299971372406774E-05 3727683	  92       4.10       4.20  2.326206847885817E-02  9.299971372406774E-05 3727683	  92       4.10       4.20  2.191296225121180E-02  8.493764489639054E-05 3727683
  93       4.20       4.30  1.778731273070768E-02  7.688920641634463E-05 3114190	  93       4.20       4.30  1.778731273070768E-02  7.688920641634463E-05 3114190	  93       4.20       4.30  1.677786629742432E-02  7.063229493626730E-05 3114190	  93       4.20       4.30  1.677786629742432E-02  7.063229493626730E-05 3114190	  93       4.20       4.30  1.890168028242462E-02  8.436977736467048E-05 3114190	  93       4.20       4.30  1.890168028242462E-02  8.436977736467048E-05 3114190	  93       4.20       4.30  1.778731273070768E-02  7.688920641634463E-05 3114190
  94       4.30       4.40  1.406414831222463E-02  6.444832550863879E-05 2592184	  94       4.30       4.40  1.406414831222463E-02  6.444832550863879E-05 2592184	  94       4.30       4.40  1.326830855858577E-02  5.906570807714052E-05 2592184	  94       4.30       4.40  1.326830855858577E-02  5.906570807714052E-05 2592184	  94       4.30       4.40  1.494194723541958E-02  7.095463733048991E-05 2592184	  94       4.30       4.40  1.494194723541958E-02  7.095463733048991E-05 2592184	  94       4.30       4.40  1.406414831222463E-02  6.444832550863879E-05 2592184
  95       4.40       4.50  1.141720591073023E-02  6.474963757559905E-05 2155306	  95       4.40       4.50  1.141720591073023E-02  6.474963757559905E-05 2155306	  95       4.40       4.50  1.076571110285945E-02  5.961732656906273E-05 2155306	  95       4.40       4.50  1.076571110285945E-02  5.961732656906273E-05 2155306	  95       4.40       4.50  1.213703829172917E-02  7.084792203836556E-05 2155306	  95       4.40       4.50  1.213703829172917E-02  7.084792203836556E-05 2155306	  95       4.40       4.50  1.141720591073023E-02  6.474963757559905E-05 2155306
  96       4.50       4.60  9.041881841473446E-03  4.795671080936174E-05 1783320	  96       4.50       4.60  9.041881841473446E-03  4.795671080936174E-05 1783320	  96       4.50       4.60  8.526905188104729E-03  4.413222093504818E-05 1783320	  96       4.50       4.60  8.526905188104729E-03  4.413222093504818E-05 1783320	  96       4.50       4.60  9.610296259918107E-03  5.252657504228534E-05 1783320	  96       4.50       4.60  9.610296259918107E-03  5.252657504228534E-05 1783320	  96       4.50       4.60  9.041881841473446E-03  4.795671080936174E-05 1783320
  97       4.60       4.70  7.225213209100264E-03  4.220151611034974E-05 1478596	  97       4.60       4.70  7.225213209100264E-03  4.220151611034974E-05 1478596	  97       4.60       4.70  6.809721514668270E-03  3.883951266449867E-05 1478596	  97       4.60       4.70  6.809721514668270E-03  3.883951266449867E-05 1478596	  97       4.60       4.70  7.684872531944970E-03  4.621648425222944E-05 1478596	  97       4.60       4.70  7.684872531944970E-03  4.621648425222944E-05 1478596	  97       4.60       4.70  7.225213209100264E-03  4.220151611034974E-05 1478596
  98       4.70       4.80  5.671082075401936E-03  3.576051898594611E-05 1217590	  98       4.70       4.80  5.671082075401936E-03  3.576051898594611E-05 1217590	  98       4.70       4.80  5.347562074261114E-03  3.297031300832769E-05 1217590	  98       4.70       4.80  5.347562074261114E-03  3.297031300832769E-05 1217590	  98       4.70       4.80  6.028342242381109E-03  3.907887615397463E-05 1217590	  98       4.70       4.80  6.028342242381109E-03  3.907887615397463E-05 1217590	  98       4.70       4.80  5.671082075401936E-03  3.576051898594611E-05 1217590
  99       4.80       4.90  4.509158463908305E-03  3.147916226700849E-05 1003234	  99       4.80       4.90  4.509158463908305E-03  3.147916226700849E-05 1003234	  99       4.80       4.90  4.253383138281752E-03  2.894745584498751E-05 1003234	  99       4.80       4.90  4.253383138281752E-03  2.894745584498751E-05 1003234	  99       4.80       4.90  4.791260592395025E-03  3.451231295523924E-05 1003234	  99       4.80       4.90  4.791260592395025E-03  3.451231295523924E-05 1003234	  99       4.80       4.90  4.509158463908305E-03  3.147916226700849E-05 1003234
 100       4.90       5.00  3.625428304861882E-03  2.772851951876755E-05 824414	 100       4.90       5.00  3.625428304861882E-03  2.772851951876755E-05 824414	 100       4.90       5.00  3.418255223369247E-03  2.557472483967537E-05 824414	 100       4.90       5.00  3.418255223369247E-03  2.557472483967537E-05 824414	 100       4.90       5.00  3.854248822775883E-03  3.029453675724510E-05 824414	 100       4.90       5.00  3.854248822775883E-03  3.029453675724510E-05 824414	 100       4.90       5.00  3.625428304861882E-03  2.772851951876755E-05 824414
# Underflow:                 7.3843034544571618E-04  7.8390709852118922E-06 450026
# Overflow:                  2.7454035747347151E-03  1.4429244144413550E-05 374731
#-------------------------------------------------------------------------------------	#-------------------------------------------------------------------------------------	#-------------------------------------------------------------------------------------	#-------------------------------------------------------------------------------------	#-------------------------------------------------------------------------------------	#-------------------------------------------------------------------------------------	#-------------------------------------------------------------------------------------
# Sum:                       5.2751646661198870E-01  8.4880267124893264E-05 508479000
#=====================================================================================	#=====================================================================================	#=====================================================================================	#=====================================================================================	#=====================================================================================	#=====================================================================================	#=====================================================================================
