# title = Missing Transverse Momentum
# xlabel = $p_{\text{T},\text{miss}}\,$[GeV]
# ylabel = $\frac{\text{d}\sigma}{\text{d}p_{\text{T},\text{miss}}}\,\left[\frac{\text{fb}}{\text{GeV}}\right]$
# xmin=  0.000E+00
# xmax=  5.000E+02
# ymin=  1.000E-06
# ymax=  1.000E-01
# kmin= -5.000E+01
# kmax=  1.000E+01
# logscale = true
# Renormalization and factorization scale scaled by: 1.0000000000
# Renormalization scaled by: 1.0000000000
# Number of generated events: 7099658501
#	#	#	#	#	#	#
#=====================================================================================	#=====================================================================================	#=====================================================================================	#=====================================================================================	#=====================================================================================	#=====================================================================================	#=====================================================================================
# No.       Left      Right                   Value                   Error Hits
#-------------------------------------------------------------------------------------	#-------------------------------------------------------------------------------------	#-------------------------------------------------------------------------------------	#-------------------------------------------------------------------------------------	#-------------------------------------------------------------------------------------	#-------------------------------------------------------------------------------------	#-------------------------------------------------------------------------------------
   1       0.00       5.00  0.000000000000000E+00  0.000000000000000E+00 0	   1       0.00       5.00  0.000000000000000E+00  0.000000000000000E+00 0	   1       0.00       5.00  0.000000000000000E+00  0.000000000000000E+00 0	   1       0.00       5.00  0.000000000000000E+00  0.000000000000000E+00 0	   1       0.00       5.00  0.000000000000000E+00  0.000000000000000E+00 0	   1       0.00       5.00  0.000000000000000E+00  0.000000000000000E+00 0	   1       0.00       5.00  0.000000000000000E+00  0.000000000000000E+00 0
   2       5.00      10.00  0.000000000000000E+00  0.000000000000000E+00 0	   2       5.00      10.00  0.000000000000000E+00  0.000000000000000E+00 0	   2       5.00      10.00  0.000000000000000E+00  0.000000000000000E+00 0	   2       5.00      10.00  0.000000000000000E+00  0.000000000000000E+00 0	   2       5.00      10.00  0.000000000000000E+00  0.000000000000000E+00 0	   2       5.00      10.00  0.000000000000000E+00  0.000000000000000E+00 0	   2       5.00      10.00  0.000000000000000E+00  0.000000000000000E+00 0
   3      10.00      15.00  0.000000000000000E+00  0.000000000000000E+00 0	   3      10.00      15.00  0.000000000000000E+00  0.000000000000000E+00 0	   3      10.00      15.00  0.000000000000000E+00  0.000000000000000E+00 0	   3      10.00      15.00  0.000000000000000E+00  0.000000000000000E+00 0	   3      10.00      15.00  0.000000000000000E+00  0.000000000000000E+00 0	   3      10.00      15.00  0.000000000000000E+00  0.000000000000000E+00 0	   3      10.00      15.00  0.000000000000000E+00  0.000000000000000E+00 0
   4      15.00      20.00  0.000000000000000E+00  0.000000000000000E+00 0	   4      15.00      20.00  0.000000000000000E+00  0.000000000000000E+00 0	   4      15.00      20.00  0.000000000000000E+00  0.000000000000000E+00 0	   4      15.00      20.00  0.000000000000000E+00  0.000000000000000E+00 0	   4      15.00      20.00  0.000000000000000E+00  0.000000000000000E+00 0	   4      15.00      20.00  0.000000000000000E+00  0.000000000000000E+00 0	   4      15.00      20.00  0.000000000000000E+00  0.000000000000000E+00 0
   5      20.00      25.00  0.000000000000000E+00  0.000000000000000E+00 0	   5      20.00      25.00  0.000000000000000E+00  0.000000000000000E+00 0	   5      20.00      25.00  0.000000000000000E+00  0.000000000000000E+00 0	   5      20.00      25.00  0.000000000000000E+00  0.000000000000000E+00 0	   5      20.00      25.00  0.000000000000000E+00  0.000000000000000E+00 0	   5      20.00      25.00  0.000000000000000E+00  0.000000000000000E+00 0	   5      20.00      25.00  0.000000000000000E+00  0.000000000000000E+00 0
   6      25.00      30.00  0.000000000000000E+00  0.000000000000000E+00 0	   6      25.00      30.00  0.000000000000000E+00  0.000000000000000E+00 0	   6      25.00      30.00  0.000000000000000E+00  0.000000000000000E+00 0	   6      25.00      30.00  0.000000000000000E+00  0.000000000000000E+00 0	   6      25.00      30.00  0.000000000000000E+00  0.000000000000000E+00 0	   6      25.00      30.00  0.000000000000000E+00  0.000000000000000E+00 0	   6      25.00      30.00  0.000000000000000E+00  0.000000000000000E+00 0
   7      30.00      35.00  0.000000000000000E+00  0.000000000000000E+00 0	   7      30.00      35.00  0.000000000000000E+00  0.000000000000000E+00 0	   7      30.00      35.00  0.000000000000000E+00  0.000000000000000E+00 0	   7      30.00      35.00  0.000000000000000E+00  0.000000000000000E+00 0	   7      30.00      35.00  0.000000000000000E+00  0.000000000000000E+00 0	   7      30.00      35.00  0.000000000000000E+00  0.000000000000000E+00 0	   7      30.00      35.00  0.000000000000000E+00  0.000000000000000E+00 0
   8      35.00      40.00  0.000000000000000E+00  0.000000000000000E+00 0	   8      35.00      40.00  0.000000000000000E+00  0.000000000000000E+00 0	   8      35.00      40.00  0.000000000000000E+00  0.000000000000000E+00 0	   8      35.00      40.00  0.000000000000000E+00  0.000000000000000E+00 0	   8      35.00      40.00  0.000000000000000E+00  0.000000000000000E+00 0	   8      35.00      40.00  0.000000000000000E+00  0.000000000000000E+00 0	   8      35.00      40.00  0.000000000000000E+00  0.000000000000000E+00 0
   9      40.00      45.00  4.327093233308125E-02  1.792645504638147E-05 173148766	   9      40.00      45.00  4.327093233308125E-02  1.792645504638147E-05 173148766	   9      40.00      45.00  4.186345360850915E-02  1.683627164554882E-05 173148766	   9      40.00      45.00  4.186345360850915E-02  1.683627164554882E-05 173148766	   9      40.00      45.00  4.468199213362678E-02  1.918984021490666E-05 173148766	   9      40.00      45.00  4.468199213362678E-02  1.918984021490666E-05 173148766	   9      40.00      45.00  4.327093233308125E-02  1.792645504638147E-05 173148766
  10      45.00      50.00  4.424655762252865E-02  1.851896932642185E-05 176661272	  10      45.00      50.00  4.424655762252865E-02  1.851896932642185E-05 176661272	  10      45.00      50.00  4.280342171649983E-02  1.738936950645612E-05 176661272	  10      45.00      50.00  4.280342171649983E-02  1.738936950645612E-05 176661272	  10      45.00      50.00  4.569449490668272E-02  1.982708705537999E-05 176661272	  10      45.00      50.00  4.569449490668272E-02  1.982708705537999E-05 176661272	  10      45.00      50.00  4.424655762252865E-02  1.851896932642185E-05 176661272
  11      50.00      55.00  4.445537626820283E-02  1.868002792819510E-05 177158352	  11      50.00      55.00  4.445537626820283E-02  1.868002792819510E-05 177158352	  11      50.00      55.00  4.299581453065499E-02  1.753578386446648E-05 177158352	  11      50.00      55.00  4.299581453065499E-02  1.753578386446648E-05 177158352	  11      50.00      55.00  4.592254149538159E-02  2.000731893468226E-05 177158352	  11      50.00      55.00  4.592254149538159E-02  2.000731893468226E-05 177158352	  11      50.00      55.00  4.445537626820283E-02  1.868002792819510E-05 177158352
  12      55.00      60.00  4.401359011632888E-02  1.920977909042484E-05 174872274	  12      55.00      60.00  4.401359011632888E-02  1.920977909042484E-05 174872274	  12      55.00      60.00  4.255842644200064E-02  1.802447544848608E-05 174872274	  12      55.00      60.00  4.255842644200064E-02  1.802447544848608E-05 174872274	  12      55.00      60.00  4.547908187375013E-02  2.058318371567224E-05 174872274	  12      55.00      60.00  4.547908187375013E-02  2.058318371567224E-05 174872274	  12      55.00      60.00  4.401359011632888E-02  1.920977909042484E-05 174872274
  13      60.00      65.00  4.299193159407461E-02  1.878592462163376E-05 170090055	  13      60.00      65.00  4.299193159407461E-02  1.878592462163376E-05 170090055	  13      60.00      65.00  4.155708749566897E-02  1.763321121050667E-05 170090055	  13      60.00      65.00  4.155708749566897E-02  1.763321121050667E-05 170090055	  13      60.00      65.00  4.444058980679534E-02  2.012338279449074E-05 170090055	  13      60.00      65.00  4.444058980679534E-02  2.012338279449074E-05 170090055	  13      60.00      65.00  4.299193159407461E-02  1.878592462163376E-05 170090055
  14      65.00      70.00  4.160053053349075E-02  1.879754738942586E-05 163204591	  14      65.00      70.00  4.160053053349075E-02  1.879754738942586E-05 163204591	  14      65.00      70.00  4.019365777808340E-02  1.764195894534440E-05 163204591	  14      65.00      70.00  4.019365777808340E-02  1.764195894534440E-05 163204591	  14      65.00      70.00  4.302566186781683E-02  2.013852690121363E-05 163204591	  14      65.00      70.00  4.302566186781683E-02  2.013852690121363E-05 163204591	  14      65.00      70.00  4.160053053349075E-02  1.879754738942586E-05 163204591
  15      70.00      75.00  3.987883694828117E-02  1.884643537022919E-05 154762242	  15      70.00      75.00  3.987883694828117E-02  1.884643537022919E-05 154762242	  15      70.00      75.00  3.851036498476154E-02  1.768432993186880E-05 154762242	  15      70.00      75.00  3.851036498476154E-02  1.768432993186880E-05 154762242	  15      70.00      75.00  4.127001308062263E-02  2.019410624628162E-05 154762242	  15      70.00      75.00  4.127001308062263E-02  2.019410624628162E-05 154762242	  15      70.00      75.00  3.987883694828117E-02  1.884643537022919E-05 154762242
  16      75.00      80.00  3.798355082913069E-02  1.868208904705938E-05 145527945	  16      75.00      80.00  3.798355082913069E-02  1.868208904705938E-05 145527945	  16      75.00      80.00  3.665743590993691E-02  1.749991320251599E-05 145527945	  16      75.00      80.00  3.665743590993691E-02  1.749991320251599E-05 145527945	  16      75.00      80.00  3.933727028075165E-02  2.006333196159226E-05 145527945	  16      75.00      80.00  3.933727028075165E-02  2.006333196159226E-05 145527945	  16      75.00      80.00  3.798355082913069E-02  1.868208904705938E-05 145527945
  17      80.00      85.00  3.592058055755180E-02  1.834922830613176E-05 136459498	  17      80.00      85.00  3.592058055755180E-02  1.834922830613176E-05 136459498	  17      80.00      85.00  3.464340692597855E-02  1.720121584966979E-05 136459498	  17      80.00      85.00  3.464340692597855E-02  1.720121584966979E-05 136459498	  17      80.00      85.00  3.722978459296034E-02  1.968424827939549E-05 136459498	  17      80.00      85.00  3.722978459296034E-02  1.968424827939549E-05 136459498	  17      80.00      85.00  3.592058055755180E-02  1.834922830613176E-05 136459498
  18      85.00      90.00  3.383018037220038E-02  1.786036736135520E-05 128013943	  18      85.00      90.00  3.383018037220038E-02  1.786036736135520E-05 128013943	  18      85.00      90.00  3.260463401988831E-02  1.674402360990404E-05 128013943	  18      85.00      90.00  3.260463401988831E-02  1.674402360990404E-05 128013943	  18      85.00      90.00  3.509162695240070E-02  1.915882933127405E-05 128013943	  18      85.00      90.00  3.509162695240070E-02  1.915882933127405E-05 128013943	  18      85.00      90.00  3.383018037220038E-02  1.786036736135520E-05 128013943
  19      90.00      95.00  3.173477245456770E-02  1.769886145275874E-05 120262639	  19      90.00      95.00  3.173477245456770E-02  1.769886145275874E-05 120262639	  19      90.00      95.00  3.056120876566698E-02  1.658353106527958E-05 120262639	  19      90.00      95.00  3.056120876566698E-02  1.658353106527958E-05 120262639	  19      90.00      95.00  3.294811890763182E-02  1.899559682835455E-05 120262639	  19      90.00      95.00  3.294811890763182E-02  1.899559682835455E-05 120262639	  19      90.00      95.00  3.173477245456770E-02  1.769886145275874E-05 120262639
  20      95.00     100.00  2.968898542851629E-02  1.743601634708701E-05 113206417	  20      95.00     100.00  2.968898542851629E-02  1.743601634708701E-05 113206417	  20      95.00     100.00  2.856537494199565E-02  1.631948451366654E-05 113206417	  20      95.00     100.00  2.856537494199565E-02  1.631948451366654E-05 113206417	  20      95.00     100.00  3.085645508604552E-02  1.873774477422720E-05 113206417	  20      95.00     100.00  3.085645508604552E-02  1.873774477422720E-05 113206417	  20      95.00     100.00  2.968898542851629E-02  1.743601634708701E-05 113206417
  21     100.00     105.00  2.769291796309014E-02  1.670257853754044E-05 106731779	  21     100.00     105.00  2.769291796309014E-02  1.670257853754044E-05 106731779	  21     100.00     105.00  2.662231659284638E-02  1.564381163174675E-05 106731779	  21     100.00     105.00  2.662231659284638E-02  1.564381163174675E-05 106731779	  21     100.00     105.00  2.881017409241324E-02  1.793387696606547E-05 106731779	  21     100.00     105.00  2.881017409241324E-02  1.793387696606547E-05 106731779	  21     100.00     105.00  2.769291796309014E-02  1.670257853754044E-05 106731779
  22     105.00     110.00  2.582512399753902E-02  1.636388280469134E-05 100858299	  22     105.00     110.00  2.582512399753902E-02  1.636388280469134E-05 100858299	  22     105.00     110.00  2.480587605344768E-02  1.531045493725943E-05 100858299	  22     105.00     110.00  2.480587605344768E-02  1.531045493725943E-05 100858299	  22     105.00     110.00  2.689322987841456E-02  1.759270936915293E-05 100858299	  22     105.00     110.00  2.689322987841456E-02  1.759270936915293E-05 100858299	  22     105.00     110.00  2.582512399753902E-02  1.636388280469134E-05 100858299
  23     110.00     115.00  2.407683182371021E-02  1.586579784215543E-05 95523802	  23     110.00     115.00  2.407683182371021E-02  1.586579784215543E-05 95523802	  23     110.00     115.00  2.310583177349226E-02  1.484693897759382E-05 95523802	  23     110.00     115.00  2.310583177349226E-02  1.484693897759382E-05 95523802	  23     110.00     115.00  2.509870494178628E-02  1.705275087814880E-05 95523802	  23     110.00     115.00  2.509870494178628E-02  1.705275087814880E-05 95523802	  23     110.00     115.00  2.407683182371021E-02  1.586579784215543E-05 95523802
  24     115.00     120.00  2.244815284708475E-02  1.547397017366955E-05 90626012	  24     115.00     120.00  2.244815284708475E-02  1.547397017366955E-05 90626012	  24     115.00     120.00  2.152451272396410E-02  1.446212598082301E-05 90626012	  24     115.00     120.00  2.152451272396410E-02  1.446212598082301E-05 90626012	  24     115.00     120.00  2.342399717016981E-02  1.665723628461990E-05 90626012	  24     115.00     120.00  2.342399717016981E-02  1.665723628461990E-05 90626012	  24     115.00     120.00  2.244815284708475E-02  1.547397017366955E-05 90626012
  25     120.00     125.00  2.094881736405312E-02  1.494672273126955E-05 86149721	  25     120.00     125.00  2.094881736405312E-02  1.494672273126955E-05 86149721	  25     120.00     125.00  2.006912209625814E-02  1.397277670315961E-05 86149721	  25     120.00     125.00  2.006912209625814E-02  1.397277670315961E-05 86149721	  25     120.00     125.00  2.188181795458633E-02  1.608353741331564E-05 86149721	  25     120.00     125.00  2.188181795458633E-02  1.608353741331564E-05 86149721	  25     120.00     125.00  2.094881736405312E-02  1.494672273126955E-05 86149721
  26     125.00     130.00  1.957790906863914E-02  1.467243875330333E-05 82049631	  26     125.00     130.00  1.957790906863914E-02  1.467243875330333E-05 82049631	  26     125.00     130.00  1.873834893573756E-02  1.369948659688566E-05 82049631	  26     125.00     130.00  1.873834893573756E-02  1.369948659688566E-05 82049631	  26     125.00     130.00  2.047190393353654E-02  1.581114704347535E-05 82049631	  26     125.00     130.00  2.047190393353654E-02  1.581114704347535E-05 82049631	  26     125.00     130.00  1.957790906863914E-02  1.467243875330333E-05 82049631
  27     130.00     135.00  1.829119025386804E-02  1.411154892047551E-05 78236517	  27     130.00     135.00  1.829119025386804E-02  1.411154892047551E-05 78236517	  27     130.00     135.00  1.749243602659557E-02  1.318071089177998E-05 78236517	  27     130.00     135.00  1.749243602659557E-02  1.318071089177998E-05 78236517	  27     130.00     135.00  1.914450103301376E-02  1.519983581102411E-05 78236517	  27     130.00     135.00  1.914450103301376E-02  1.519983581102411E-05 78236517	  27     130.00     135.00  1.829119025386804E-02  1.411154892047551E-05 78236517
  28     135.00     140.00  1.708943546338074E-02  1.370318536328577E-05 74716097	  28     135.00     140.00  1.708943546338074E-02  1.370318536328577E-05 74716097	  28     135.00     140.00  1.633024767554022E-02  1.279542175590478E-05 74716097	  28     135.00     140.00  1.633024767554022E-02  1.279542175590478E-05 74716097	  28     135.00     140.00  1.790295256259752E-02  1.476363712346591E-05 74716097	  28     135.00     140.00  1.790295256259752E-02  1.476363712346591E-05 74716097	  28     135.00     140.00  1.708943546338074E-02  1.370318536328577E-05 74716097
  29     140.00     145.00  1.600217723669352E-02  1.335648790561797E-05 71457175	  29     140.00     145.00  1.600217723669352E-02  1.335648790561797E-05 71457175	  29     140.00     145.00  1.527913219723853E-02  1.246495676610335E-05 71457175	  29     140.00     145.00  1.527913219723853E-02  1.246495676610335E-05 71457175	  29     140.00     145.00  1.677931690161490E-02  1.439866430033956E-05 71457175	  29     140.00     145.00  1.677931690161490E-02  1.439866430033956E-05 71457175	  29     140.00     145.00  1.600217723669352E-02  1.335648790561797E-05 71457175
  30     145.00     150.00  1.502374527093567E-02  1.315707646577845E-05 68419653	  30     145.00     150.00  1.502374527093567E-02  1.315707646577845E-05 68419653	  30     145.00     150.00  1.433257798117711E-02  1.226465597064663E-05 68419653	  30     145.00     150.00  1.433257798117711E-02  1.226465597064663E-05 68419653	  30     145.00     150.00  1.576899918809257E-02  1.420275242154794E-05 68419653	  30     145.00     150.00  1.576899918809257E-02  1.420275242154794E-05 68419653	  30     145.00     150.00  1.502374527093567E-02  1.315707646577845E-05 68419653
  31     150.00     155.00  1.407573994530185E-02  1.272778945782605E-05 65577407	  31     150.00     155.00  1.407573994530185E-02  1.272778945782605E-05 65577407	  31     150.00     155.00  1.341841630422316E-02  1.184376285946272E-05 65577407	  31     150.00     155.00  1.341841630422316E-02  1.184376285946272E-05 65577407	  31     150.00     155.00  1.478636122866613E-02  1.377013635711980E-05 65577407	  31     150.00     155.00  1.478636122866613E-02  1.377013635711980E-05 65577407	  31     150.00     155.00  1.407573994530185E-02  1.272778945782605E-05 65577407
  32     155.00     160.00  1.321605161462260E-02  1.214375140982311E-05 62926016	  32     155.00     160.00  1.321605161462260E-02  1.214375140982311E-05 62926016	  32     155.00     160.00  1.258921286657497E-02  1.131502178830674E-05 62926016	  32     155.00     160.00  1.258921286657497E-02  1.131502178830674E-05 62926016	  32     155.00     160.00  1.389548764977885E-02  1.311601754365656E-05 62926016	  32     155.00     160.00  1.389548764977885E-02  1.311601754365656E-05 62926016	  32     155.00     160.00  1.321605161462260E-02  1.214375140982311E-05 62926016
  33     160.00     165.00  1.241404076973346E-02  1.194742963075269E-05 60422494	  33     160.00     165.00  1.241404076973346E-02  1.194742963075269E-05 60422494	  33     160.00     165.00  1.181701666025459E-02  1.111503267842404E-05 60422494	  33     160.00     165.00  1.181701666025459E-02  1.111503267842404E-05 60422494	  33     160.00     165.00  1.306268774557389E-02  1.292686584264384E-05 60422494	  33     160.00     165.00  1.306268774557389E-02  1.292686584264384E-05 60422494	  33     160.00     165.00  1.241404076973346E-02  1.194742963075269E-05 60422494
  34     165.00     170.00  1.169399404121729E-02  1.159817533005473E-05 58074170	  34     165.00     170.00  1.169399404121729E-02  1.159817533005473E-05 58074170	  34     165.00     170.00  1.112335567746022E-02  1.079210395100411E-05 58074170	  34     165.00     170.00  1.112335567746022E-02  1.079210395100411E-05 58074170	  34     165.00     170.00  1.231547906852969E-02  1.254505668165697E-05 58074170	  34     165.00     170.00  1.231547906852969E-02  1.254505668165697E-05 58074170	  34     165.00     170.00  1.169399404121729E-02  1.159817533005473E-05 58074170
  35     170.00     175.00  1.097705834529069E-02  1.090395189560059E-05 55862302	  35     170.00     175.00  1.097705834529069E-02  1.090395189560059E-05 55862302	  35     170.00     175.00  1.043557162330404E-02  1.015951674254476E-05 55862302	  35     170.00     175.00  1.043557162330404E-02  1.015951674254476E-05 55862302	  35     170.00     175.00  1.156780669526896E-02  1.177675278002278E-05 55862302	  35     170.00     175.00  1.156780669526896E-02  1.177675278002278E-05 55862302	  35     170.00     175.00  1.097705834529069E-02  1.090395189560059E-05 55862302
  36     175.00     180.00  1.035236155364653E-02  1.073413548987702E-05 53773096	  36     175.00     180.00  1.035236155364653E-02  1.073413548987702E-05 53773096	  36     175.00     180.00  9.834139802883033E-03  9.988897609040943E-06 53773096	  36     175.00     180.00  9.834139802883033E-03  9.988897609040943E-06 53773096	  36     175.00     180.00  1.091914930115026E-02  1.160955814311725E-05 53773096	  36     175.00     180.00  1.091914930115026E-02  1.160955814311725E-05 53773096	  36     175.00     180.00  1.035236155364653E-02  1.073413548987702E-05 53773096
  37     180.00     185.00  9.779680899083472E-03  1.062986474463623E-05 51792059	  37     180.00     185.00  9.779680899083472E-03  1.062986474463623E-05 51792059	  37     180.00     185.00  9.283596261177637E-03  9.877017117461324E-06 51792059	  37     180.00     185.00  9.283596261177637E-03  9.877017117461324E-06 51792059	  37     180.00     185.00  1.032342444299621E-02  1.151705576810595E-05 51792059	  37     180.00     185.00  1.032342444299621E-02  1.151705576810595E-05 51792059	  37     180.00     185.00  9.779680899083472E-03  1.062986474463623E-05 51792059
  38     185.00     190.00  9.235061488421374E-03  1.010677990143856E-05 49938423	  38     185.00     190.00  9.235061488421374E-03  1.010677990143856E-05 49938423	  38     185.00     190.00  8.760606020886396E-03  9.395678197504733E-06 49938423	  38     185.00     190.00  8.760606020886396E-03  9.395678197504733E-06 49938423	  38     185.00     190.00  9.756167945691667E-03  1.094356862028878E-05 49938423	  38     185.00     190.00  9.756167945691667E-03  1.094356862028878E-05 49938423	  38     185.00     190.00  9.235061488421374E-03  1.010677990143856E-05 49938423
  39     190.00     195.00  8.712785870533717E-03  1.012408068397959E-05 48167944	  39     190.00     195.00  8.712785870533717E-03  1.012408068397959E-05 48167944	  39     190.00     195.00  8.260958622659725E-03  9.397287154697390E-06 48167944	  39     190.00     195.00  8.260958622659725E-03  9.397287154697390E-06 48167944	  39     190.00     195.00  9.209774746714893E-03  1.098063847000741E-05 48167944	  39     190.00     195.00  9.209774746714893E-03  1.098063847000741E-05 48167944	  39     190.00     195.00  8.712785870533717E-03  1.012408068397959E-05 48167944
  40     195.00     200.00  8.232586646444943E-03  9.421768934244230E-06 46496986	  40     195.00     200.00  8.232586646444943E-03  9.421768934244230E-06 46496986	  40     195.00     200.00  7.800319246986470E-03  8.757658459400870E-06 46496986	  40     195.00     200.00  7.800319246986470E-03  8.757658459400870E-06 46496986	  40     195.00     200.00  8.709018711182754E-03  1.020330883800498E-05 46496986	  40     195.00     200.00  8.709018711182754E-03  1.020330883800498E-05 46496986	  40     195.00     200.00  8.232586646444943E-03  9.421768934244230E-06 46496986
  41     200.00     205.00  7.786480756251411E-03  9.336876555762475E-06 44887875	  41     200.00     205.00  7.786480756251411E-03  9.336876555762475E-06 44887875	  41     200.00     205.00  7.372487486564458E-03  8.666041713325363E-06 44887875	  41     200.00     205.00  7.372487486564458E-03  8.666041713325363E-06 44887875	  41     200.00     205.00  8.243679771220676E-03  1.012780143346944E-05 44887875	  41     200.00     205.00  8.243679771220676E-03  1.012780143346944E-05 44887875	  41     200.00     205.00  7.786480756251411E-03  9.336876555762475E-06 44887875
  42     205.00     210.00  7.362109712848119E-03  8.891485805356807E-06 43380748	  42     205.00     210.00  7.362109712848119E-03  8.891485805356807E-06 43380748	  42     205.00     210.00  6.966960454459090E-03  8.258353996401512E-06 43380748	  42     205.00     210.00  6.966960454459090E-03  8.258353996401512E-06 43380748	  42     205.00     210.00  7.799130800603770E-03  9.637270187245765E-06 43380748	  42     205.00     210.00  7.799130800603770E-03  9.637270187245765E-06 43380748	  42     205.00     210.00  7.362109712848119E-03  8.891485805356807E-06 43380748
  43     210.00     215.00  6.975612081153010E-03  8.857455371617265E-06 41939933	  43     210.00     215.00  6.975612081153010E-03  8.857455371617265E-06 41939933	  43     210.00     215.00  6.596654788794812E-03  8.208186475207315E-06 41939933	  43     210.00     215.00  6.596654788794812E-03  8.208186475207315E-06 41939933	  43     210.00     215.00  7.395527832557598E-03  9.625125555343712E-06 41939933	  43     210.00     215.00  7.395527832557598E-03  9.625125555343712E-06 41939933	  43     210.00     215.00  6.975612081153010E-03  8.857455371617265E-06 41939933
  44     215.00     220.00  6.602365480152058E-03  8.570469399675802E-06 40562019	  44     215.00     220.00  6.602365480152058E-03  8.570469399675802E-06 40562019	  44     215.00     220.00  6.240322416613306E-03  7.945632953402574E-06 40562019	  44     215.00     220.00  6.240322416613306E-03  7.945632953402574E-06 40562019	  44     215.00     220.00  7.004091378677859E-03  9.307850612807474E-06 40562019	  44     215.00     220.00  7.004091378677859E-03  9.307850612807474E-06 40562019	  44     215.00     220.00  6.602365480152058E-03  8.570469399675802E-06 40562019
  45     220.00     225.00  6.261571239752962E-03  8.364614604308373E-06 39245176	  45     220.00     225.00  6.261571239752962E-03  8.364614604308373E-06 39245176	  45     220.00     225.00  5.914993031293263E-03  7.747680387501909E-06 39245176	  45     220.00     225.00  5.914993031293263E-03  7.747680387501909E-06 39245176	  45     220.00     225.00  6.646702328846203E-03  9.094259374931619E-06 39245176	  45     220.00     225.00  6.646702328846203E-03  9.094259374931619E-06 39245176	  45     220.00     225.00  6.261571239752962E-03  8.364614604308373E-06 39245176
  46     225.00     230.00  5.930077034647395E-03  7.991571016762142E-06 38000771	  46     225.00     230.00  5.930077034647395E-03  7.991571016762142E-06 38000771	  46     225.00     230.00  5.598725042993627E-03  7.405609164898659E-06 38000771	  46     225.00     230.00  5.598725042993627E-03  7.405609164898659E-06 38000771	  46     225.00     230.00  6.298833884455481E-03  8.684053691662575E-06 38000771	  46     225.00     230.00  6.298833884455481E-03  8.684053691662575E-06 38000771	  46     225.00     230.00  5.930077034647395E-03  7.991571016762142E-06 38000771
  47     230.00     235.00  5.618218234114932E-03  7.628190324051157E-06 36809954	  47     230.00     235.00  5.618218234114932E-03  7.628190324051157E-06 36809954	  47     230.00     235.00  5.301340407053044E-03  7.075261423970090E-06 36809954	  47     230.00     235.00  5.301340407053044E-03  7.075261423970090E-06 36809954	  47     230.00     235.00  5.971337255324933E-03  8.280014650220873E-06 36809954	  47     230.00     235.00  5.971337255324933E-03  8.280014650220873E-06 36809954	  47     230.00     235.00  5.618218234114932E-03  7.628190324051157E-06 36809954
  48     235.00     240.00  5.334295830579444E-03  7.534608388740365E-06 35664493	  48     235.00     240.00  5.334295830579444E-03  7.534608388740365E-06 35664493	  48     235.00     240.00  5.030656737451401E-03  6.980340876973092E-06 35664493	  48     235.00     240.00  5.030656737451401E-03  6.980340876973092E-06 35664493	  48     235.00     240.00  5.673116192687929E-03  8.188894017830327E-06 35664493	  48     235.00     240.00  5.673116192687929E-03  8.188894017830327E-06 35664493	  48     235.00     240.00  5.334295830579444E-03  7.534608388740365E-06 35664493
  49     240.00     245.00  5.067448138069772E-03  7.238571053117766E-06 34562170	  49     240.00     245.00  5.067448138069772E-03  7.238571053117766E-06 34562170	  49     240.00     245.00  4.776555280961329E-03  6.707285427825865E-06 34562170	  49     240.00     245.00  4.776555280961329E-03  6.707285427825865E-06 34562170	  49     240.00     245.00  5.392443729165730E-03  7.865797678856726E-06 34562170	  49     240.00     245.00  5.392443729165730E-03  7.865797678856726E-06 34562170	  49     240.00     245.00  5.067448138069772E-03  7.238571053117766E-06 34562170
  50     245.00     250.00  4.807404788963847E-03  7.077525592606716E-06 33530606	  50     245.00     250.00  4.807404788963847E-03  7.077525592606716E-06 33530606	  50     245.00     250.00  4.528710988233447E-03  6.554928041601626E-06 33530606	  50     245.00     250.00  4.528710988233447E-03  6.554928041601626E-06 33530606	  50     245.00     250.00  5.119267200810034E-03  7.695157814729084E-06 33530606	  50     245.00     250.00  5.119267200810034E-03  7.695157814729084E-06 33530606	  50     245.00     250.00  4.807404788963847E-03  7.077525592606716E-06 33530606
  51     250.00     255.00  4.584843145055598E-03  7.011535521753972E-06 32525909	  51     250.00     255.00  4.584843145055598E-03  7.011535521753972E-06 32525909	  51     250.00     255.00  4.316874532590321E-03  6.482646430393674E-06 32525909	  51     250.00     255.00  4.316874532590321E-03  6.482646430393674E-06 32525909	  51     250.00     255.00  4.885021997674124E-03  7.637550426870713E-06 32525909	  51     250.00     255.00  4.885021997674124E-03  7.637550426870713E-06 32525909	  51     250.00     255.00  4.584843145055598E-03  7.011535521753972E-06 32525909
  52     255.00     260.00  4.343275018949298E-03  6.580339242023124E-06 31562655	  52     255.00     260.00  4.343275018949298E-03  6.580339242023124E-06 31562655	  52     255.00     260.00  4.087743897460809E-03  6.093330276381062E-06 31562655	  52     255.00     260.00  4.087743897460809E-03  6.093330276381062E-06 31562655	  52     255.00     260.00  4.629821705824060E-03  7.156080509991026E-06 31562655	  52     255.00     260.00  4.629821705824060E-03  7.156080509991026E-06 31562655	  52     255.00     260.00  4.343275018949298E-03  6.580339242023124E-06 31562655
  53     260.00     265.00  4.141532403025637E-03  6.498842378957508E-06 30647622	  53     260.00     265.00  4.141532403025637E-03  6.498842378957508E-06 30647622	  53     260.00     265.00  3.895731612339855E-03  6.012578448517821E-06 30647622	  53     260.00     265.00  3.895731612339855E-03  6.012578448517821E-06 30647622	  53     260.00     265.00  4.417508774307052E-03  7.074613618058480E-06 30647622	  53     260.00     265.00  4.417508774307052E-03  7.074613618058480E-06 30647622	  53     260.00     265.00  4.141532403025637E-03  6.498842378957508E-06 30647622
  54     265.00     270.00  3.950242584873449E-03  6.486793085436538E-06 29756613	  54     265.00     270.00  3.950242584873449E-03  6.486793085436538E-06 29756613	  54     265.00     270.00  3.713439916216076E-03  5.992711286963889E-06 29756613	  54     265.00     270.00  3.713439916216076E-03  5.992711286963889E-06 29756613	  54     265.00     270.00  4.216530972336820E-03  7.072438821627818E-06 29756613	  54     265.00     270.00  4.216530972336820E-03  7.072438821627818E-06 29756613	  54     265.00     270.00  3.950242584873449E-03  6.486793085436538E-06 29756613
  55     270.00     275.00  3.758019038573568E-03  6.106726756618913E-06 28923586	  55     270.00     275.00  3.758019038573568E-03  6.106726756618913E-06 28923586	  55     270.00     275.00  3.531090739744893E-03  5.646294635585639E-06 28923586	  55     270.00     275.00  3.531090739744893E-03  5.646294635585639E-06 28923586	  55     270.00     275.00  4.013458365707681E-03  6.651772950119106E-06 28923586	  55     270.00     275.00  4.013458365707681E-03  6.651772950119106E-06 28923586	  55     270.00     275.00  3.758019038573568E-03  6.106726756618913E-06 28923586
  56     275.00     280.00  3.568752603046039E-03  5.892240837871516E-06 28100633	  56     275.00     280.00  3.568752603046039E-03  5.892240837871516E-06 28100633	  56     275.00     280.00  3.351795707759517E-03  5.448580088279143E-06 28100633	  56     275.00     280.00  3.351795707759517E-03  5.448580088279143E-06 28100633	  56     275.00     280.00  3.813192152328176E-03  6.417162055776383E-06 28100633	  56     275.00     280.00  3.813192152328176E-03  6.417162055776383E-06 28100633	  56     275.00     280.00  3.568752603046039E-03  5.892240837871516E-06 28100633
  57     280.00     285.00  3.410721414813674E-03  5.824976443482826E-06 27326099	  57     280.00     285.00  3.410721414813674E-03  5.824976443482826E-06 27326099	  57     280.00     285.00  3.201589304035724E-03  5.379447674097237E-06 27326099	  57     280.00     285.00  3.201589304035724E-03  5.379447674097237E-06 27326099	  57     280.00     285.00  3.646647655067682E-03  6.353896406296688E-06 27326099	  57     280.00     285.00  3.646647655067682E-03  6.353896406296688E-06 27326099	  57     280.00     285.00  3.410721414813674E-03  5.824976443482826E-06 27326099
  58     285.00     290.00  3.241080736701873E-03  5.536523846809220E-06 26567873	  58     285.00     290.00  3.241080736701873E-03  5.536523846809220E-06 26567873	  58     285.00     290.00  3.040929524835036E-03  5.117902835575622E-06 26567873	  58     285.00     290.00  3.040929524835036E-03  5.117902835575622E-06 26567873	  58     285.00     290.00  3.467105524762335E-03  6.032420928675432E-06 26567873	  58     285.00     290.00  3.467105524762335E-03  6.032420928675432E-06 26567873	  58     285.00     290.00  3.241080736701873E-03  5.536523846809220E-06 26567873
  59     290.00     295.00  3.093806761903789E-03  5.475520156809488E-06 25839777	  59     290.00     295.00  3.093806761903789E-03  5.475520156809488E-06 25839777	  59     290.00     295.00  2.901496519630074E-03  5.059000528803139E-06 25839777	  59     290.00     295.00  2.901496519630074E-03  5.059000528803139E-06 25839777	  59     290.00     295.00  3.311189434745157E-03  5.969570181835417E-06 25839777	  59     290.00     295.00  3.311189434745157E-03  5.969570181835417E-06 25839777	  59     290.00     295.00  3.093806761903789E-03  5.475520156809488E-06 25839777
  60     295.00     300.00  2.955396801797614E-03  5.436927402327463E-06 25150772	  60     295.00     300.00  2.955396801797614E-03  5.436927402327463E-06 25150772	  60     295.00     300.00  2.769956092318212E-03  5.011674379309444E-06 25150772	  60     295.00     300.00  2.769956092318212E-03  5.011674379309444E-06 25150772	  60     295.00     300.00  3.165288471222497E-03  5.942811239447689E-06 25150772	  60     295.00     300.00  3.165288471222497E-03  5.942811239447689E-06 25150772	  60     295.00     300.00  2.955396801797614E-03  5.436927402327463E-06 25150772
  61     300.00     305.00  2.822994687704365E-03  5.250821988170417E-06 24483109	  61     300.00     305.00  2.822994687704365E-03  5.250821988170417E-06 24483109	  61     300.00     305.00  2.645066466434452E-03  4.848214715618681E-06 24483109	  61     300.00     305.00  2.645066466434452E-03  4.848214715618681E-06 24483109	  61     300.00     305.00  3.024484167706257E-03  5.727768707121916E-06 24483109	  61     300.00     305.00  3.024484167706257E-03  5.727768707121916E-06 24483109	  61     300.00     305.00  2.822994687704365E-03  5.250821988170417E-06 24483109
  62     305.00     310.00  2.687751879952978E-03  5.091034654743435E-06 23818097	  62     305.00     310.00  2.687751879952978E-03  5.091034654743435E-06 23818097	  62     305.00     310.00  2.517110738236781E-03  4.696278712811835E-06 23818097	  62     305.00     310.00  2.517110738236781E-03  4.696278712811835E-06 23818097	  62     305.00     310.00  2.881197663875672E-03  5.559564769153597E-06 23818097	  62     305.00     310.00  2.881197663875672E-03  5.559564769153597E-06 23818097	  62     305.00     310.00  2.687751879952978E-03  5.091034654743435E-06 23818097
  63     310.00     315.00  2.578139127086177E-03  6.383487625644441E-06 23198386	  63     310.00     315.00  2.578139127086177E-03  6.383487625644441E-06 23198386	  63     310.00     315.00  2.412939727339072E-03  5.742793135524134E-06 23198386	  63     310.00     315.00  2.412939727339072E-03  5.742793135524134E-06 23198386	  63     310.00     315.00  2.765690713807419E-03  7.176530763179707E-06 23198386	  63     310.00     315.00  2.765690713807419E-03  7.176530763179707E-06 23198386	  63     310.00     315.00  2.578139127086177E-03  6.383487625644441E-06 23198386
  64     315.00     320.00  2.460185824132011E-03  4.851245020961391E-06 22608031	  64     315.00     320.00  2.460185824132011E-03  4.851245020961391E-06 22608031	  64     315.00     320.00  2.302015211846687E-03  4.472699973298616E-06 22608031	  64     315.00     320.00  2.302015211846687E-03  4.472699973298616E-06 22608031	  64     315.00     320.00  2.639811956047420E-03  5.300823126199948E-06 22608031	  64     315.00     320.00  2.639811956047420E-03  5.300823126199948E-06 22608031	  64     315.00     320.00  2.460185824132011E-03  4.851245020961391E-06 22608031
  65     320.00     325.00  2.349602617688779E-03  4.744380963598507E-06 22028122	  65     320.00     325.00  2.349602617688779E-03  4.744380963598507E-06 22028122	  65     320.00     325.00  2.197352976107947E-03  4.367443168672901E-06 22028122	  65     320.00     325.00  2.197352976107947E-03  4.367443168672901E-06 22028122	  65     320.00     325.00  2.522688268204507E-03  5.193697388433563E-06 22028122	  65     320.00     325.00  2.522688268204507E-03  5.193697388433563E-06 22028122	  65     320.00     325.00  2.349602617688779E-03  4.744380963598507E-06 22028122
  66     325.00     330.00  2.242235804240530E-03  4.556594315254246E-06 21466716	  66     325.00     330.00  2.242235804240530E-03  4.556594315254246E-06 21466716	  66     325.00     330.00  2.096359329507112E-03  4.201458349296539E-06 21466716	  66     325.00     330.00  2.096359329507112E-03  4.201458349296539E-06 21466716	  66     325.00     330.00  2.408161948148776E-03  4.978127500761491E-06 21466716	  66     325.00     330.00  2.408161948148776E-03  4.978127500761491E-06 21466716	  66     325.00     330.00  2.242235804240530E-03  4.556594315254246E-06 21466716
  67     330.00     335.00  2.146880283880669E-03  4.380563841858567E-06 20923117	  67     330.00     335.00  2.146880283880669E-03  4.380563841858567E-06 20923117	  67     330.00     335.00  2.006206622500973E-03  4.040784843586321E-06 20923117	  67     330.00     335.00  2.006206622500973E-03  4.040784843586321E-06 20923117	  67     330.00     335.00  2.307049560545187E-03  4.783770836476011E-06 20923117	  67     330.00     335.00  2.307049560545187E-03  4.783770836476011E-06 20923117	  67     330.00     335.00  2.146880283880669E-03  4.380563841858567E-06 20923117
  68     335.00     340.00  2.050983606934809E-03  4.300526229866606E-06 20409255	  68     335.00     340.00  2.050983606934809E-03  4.300526229866606E-06 20409255	  68     335.00     340.00  1.915946173733587E-03  3.965856902807970E-06 20409255	  68     335.00     340.00  1.915946173733587E-03  3.965856902807970E-06 20409255	  68     335.00     340.00  2.204813287544293E-03  4.697235616445527E-06 20409255	  68     335.00     340.00  2.204813287544293E-03  4.697235616445527E-06 20409255	  68     335.00     340.00  2.050983606934809E-03  4.300526229866606E-06 20409255
  69     340.00     345.00  1.957008557921809E-03  4.178076932828660E-06 19900278	  69     340.00     345.00  1.957008557921809E-03  4.178076932828660E-06 19900278	  69     340.00     345.00  1.827617372256268E-03  3.856261439692050E-06 19900278	  69     340.00     345.00  1.827617372256268E-03  3.856261439692050E-06 19900278	  69     340.00     345.00  2.104485535473183E-03  4.558923951644452E-06 19900278	  69     340.00     345.00  2.104485535473183E-03  4.558923951644452E-06 19900278	  69     340.00     345.00  1.957008557921809E-03  4.178076932828660E-06 19900278
  70     345.00     350.00  1.881350174739888E-03  4.059409622410548E-06 19416119	  70     345.00     350.00  1.881350174739888E-03  4.059409622410548E-06 19416119	  70     345.00     350.00  1.755788233057594E-03  3.741687073222398E-06 19416119	  70     345.00     350.00  1.755788233057594E-03  3.741687073222398E-06 19416119	  70     345.00     350.00  2.024655254195827E-03  4.436138323598094E-06 19416119	  70     345.00     350.00  2.024655254195827E-03  4.436138323598094E-06 19416119	  70     345.00     350.00  1.881350174739888E-03  4.059409622410548E-06 19416119
  71     350.00     355.00  1.797270724692428E-03  3.997053044130641E-06 18945665	  71     350.00     355.00  1.797270724692428E-03  3.997053044130641E-06 18945665	  71     350.00     355.00  1.676981696537753E-03  3.680183139604108E-06 18945665	  71     350.00     355.00  1.676981696537753E-03  3.680183139604108E-06 18945665	  71     350.00     355.00  1.934612929515561E-03  4.373714753722326E-06 18945665	  71     350.00     355.00  1.934612929515561E-03  4.373714753722326E-06 18945665	  71     350.00     355.00  1.797270724692428E-03  3.997053044130641E-06 18945665
  72     355.00     360.00  1.722605199181491E-03  3.878540110737198E-06 18486873	  72     355.00     360.00  1.722605199181491E-03  3.878540110737198E-06 18486873	  72     355.00     360.00  1.606571741859245E-03  3.575101297059357E-06 18486873	  72     355.00     360.00  1.606571741859245E-03  3.575101297059357E-06 18486873	  72     355.00     360.00  1.855199782600046E-03  4.238314693679563E-06 18486873	  72     355.00     360.00  1.855199782600046E-03  4.238314693679563E-06 18486873	  72     355.00     360.00  1.722605199181491E-03  3.878540110737198E-06 18486873
  73     360.00     365.00  1.643675620957032E-03  3.738846827528893E-06 18054431	  73     360.00     365.00  1.643675620957032E-03  3.738846827528893E-06 18054431	  73     360.00     365.00  1.532454524378694E-03  3.444784639027034E-06 18054431	  73     360.00     365.00  1.532454524378694E-03  3.444784639027034E-06 18054431	  73     360.00     365.00  1.770846699710424E-03  4.087856216959376E-06 18054431	  73     360.00     365.00  1.770846699710424E-03  4.087856216959376E-06 18054431	  73     360.00     365.00  1.643675620957032E-03  3.738846827528893E-06 18054431
  74     365.00     370.00  1.580322719004664E-03  3.935954272610127E-06 17634700	  74     365.00     370.00  1.580322719004664E-03  3.935954272610127E-06 17634700	  74     365.00     370.00  1.472752898759957E-03  3.626568777414528E-06 17634700	  74     365.00     370.00  1.472752898759957E-03  3.626568777414528E-06 17634700	  74     365.00     370.00  1.703410396480202E-03  4.302445344647557E-06 17634700	  74     365.00     370.00  1.703410396480202E-03  4.302445344647557E-06 17634700	  74     365.00     370.00  1.580322719004664E-03  3.935954272610127E-06 17634700
  75     370.00     375.00  1.517488542705697E-03  3.637234704363072E-06 17221038	  75     370.00     375.00  1.517488542705697E-03  3.637234704363072E-06 17221038	  75     370.00     375.00  1.413461273356773E-03  3.344243091992550E-06 17221038	  75     370.00     375.00  1.413461273356773E-03  3.344243091992550E-06 17221038	  75     370.00     375.00  1.636645833869323E-03  3.985678360046897E-06 17221038	  75     370.00     375.00  1.636645833869323E-03  3.985678360046897E-06 17221038	  75     370.00     375.00  1.517488542705697E-03  3.637234704363072E-06 17221038
  76     375.00     380.00  1.454148075791968E-03  3.520321980607175E-06 16824641	  76     375.00     380.00  1.454148075791968E-03  3.520321980607175E-06 16824641	  76     375.00     380.00  1.354115376217430E-03  3.239181769859057E-06 16824641	  76     375.00     380.00  1.354115376217430E-03  3.239181769859057E-06 16824641	  76     375.00     380.00  1.568770141381660E-03  3.854120862716637E-06 16824641	  76     375.00     380.00  1.568770141381660E-03  3.854120862716637E-06 16824641	  76     375.00     380.00  1.454148075791968E-03  3.520321980607175E-06 16824641
  77     380.00     385.00  1.397425977192603E-03  3.411941096811466E-06 16434972	  77     380.00     385.00  1.397425977192603E-03  3.411941096811466E-06 16434972	  77     380.00     385.00  1.300837995001073E-03  3.141478018637872E-06 16434972	  77     380.00     385.00  1.300837995001073E-03  3.141478018637872E-06 16434972	  77     380.00     385.00  1.508177500836953E-03  3.732850794212627E-06 16434972	  77     380.00     385.00  1.508177500836953E-03  3.732850794212627E-06 16434972	  77     380.00     385.00  1.397425977192603E-03  3.411941096811466E-06 16434972
  78     385.00     390.00  1.332740630420988E-03  3.248694872258758E-06 16056151	  78     385.00     390.00  1.332740630420988E-03  3.248694872258758E-06 16056151	  78     385.00     390.00  1.240111761374925E-03  2.990074084282769E-06 16056151	  78     385.00     390.00  1.240111761374925E-03  2.990074084282769E-06 16056151	  78     385.00     390.00  1.439038521799582E-03  3.555947787431737E-06 16056151	  78     385.00     390.00  1.439038521799582E-03  3.555947787431737E-06 16056151	  78     385.00     390.00  1.332740630420988E-03  3.248694872258758E-06 16056151
  79     390.00     395.00  1.277543062315761E-03  3.223500099658526E-06 15696814	  79     390.00     395.00  1.277543062315761E-03  3.223500099658526E-06 15696814	  79     390.00     395.00  1.188279357729715E-03  2.963019372570189E-06 15696814	  79     390.00     395.00  1.188279357729715E-03  2.963019372570189E-06 15696814	  79     390.00     395.00  1.380040441475249E-03  3.533463545165316E-06 15696814	  79     390.00     395.00  1.380040441475249E-03  3.533463545165316E-06 15696814	  79     390.00     395.00  1.277543062315761E-03  3.223500099658526E-06 15696814
  80     395.00     400.00  1.229072430796370E-03  3.159040569997745E-06 15352155	  80     395.00     400.00  1.229072430796370E-03  3.159040569997745E-06 15352155	  80     395.00     400.00  1.142749457350130E-03  2.903053228117776E-06 15352155	  80     395.00     400.00  1.142749457350130E-03  2.903053228117776E-06 15352155	  80     395.00     400.00  1.328268649623802E-03  3.463671909409565E-06 15352155	  80     395.00     400.00  1.328268649623802E-03  3.463671909409565E-06 15352155	  80     395.00     400.00  1.229072430796370E-03  3.159040569997745E-06 15352155
  81     400.00     405.00  1.181091353818577E-03  3.036386019043131E-06 15003383	  81     400.00     405.00  1.181091353818577E-03  3.036386019043131E-06 15003383	  81     400.00     405.00  1.097819378088826E-03  2.792221171324165E-06 15003383	  81     400.00     405.00  1.097819378088826E-03  2.792221171324165E-06 15003383	  81     400.00     405.00  1.276826523046998E-03  3.326912679612082E-06 15003383	  81     400.00     405.00  1.276826523046998E-03  3.326912679612082E-06 15003383	  81     400.00     405.00  1.181091353818577E-03  3.036386019043131E-06 15003383
  82     405.00     410.00  1.134267639148267E-03  2.993000899911795E-06 14677631	  82     405.00     410.00  1.134267639148267E-03  2.993000899911795E-06 14677631	  82     405.00     410.00  1.053834859101343E-03  2.751125505776081E-06 14677631	  82     405.00     410.00  1.053834859101343E-03  2.751125505776081E-06 14677631	  82     405.00     410.00  1.226817749626453E-03  3.280816110036421E-06 14677631	  82     405.00     410.00  1.226817749626453E-03  3.280816110036421E-06 14677631	  82     405.00     410.00  1.134267639148267E-03  2.993000899911795E-06 14677631
  83     410.00     415.00  1.088756531706741E-03  2.943444913363157E-06 14353201	  83     410.00     415.00  1.088756531706741E-03  2.943444913363157E-06 14353201	  83     410.00     415.00  1.011165784315641E-03  2.703793737667947E-06 14353201	  83     410.00     415.00  1.011165784315641E-03  2.703793737667947E-06 14353201	  83     410.00     415.00  1.178096056576243E-03  3.229158881492379E-06 14353201	  83     410.00     415.00  1.178096056576243E-03  3.229158881492379E-06 14353201	  83     410.00     415.00  1.088756531706741E-03  2.943444913363157E-06 14353201
  84     415.00     420.00  1.043400024894929E-03  2.743802175996731E-06 14039686	  84     415.00     420.00  1.043400024894929E-03  2.743802175996731E-06 14039686	  84     415.00     420.00  9.689688310471215E-04  2.523117876678048E-06 14039686	  84     415.00     420.00  9.689688310471215E-04  2.523117876678048E-06 14039686	  84     415.00     420.00  1.129092531147459E-03  3.006429334794656E-06 14039686	  84     415.00     420.00  1.129092531147459E-03  3.006429334794656E-06 14039686	  84     415.00     420.00  1.043400024894929E-03  2.743802175996731E-06 14039686
  85     420.00     425.00  1.005210387574443E-03  2.825114151687001E-06 13753047	  85     420.00     425.00  1.005210387574443E-03  2.825114151687001E-06 13753047	  85     420.00     425.00  9.329382010558240E-04  2.590409507973275E-06 13753047	  85     420.00     425.00  9.329382010558240E-04  2.590409507973275E-06 13753047	  85     420.00     425.00  1.088510742051661E-03  3.105454392689061E-06 13753047	  85     420.00     425.00  1.088510742051661E-03  3.105454392689061E-06 13753047	  85     420.00     425.00  1.005210387574443E-03  2.825114151687001E-06 13753047
  86     425.00     430.00  9.698142218080942E-04  2.735332337189530E-06 13449788	  86     425.00     430.00  9.698142218080942E-04  2.735332337189530E-06 13449788	  86     425.00     430.00  8.997767369628147E-04  2.513233858466198E-06 13449788	  86     425.00     430.00  8.997767369628147E-04  2.513233858466198E-06 13449788	  86     425.00     430.00  1.050587831694289E-03  2.999663823237981E-06 13449788	  86     425.00     430.00  1.050587831694289E-03  2.999663823237981E-06 13449788	  86     425.00     430.00  9.698142218080942E-04  2.735332337189530E-06 13449788
  87     430.00     435.00  9.246300728822605E-04  2.644830847290614E-06 13173026	  87     430.00     435.00  9.246300728822605E-04  2.644830847290614E-06 13173026	  87     430.00     435.00  8.576482395466571E-04  2.426545740748434E-06 13173026	  87     430.00     435.00  8.576482395466571E-04  2.426545740748434E-06 13173026	  87     430.00     435.00  1.001906195860770E-03  2.904964097706619E-06 13173026	  87     430.00     435.00  1.001906195860770E-03  2.904964097706619E-06 13173026	  87     430.00     435.00  9.246300728822605E-04  2.644830847290614E-06 13173026
  88     435.00     440.00  8.899093938808334E-04  2.607561036519309E-06 12886518	  88     435.00     440.00  8.899093938808334E-04  2.607561036519309E-06 12886518	  88     435.00     440.00  8.251437036137296E-04  2.383757443400307E-06 12886518	  88     435.00     440.00  8.251437036137296E-04  2.383757443400307E-06 12886518	  88     435.00     440.00  9.646719795560055E-04  2.877204434732891E-06 12886518	  88     435.00     440.00  9.646719795560055E-04  2.877204434732891E-06 12886518	  88     435.00     440.00  8.899093938808334E-04  2.607561036519309E-06 12886518
  89     440.00     445.00  8.592641925502477E-04  2.486390079198122E-06 12619809	  89     440.00     445.00  8.592641925502477E-04  2.486390079198122E-06 12619809	  89     440.00     445.00  7.965937600782176E-04  2.283874882328129E-06 12619809	  89     440.00     445.00  7.965937600782176E-04  2.283874882328129E-06 12619809	  89     440.00     445.00  9.316157759300330E-04  2.726986444676910E-06 12619809	  89     440.00     445.00  9.316157759300330E-04  2.726986444676910E-06 12619809	  89     440.00     445.00  8.592641925502477E-04  2.486390079198122E-06 12619809
  90     445.00     450.00  8.237456966355742E-04  2.411028012802306E-06 12359061	  90     445.00     450.00  8.237456966355742E-04  2.411028012802306E-06 12359061	  90     445.00     450.00  7.633790910799420E-04  2.213502346709079E-06 12359061	  90     445.00     450.00  7.633790910799420E-04  2.213502346709079E-06 12359061	  90     445.00     450.00  8.934819462628210E-04  2.646022927698653E-06 12359061	  90     445.00     450.00  8.934819462628210E-04  2.646022927698653E-06 12359061	  90     445.00     450.00  8.237456966355742E-04  2.411028012802306E-06 12359061
  91     450.00     455.00  7.983673268172784E-04  2.775165009114804E-06 12102646	  91     450.00     455.00  7.983673268172784E-04  2.775165009114804E-06 12102646	  91     450.00     455.00  7.396536916489178E-04  2.541552651727632E-06 12102646	  91     450.00     455.00  7.396536916489178E-04  2.541552651727632E-06 12102646	  91     450.00     455.00  8.662301593897443E-04  3.052967426982366E-06 12102646	  91     450.00     455.00  8.662301593897443E-04  3.052967426982366E-06 12102646	  91     450.00     455.00  7.983673268172784E-04  2.775165009114804E-06 12102646
  92     455.00     460.00  7.651134769439588E-04  2.306665591864952E-06 11865889	  92     455.00     460.00  7.651134769439588E-04  2.306665591864952E-06 11865889	  92     455.00     460.00  7.086806051995963E-04  2.117219964860351E-06 11865889	  92     455.00     460.00  7.086806051995963E-04  2.117219964860351E-06 11865889	  92     455.00     460.00  8.303613154734491E-04  2.532171850585497E-06 11865889	  92     455.00     460.00  8.303613154734491E-04  2.532171850585497E-06 11865889	  92     455.00     460.00  7.651134769439588E-04  2.306665591864952E-06 11865889
  93     460.00     465.00  7.371959778154585E-04  2.273850139353529E-06 11622751	  93     460.00     465.00  7.371959778154585E-04  2.273850139353529E-06 11622751	  93     460.00     465.00  6.825490332790731E-04  2.087615397751846E-06 11622751	  93     460.00     465.00  6.825490332790731E-04  2.087615397751846E-06 11622751	  93     460.00     465.00  8.004252916627908E-04  2.495315679819602E-06 11622751	  93     460.00     465.00  8.004252916627908E-04  2.495315679819602E-06 11622751	  93     460.00     465.00  7.371959778154585E-04  2.273850139353529E-06 11622751
  94     465.00     470.00  7.099537040187300E-04  2.376974158386898E-06 11392211	  94     465.00     470.00  7.099537040187300E-04  2.376974158386898E-06 11392211	  94     465.00     470.00  6.570968842685491E-04  2.167321800160298E-06 11392211	  94     465.00     470.00  6.570968842685491E-04  2.167321800160298E-06 11392211	  94     465.00     470.00  7.711488177046664E-04  2.630054151375022E-06 11392211	  94     465.00     470.00  7.711488177046664E-04  2.630054151375022E-06 11392211	  94     465.00     470.00  7.099537040187300E-04  2.376974158386898E-06 11392211
  95     470.00     475.00  6.852579494562134E-04  2.213851054675492E-06 11165934	  95     470.00     475.00  6.852579494562134E-04  2.213851054675492E-06 11165934	  95     470.00     475.00  6.340573633169048E-04  2.029899547004321E-06 11165934	  95     470.00     475.00  6.340573633169048E-04  2.029899547004321E-06 11165934	  95     470.00     475.00  7.445547195406544E-04  2.432974389658505E-06 11165934	  95     470.00     475.00  7.445547195406544E-04  2.432974389658505E-06 11165934	  95     470.00     475.00  6.852579494562134E-04  2.213851054675492E-06 11165934
  96     475.00     480.00  6.595429128699145E-04  2.320494325868507E-06 10939931	  96     475.00     480.00  6.595429128699145E-04  2.320494325868507E-06 10939931	  96     475.00     480.00  6.100549008224843E-04  2.112835512586783E-06 10939931	  96     475.00     480.00  6.100549008224843E-04  2.112835512586783E-06 10939931	  96     475.00     480.00  7.168911803029838E-04  2.571373694478986E-06 10939931	  96     475.00     480.00  7.168911803029838E-04  2.571373694478986E-06 10939931	  96     475.00     480.00  6.595429128699145E-04  2.320494325868507E-06 10939931
  97     480.00     485.00  6.360733826849515E-04  2.077424705175099E-06 10731312	  97     480.00     485.00  6.360733826849515E-04  2.077424705175099E-06 10731312	  97     480.00     485.00  5.882766392599680E-04  1.904730585523968E-06 10731312	  97     480.00     485.00  5.882766392599680E-04  1.904730585523968E-06 10731312	  97     480.00     485.00  6.914618388184485E-04  2.283435532714935E-06 10731312	  97     480.00     485.00  6.914618388184485E-04  2.283435532714935E-06 10731312	  97     480.00     485.00  6.360733826849515E-04  2.077424705175099E-06 10731312
  98     485.00     490.00  6.111640137222197E-04  2.006513296661180E-06 10522645	  98     485.00     490.00  6.111640137222197E-04  2.006513296661180E-06 10522645	  98     485.00     490.00  5.650012297949662E-04  1.839450273126295E-06 10522645	  98     485.00     490.00  5.650012297949662E-04  1.839450273126295E-06 10522645	  98     485.00     490.00  6.647033594881256E-04  2.205624365657550E-06 10522645	  98     485.00     490.00  6.647033594881256E-04  2.205624365657550E-06 10522645	  98     485.00     490.00  6.111640137222197E-04  2.006513296661180E-06 10522645
  99     490.00     495.00  5.908781031534316E-04  2.027276459883364E-06 10316212	  99     490.00     495.00  5.908781031534316E-04  2.027276459883364E-06 10316212	  99     490.00     495.00  5.460224089252989E-04  1.858688444556167E-06 10316212	  99     490.00     495.00  5.460224089252989E-04  1.858688444556167E-06 10316212	  99     490.00     495.00  6.429349642768654E-04  2.228306032823853E-06 10316212	  99     490.00     495.00  6.429349642768654E-04  2.228306032823853E-06 10316212	  99     490.00     495.00  5.908781031534316E-04  2.027276459883364E-06 10316212
 100     495.00     500.00  5.676487375272213E-04  1.909687355402781E-06 10117851	 100     495.00     500.00  5.676487375272213E-04  1.909687355402781E-06 10117851	 100     495.00     500.00  5.244600293804639E-04  1.751032829591208E-06 10117851	 100     495.00     500.00  5.244600293804639E-04  1.751032829591208E-06 10117851	 100     495.00     500.00  6.177823606086164E-04  2.098797196362747E-06 10117851	 100     495.00     500.00  6.177823606086164E-04  2.098797196362747E-06 10117851	 100     495.00     500.00  5.676487375272213E-04  1.909687355402781E-06 10117851
# Underflow:                 0.0000000000000000E+00  0.0000000000000000E+00 0
# Overflow:                  9.4335564253401937E-04  8.2184366844404042E-07 68061667
#-------------------------------------------------------------------------------------	#-------------------------------------------------------------------------------------	#-------------------------------------------------------------------------------------	#-------------------------------------------------------------------------------------	#-------------------------------------------------------------------------------------	#-------------------------------------------------------------------------------------	#-------------------------------------------------------------------------------------
# Sum:                       5.2751646661200791E-01  8.4877251307318902E-05 508479000
#=====================================================================================	#=====================================================================================	#=====================================================================================	#=====================================================================================	#=====================================================================================	#=====================================================================================	#=====================================================================================
