# title = Rapidity Harder Jet
# xlabel = $y_{\text{j}_1}$
# ylabel = $\frac{\text{d}\sigma}{\text{d}y_{\text{j}_1}}\,[\text{fb}]$
# xmin= -4.500E+00
# xmax=  4.500E+00
# ymin=  1.000E-04
# ymax=  4.000E-01
# kmin= -2.000E+01
# kmax=  1.000E+01
# logscale = false
# Renormalization and factorization scale scaled by: 1.0000000000
# Renormalization scaled by: 1.0000000000
# Number of generated events: 6885073
#	#	#	#	#	#	#
#=====================================================================================	#=====================================================================================	#=====================================================================================	#=====================================================================================	#=====================================================================================	#=====================================================================================	#=====================================================================================
# No.       Left      Right                   Value                   Error Hits
#-------------------------------------------------------------------------------------	#-------------------------------------------------------------------------------------	#-------------------------------------------------------------------------------------	#-------------------------------------------------------------------------------------	#-------------------------------------------------------------------------------------	#-------------------------------------------------------------------------------------	#-------------------------------------------------------------------------------------
   1      -5.00      -4.90  0.000000000000000E+00  0.000000000000000E+00 0	   1      -5.00      -4.90  0.000000000000000E+00  0.000000000000000E+00 0	   1      -5.00      -4.90  0.000000000000000E+00  0.000000000000000E+00 0	   1      -5.00      -4.90  0.000000000000000E+00  0.000000000000000E+00 0	   1      -5.00      -4.90  0.000000000000000E+00  0.000000000000000E+00 0	   1      -5.00      -4.90  0.000000000000000E+00  0.000000000000000E+00 0	   1      -5.00      -4.90  0.000000000000000E+00  0.000000000000000E+00 0
   2      -4.90      -4.80  0.000000000000000E+00  0.000000000000000E+00 0	   2      -4.90      -4.80  0.000000000000000E+00  0.000000000000000E+00 0	   2      -4.90      -4.80  0.000000000000000E+00  0.000000000000000E+00 0	   2      -4.90      -4.80  0.000000000000000E+00  0.000000000000000E+00 0	   2      -4.90      -4.80  0.000000000000000E+00  0.000000000000000E+00 0	   2      -4.90      -4.80  0.000000000000000E+00  0.000000000000000E+00 0	   2      -4.90      -4.80  0.000000000000000E+00  0.000000000000000E+00 0
   3      -4.80      -4.70  0.000000000000000E+00  0.000000000000000E+00 0	   3      -4.80      -4.70  0.000000000000000E+00  0.000000000000000E+00 0	   3      -4.80      -4.70  0.000000000000000E+00  0.000000000000000E+00 0	   3      -4.80      -4.70  0.000000000000000E+00  0.000000000000000E+00 0	   3      -4.80      -4.70  0.000000000000000E+00  0.000000000000000E+00 0	   3      -4.80      -4.70  0.000000000000000E+00  0.000000000000000E+00 0	   3      -4.80      -4.70  0.000000000000000E+00  0.000000000000000E+00 0
   4      -4.70      -4.60  0.000000000000000E+00  0.000000000000000E+00 0	   4      -4.70      -4.60  0.000000000000000E+00  0.000000000000000E+00 0	   4      -4.70      -4.60  0.000000000000000E+00  0.000000000000000E+00 0	   4      -4.70      -4.60  0.000000000000000E+00  0.000000000000000E+00 0	   4      -4.70      -4.60  0.000000000000000E+00  0.000000000000000E+00 0	   4      -4.70      -4.60  0.000000000000000E+00  0.000000000000000E+00 0	   4      -4.70      -4.60  0.000000000000000E+00  0.000000000000000E+00 0
   5      -4.60      -4.50  0.000000000000000E+00  0.000000000000000E+00 0	   5      -4.60      -4.50  0.000000000000000E+00  0.000000000000000E+00 0	   5      -4.60      -4.50  0.000000000000000E+00  0.000000000000000E+00 0	   5      -4.60      -4.50  0.000000000000000E+00  0.000000000000000E+00 0	   5      -4.60      -4.50  0.000000000000000E+00  0.000000000000000E+00 0	   5      -4.60      -4.50  0.000000000000000E+00  0.000000000000000E+00 0	   5      -4.60      -4.50  0.000000000000000E+00  0.000000000000000E+00 0
   6      -4.50      -4.40  0.000000000000000E+00  0.000000000000000E+00 0	   6      -4.50      -4.40  0.000000000000000E+00  0.000000000000000E+00 0	   6      -4.50      -4.40  0.000000000000000E+00  0.000000000000000E+00 0	   6      -4.50      -4.40  0.000000000000000E+00  0.000000000000000E+00 0	   6      -4.50      -4.40  0.000000000000000E+00  0.000000000000000E+00 0	   6      -4.50      -4.40  0.000000000000000E+00  0.000000000000000E+00 0	   6      -4.50      -4.40  0.000000000000000E+00  0.000000000000000E+00 0
   7      -4.40      -4.30  0.000000000000000E+00  0.000000000000000E+00 0	   7      -4.40      -4.30  0.000000000000000E+00  0.000000000000000E+00 0	   7      -4.40      -4.30  0.000000000000000E+00  0.000000000000000E+00 0	   7      -4.40      -4.30  0.000000000000000E+00  0.000000000000000E+00 0	   7      -4.40      -4.30  0.000000000000000E+00  0.000000000000000E+00 0	   7      -4.40      -4.30  0.000000000000000E+00  0.000000000000000E+00 0	   7      -4.40      -4.30  0.000000000000000E+00  0.000000000000000E+00 0
   8      -4.30      -4.20  0.000000000000000E+00  0.000000000000000E+00 0	   8      -4.30      -4.20  0.000000000000000E+00  0.000000000000000E+00 0	   8      -4.30      -4.20  0.000000000000000E+00  0.000000000000000E+00 0	   8      -4.30      -4.20  0.000000000000000E+00  0.000000000000000E+00 0	   8      -4.30      -4.20  0.000000000000000E+00  0.000000000000000E+00 0	   8      -4.30      -4.20  0.000000000000000E+00  0.000000000000000E+00 0	   8      -4.30      -4.20  0.000000000000000E+00  0.000000000000000E+00 0
   9      -4.20      -4.10  0.000000000000000E+00  0.000000000000000E+00 0	   9      -4.20      -4.10  0.000000000000000E+00  0.000000000000000E+00 0	   9      -4.20      -4.10  0.000000000000000E+00  0.000000000000000E+00 0	   9      -4.20      -4.10  0.000000000000000E+00  0.000000000000000E+00 0	   9      -4.20      -4.10  0.000000000000000E+00  0.000000000000000E+00 0	   9      -4.20      -4.10  0.000000000000000E+00  0.000000000000000E+00 0	   9      -4.20      -4.10  0.000000000000000E+00  0.000000000000000E+00 0
  10      -4.10      -4.00  0.000000000000000E+00  0.000000000000000E+00 0	  10      -4.10      -4.00  0.000000000000000E+00  0.000000000000000E+00 0	  10      -4.10      -4.00  0.000000000000000E+00  0.000000000000000E+00 0	  10      -4.10      -4.00  0.000000000000000E+00  0.000000000000000E+00 0	  10      -4.10      -4.00  0.000000000000000E+00  0.000000000000000E+00 0	  10      -4.10      -4.00  0.000000000000000E+00  0.000000000000000E+00 0	  10      -4.10      -4.00  0.000000000000000E+00  0.000000000000000E+00 0
  11      -4.00      -3.90  3.541248025217533E-01  5.467783058703226E-03 66357038	  11      -4.00      -3.90  3.541248025217533E-01  5.467783058703226E-03 66357038	  11      -4.00      -3.90  3.322566854400002E-01  4.927758228813322E-03 66357038	  11      -4.00      -3.90  3.322566854400002E-01  4.927758228813322E-03 66357038	  11      -4.00      -3.90  3.786421704058961E-01  6.133608529371907E-03 66357038	  11      -4.00      -3.90  3.786421704058961E-01  6.133608529371907E-03 66357038	  11      -4.00      -3.90  3.541248025217533E-01  5.467783058703226E-03 66357038
  12      -3.90      -3.80  4.001454570971717E-01  8.661046288174551E-03 70876521	  12      -3.90      -3.80  4.001454570971717E-01  8.661046288174551E-03 70876521	  12      -3.90      -3.80  3.763904035141165E-01  7.738496146230770E-03 70876521	  12      -3.90      -3.80  3.763904035141165E-01  7.738496146230770E-03 70876521	  12      -3.90      -3.80  4.266479604950718E-01  9.794283518791412E-03 70876521	  12      -3.90      -3.80  4.266479604950718E-01  9.794283518791412E-03 70876521	  12      -3.90      -3.80  4.001454570971717E-01  8.661046288174551E-03 70876521
  13      -3.80      -3.70  4.476694654935076E-01  8.964206087623891E-03 75184084	  13      -3.80      -3.70  4.476694654935076E-01  8.964206087623891E-03 75184084	  13      -3.80      -3.70  4.218353876087506E-01  8.030849613052962E-03 75184084	  13      -3.80      -3.70  4.218353876087506E-01  8.030849613052962E-03 75184084	  13      -3.80      -3.70  4.763742659168974E-01  1.012119405321017E-02 75184084	  13      -3.80      -3.70  4.763742659168974E-01  1.012119405321017E-02 75184084	  13      -3.80      -3.70  4.476694654935076E-01  8.964206087623891E-03 75184084
  14      -3.70      -3.60  5.040120600450300E-01  8.332025275958410E-03 79247825	  14      -3.70      -3.60  5.040120600450300E-01  8.332025275958410E-03 79247825	  14      -3.70      -3.60  4.753380447008503E-01  7.537098486817671E-03 79247825	  14      -3.70      -3.60  4.753380447008503E-01  7.537098486817671E-03 79247825	  14      -3.70      -3.60  5.359105489199205E-01  9.288536559987829E-03 79247825	  14      -3.70      -3.60  5.359105489199205E-01  9.288536559987829E-03 79247825	  14      -3.70      -3.60  5.040120600450300E-01  8.332025275958410E-03 79247825
  15      -3.60      -3.50  5.393522355996037E-01  1.026317903778608E-02 83043994	  15      -3.60      -3.50  5.393522355996037E-01  1.026317903778608E-02 83043994	  15      -3.60      -3.50  5.098640388944674E-01  9.248299332912591E-03 83043994	  15      -3.60      -3.50  5.098640388944674E-01  9.248299332912591E-03 83043994	  15      -3.60      -3.50  5.719778642268402E-01  1.149719625681997E-02 83043994	  15      -3.60      -3.50  5.719778642268402E-01  1.149719625681997E-02 83043994	  15      -3.60      -3.50  5.393522355996037E-01  1.026317903778608E-02 83043994
  16      -3.50      -3.40  5.927587847289584E-01  8.097121948279887E-03 86536473	  16      -3.50      -3.40  5.927587847289584E-01  8.097121948279887E-03 86536473	  16      -3.50      -3.40  5.608176396154692E-01  7.419172588350323E-03 86536473	  16      -3.50      -3.40  5.608176396154692E-01  7.419172588350323E-03 86536473	  16      -3.50      -3.40  6.280380108103750E-01  8.911848956743474E-03 86536473	  16      -3.50      -3.40  6.280380108103750E-01  8.911848956743474E-03 86536473	  16      -3.50      -3.40  5.927587847289584E-01  8.097121948279887E-03 86536473
  17      -3.40      -3.30  6.226188168255271E-01  8.658453223023603E-03 89731412	  17      -3.40      -3.30  6.226188168255271E-01  8.658453223023603E-03 89731412	  17      -3.40      -3.30  5.905518884035065E-01  7.861290664273515E-03 89731412	  17      -3.40      -3.30  5.905518884035065E-01  7.861290664273515E-03 89731412	  17      -3.40      -3.30  6.578281761544521E-01  9.623583785385916E-03 89731412	  17      -3.40      -3.30  6.578281761544521E-01  9.623583785385916E-03 89731412	  17      -3.40      -3.30  6.226188168255271E-01  8.658453223023603E-03 89731412
  18      -3.30      -3.20  6.628472512316764E-01  9.559334615181153E-03 92612613	  18      -3.30      -3.20  6.628472512316764E-01  9.559334615181153E-03 92612613	  18      -3.30      -3.20  6.293640540680766E-01  8.655731070777167E-03 92612613	  18      -3.30      -3.20  6.293640540680766E-01  8.655731070777167E-03 92612613	  18      -3.30      -3.20  6.995797937250895E-01  1.065699904303611E-02 92612613	  18      -3.30      -3.20  6.995797937250895E-01  1.065699904303611E-02 92612613	  18      -3.30      -3.20  6.628472512316764E-01  9.559334615181153E-03 92612613
  19      -3.20      -3.10  6.731155937034419E-01  1.643666641458519E-02 95158971	  19      -3.20      -3.10  6.731155937034419E-01  1.643666641458519E-02 95158971	  19      -3.20      -3.10  6.405442867326617E-01  1.517976350323112E-02 95158971	  19      -3.20      -3.10  6.405442867326617E-01  1.517976350323112E-02 95158971	  19      -3.20      -3.10  7.086447370726158E-01  1.789675204112018E-02 95158971	  19      -3.20      -3.10  7.086447370726158E-01  1.789675204112018E-02 95158971	  19      -3.20      -3.10  6.731155937034419E-01  1.643666641458519E-02 95158971
  20      -3.10      -3.00  6.674759170486909E-01  1.697530274025456E-02 97351432	  20      -3.10      -3.00  6.674759170486909E-01  1.697530274025456E-02 97351432	  20      -3.10      -3.00  6.373543067763189E-01  1.554164948623772E-02 97351432	  20      -3.10      -3.00  6.373543067763189E-01  1.554164948623772E-02 97351432	  20      -3.10      -3.00  6.999540024979021E-01  1.866950313883834E-02 97351432	  20      -3.10      -3.00  6.999540024979021E-01  1.866950313883834E-02 97351432	  20      -3.10      -3.00  6.674759170486909E-01  1.697530274025456E-02 97351432
  21      -3.00      -2.90  7.149849049387588E-01  9.476072083880413E-03 99208142	  21      -3.00      -2.90  7.149849049387588E-01  9.476072083880413E-03 99208142	  21      -3.00      -2.90  6.823685570040511E-01  8.667892548936292E-03 99208142	  21      -3.00      -2.90  6.823685570040511E-01  8.667892548936292E-03 99208142	  21      -3.00      -2.90  7.502986334351147E-01  1.043625772883495E-02 99208142	  21      -3.00      -2.90  7.502986334351147E-01  1.043625772883495E-02 99208142	  21      -3.00      -2.90  7.149849049387588E-01  9.476072083880413E-03 99208142
  22      -2.90      -2.80  7.194058833102623E-01  2.331082013397769E-02 100701477	  22      -2.90      -2.80  7.194058833102623E-01  2.331082013397769E-02 100701477	  22      -2.90      -2.80  6.876922396079497E-01  2.131516492959432E-02 100701477	  22      -2.90      -2.80  6.876922396079497E-01  2.131516492959432E-02 100701477	  22      -2.90      -2.80  7.535645247946896E-01  2.565548899550691E-02 100701477	  22      -2.90      -2.80  7.535645247946896E-01  2.565548899550691E-02 100701477	  22      -2.90      -2.80  7.194058833102623E-01  2.331082013397769E-02 100701477
  23      -2.80      -2.70  7.365408979817935E-01  8.275139796583432E-03 101862822	  23      -2.80      -2.70  7.365408979817935E-01  8.275139796583432E-03 101862822	  23      -2.80      -2.70  7.042401623684377E-01  7.675199961600202E-03 101862822	  23      -2.80      -2.70  7.042401623684377E-01  7.675199961600202E-03 101862822	  23      -2.80      -2.70  7.713648033543521E-01  8.975259136351587E-03 101862822	  23      -2.80      -2.70  7.713648033543521E-01  8.975259136351587E-03 101862822	  23      -2.80      -2.70  7.365408979817935E-01  8.275139796583432E-03 101862822
  24      -2.70      -2.60  7.150573916139794E-01  1.166467969941142E-02 102667068	  24      -2.70      -2.60  7.150573916139794E-01  1.166467969941142E-02 102667068	  24      -2.70      -2.60  6.853331613352212E-01  1.083954662304010E-02 102667068	  24      -2.70      -2.60  6.853331613352212E-01  1.083954662304010E-02 102667068	  24      -2.70      -2.60  7.468068593878376E-01  1.262353313836095E-02 102667068	  24      -2.70      -2.60  7.468068593878376E-01  1.262353313836095E-02 102667068	  24      -2.70      -2.60  7.150573916139794E-01  1.166467969941142E-02 102667068
  25      -2.60      -2.50  7.018488270100346E-01  1.033739058034056E-02 103120625	  25      -2.60      -2.50  7.018488270100346E-01  1.033739058034056E-02 103120625	  25      -2.60      -2.50  6.740519582777403E-01  9.593584467160585E-03 103120625	  25      -2.60      -2.50  6.740519582777403E-01  9.593584467160585E-03 103120625	  25      -2.60      -2.50  7.312931833742893E-01  1.120729495564567E-02 103120625	  25      -2.60      -2.50  7.312931833742893E-01  1.120729495564567E-02 103120625	  25      -2.60      -2.50  7.018488270100346E-01  1.033739058034056E-02 103120625
  26      -2.50      -2.40  6.970161823768701E-01  9.068984801099432E-03 103194940	  26      -2.50      -2.40  6.970161823768701E-01  9.068984801099432E-03 103194940	  26      -2.50      -2.40  6.702318001211294E-01  8.402370679590850E-03 103194940	  26      -2.50      -2.40  6.702318001211294E-01  8.402370679590850E-03 103194940	  26      -2.50      -2.40  7.252317104347880E-01  9.850016850029389E-03 103194940	  26      -2.50      -2.40  7.252317104347880E-01  9.850016850029389E-03 103194940	  26      -2.50      -2.40  6.970161823768701E-01  9.068984801099432E-03 103194940
  27      -2.40      -2.30  6.826853185696511E-01  9.765445636774624E-03 102961794	  27      -2.40      -2.30  6.826853185696511E-01  9.765445636774624E-03 102961794	  27      -2.40      -2.30  6.574383356904075E-01  9.069751890557122E-03 102961794	  27      -2.40      -2.30  6.574383356904075E-01  9.069751890557122E-03 102961794	  27      -2.40      -2.30  7.091189054380740E-01  1.057257004689961E-02 102961794	  27      -2.40      -2.30  7.091189054380740E-01  1.057257004689961E-02 102961794	  27      -2.40      -2.30  6.826853185696511E-01  9.765445636774624E-03 102961794
  28      -2.30      -2.20  6.621856446854262E-01  7.851644578221408E-03 102346998	  28      -2.30      -2.20  6.621856446854262E-01  7.851644578221408E-03 102346998	  28      -2.30      -2.20  6.379526398334572E-01  7.342075413423089E-03 102346998	  28      -2.30      -2.20  6.379526398334572E-01  7.342075413423089E-03 102346998	  28      -2.30      -2.20  6.875519957007195E-01  8.438971215164567E-03 102346998	  28      -2.30      -2.20  6.875519957007195E-01  8.438971215164567E-03 102346998	  28      -2.30      -2.20  6.621856446854262E-01  7.851644578221408E-03 102346998
  29      -2.20      -2.10  6.443196513669375E-01  7.074535126729221E-03 101420578	  29      -2.20      -2.10  6.443196513669375E-01  7.074535126729221E-03 101420578	  29      -2.20      -2.10  6.219063832077808E-01  6.591845912166940E-03 101420578	  29      -2.20      -2.10  6.219063832077808E-01  6.591845912166940E-03 101420578	  29      -2.20      -2.10  6.675220597993143E-01  7.637554324779690E-03 101420578	  29      -2.20      -2.10  6.675220597993143E-01  7.637554324779690E-03 101420578	  29      -2.20      -2.10  6.443196513669375E-01  7.074535126729221E-03 101420578
  30      -2.10      -2.00  6.008109310930833E-01  1.006157722524624E-02 100171051	  30      -2.10      -2.00  6.008109310930833E-01  1.006157722524624E-02 100171051	  30      -2.10      -2.00  5.813135462353983E-01  9.322124623467765E-03 100171051	  30      -2.10      -2.00  5.813135462353983E-01  9.322124623467765E-03 100171051	  30      -2.10      -2.00  6.206998066461832E-01  1.092104423758866E-02 100171051	  30      -2.10      -2.00  6.206998066461832E-01  1.092104423758866E-02 100171051	  30      -2.10      -2.00  6.008109310930833E-01  1.006157722524624E-02 100171051
  31      -2.00      -1.90  5.753208250930383E-01  1.951738732460609E-02 98587992	  31      -2.00      -1.90  5.753208250930383E-01  1.951738732460609E-02 98587992	  31      -2.00      -1.90  5.580342019446047E-01  1.755991047679735E-02 98587992	  31      -2.00      -1.90  5.580342019446047E-01  1.755991047679735E-02 98587992	  31      -2.00      -1.90  5.925831967220885E-01  2.187801669076229E-02 98587992	  31      -2.00      -1.90  5.925831967220885E-01  2.187801669076229E-02 98587992	  31      -2.00      -1.90  5.753208250930383E-01  1.951738732460609E-02 98587992
  32      -1.90      -1.80  5.621230197316657E-01  6.224094225511177E-03 96687649	  32      -1.90      -1.80  5.621230197316657E-01  6.224094225511177E-03 96687649	  32      -1.90      -1.80  5.446409786030255E-01  5.826312154073444E-03 96687649	  32      -1.90      -1.80  5.446409786030255E-01  5.826312154073444E-03 96687649	  32      -1.90      -1.80  5.798026753169047E-01  6.681456878232361E-03 96687649	  32      -1.90      -1.80  5.798026753169047E-01  6.681456878232361E-03 96687649	  32      -1.90      -1.80  5.621230197316657E-01  6.224094225511177E-03 96687649
  33      -1.80      -1.70  5.167921155130367E-01  1.522097029507747E-02 94495555	  33      -1.80      -1.70  5.167921155130367E-01  1.522097029507747E-02 94495555	  33      -1.80      -1.70  5.017766600869431E-01  1.426260256217474E-02 94495555	  33      -1.80      -1.70  5.017766600869431E-01  1.426260256217474E-02 94495555	  33      -1.80      -1.70  5.317349154476557E-01  1.630387635996649E-02 94495555	  33      -1.80      -1.70  5.317349154476557E-01  1.630387635996649E-02 94495555	  33      -1.80      -1.70  5.167921155130367E-01  1.522097029507747E-02 94495555
  34      -1.70      -1.60  4.990950411858720E-01  6.901617321710710E-03 92006653	  34      -1.70      -1.60  4.990950411858720E-01  6.901617321710710E-03 92006653	  34      -1.70      -1.60  4.849779272176764E-01  6.500227478063818E-03 92006653	  34      -1.70      -1.60  4.849779272176764E-01  6.500227478063818E-03 92006653	  34      -1.70      -1.60  5.130350060784735E-01  7.355138559523299E-03 92006653	  34      -1.70      -1.60  5.130350060784735E-01  7.355138559523299E-03 92006653	  34      -1.70      -1.60  4.990950411858720E-01  6.901617321710710E-03 92006653
  35      -1.60      -1.50  4.694646034347753E-01  6.112671049447921E-03 89262751	  35      -1.60      -1.50  4.694646034347753E-01  6.112671049447921E-03 89262751	  35      -1.60      -1.50  4.567975473049500E-01  5.696870698258696E-03 89262751	  35      -1.60      -1.50  4.567975473049500E-01  5.696870698258696E-03 89262751	  35      -1.60      -1.50  4.818074149063333E-01  6.599252083267767E-03 89262751	  35      -1.60      -1.50  4.818074149063333E-01  6.599252083267767E-03 89262751	  35      -1.60      -1.50  4.694646034347753E-01  6.112671049447921E-03 89262751
  36      -1.50      -1.40  4.351445915675946E-01  6.735697713037425E-03 86689559	  36      -1.50      -1.40  4.351445915675946E-01  6.735697713037425E-03 86689559	  36      -1.50      -1.40  4.238707032373685E-01  6.336150899503988E-03 86689559	  36      -1.50      -1.40  4.238707032373685E-01  6.336150899503988E-03 86689559	  36      -1.50      -1.40  4.460158469357814E-01  7.185563035508424E-03 86689559	  36      -1.50      -1.40  4.460158469357814E-01  7.185563035508424E-03 86689559	  36      -1.50      -1.40  4.351445915675946E-01  6.735697713037425E-03 86689559
  37      -1.40      -1.30  4.151245529748540E-01  5.834086624296833E-03 84438645	  37      -1.40      -1.30  4.151245529748540E-01  5.834086624296833E-03 84438645	  37      -1.40      -1.30  4.048165676988197E-01  5.429878804315372E-03 84438645	  37      -1.40      -1.30  4.048165676988197E-01  5.429878804315372E-03 84438645	  37      -1.40      -1.30  4.249166962399769E-01  6.302299300284024E-03 84438645	  37      -1.40      -1.30  4.249166962399769E-01  6.302299300284024E-03 84438645	  37      -1.40      -1.30  4.151245529748540E-01  5.834086624296833E-03 84438645
  38      -1.30      -1.20  3.840904885699215E-01  4.760551531988407E-03 82130577	  38      -1.30      -1.20  3.840904885699215E-01  4.760551531988407E-03 82130577	  38      -1.30      -1.20  3.747687950715744E-01  4.481060685707597E-03 82130577	  38      -1.30      -1.20  3.747687950715744E-01  4.481060685707597E-03 82130577	  38      -1.30      -1.20  3.928937733291281E-01  5.076554965516879E-03 82130577	  38      -1.30      -1.20  3.928937733291281E-01  5.076554965516879E-03 82130577	  38      -1.30      -1.20  3.840904885699215E-01  4.760551531988407E-03 82130577
  39      -1.20      -1.10  3.680337814471514E-01  3.238233369826099E-03 79819486	  39      -1.20      -1.10  3.680337814471514E-01  3.238233369826099E-03 79819486	  39      -1.20      -1.10  3.591467159200348E-01  3.074059668723499E-03 79819486	  39      -1.20      -1.10  3.591467159200348E-01  3.074059668723499E-03 79819486	  39      -1.20      -1.10  3.764050129490644E-01  3.421909513040032E-03 79819486	  39      -1.20      -1.10  3.764050129490644E-01  3.421909513040032E-03 79819486	  39      -1.20      -1.10  3.680337814471514E-01  3.238233369826099E-03 79819486
  40      -1.10      -1.00  3.434017177159905E-01  3.418425093775360E-03 77564579	  40      -1.10      -1.00  3.434017177159905E-01  3.418425093775360E-03 77564579	  40      -1.10      -1.00  3.354933042304306E-01  3.253267945591729E-03 77564579	  40      -1.10      -1.00  3.354933042304306E-01  3.253267945591729E-03 77564579	  40      -1.10      -1.00  3.507278323557441E-01  3.600288999019674E-03 77564579	  40      -1.10      -1.00  3.507278323557441E-01  3.600288999019674E-03 77564579	  40      -1.10      -1.00  3.434017177159905E-01  3.418425093775360E-03 77564579
  41      -1.00      -0.90  3.152225534606674E-01  2.847675081644991E-03 75385449	  41      -1.00      -0.90  3.152225534606674E-01  2.847675081644991E-03 75385449	  41      -1.00      -0.90  3.084730309511891E-01  2.704374059234260E-03 75385449	  41      -1.00      -0.90  3.084730309511891E-01  2.704374059234260E-03 75385449	  41      -1.00      -0.90  3.213032725782188E-01  3.007104927938070E-03 75385449	  41      -1.00      -0.90  3.213032725782188E-01  3.007104927938070E-03 75385449	  41      -1.00      -0.90  3.152225534606674E-01  2.847675081644991E-03 75385449
  42      -0.90      -0.80  2.971303780187349E-01  2.759831448998556E-03 73314864	  42      -0.90      -0.80  2.971303780187349E-01  2.759831448998556E-03 73314864	  42      -0.90      -0.80  2.908772108377500E-01  2.610213997144800E-03 73314864	  42      -0.90      -0.80  2.908772108377500E-01  2.610213997144800E-03 73314864	  42      -0.90      -0.80  3.027113596419309E-01  2.927708788909952E-03 73314864	  42      -0.90      -0.80  3.027113596419309E-01  2.927708788909952E-03 73314864	  42      -0.90      -0.80  2.971303780187349E-01  2.759831448998556E-03 73314864
  43      -0.80      -0.70  2.714232593757606E-01  2.558638716635770E-03 71400022	  43      -0.80      -0.70  2.714232593757606E-01  2.558638716635770E-03 71400022	  43      -0.80      -0.70  2.661844545582628E-01  2.434269910555636E-03 71400022	  43      -0.80      -0.70  2.661844545582628E-01  2.434269910555636E-03 71400022	  43      -0.80      -0.70  2.759236362892582E-01  2.695625240574586E-03 71400022	  43      -0.80      -0.70  2.759236362892582E-01  2.695625240574586E-03 71400022	  43      -0.80      -0.70  2.714232593757606E-01  2.558638716635770E-03 71400022
  44      -0.70      -0.60  2.602578079108926E-01  2.196189479667696E-03 69661807	  44      -0.70      -0.60  2.602578079108926E-01  2.196189479667696E-03 69661807	  44      -0.70      -0.60  2.552010391928723E-01  2.099671160525114E-03 69661807	  44      -0.70      -0.60  2.552010391928723E-01  2.099671160525114E-03 69661807	  44      -0.70      -0.60  2.646027768715663E-01  2.301823536995033E-03 69661807	  44      -0.70      -0.60  2.646027768715663E-01  2.301823536995033E-03 69661807	  44      -0.70      -0.60  2.602578079108926E-01  2.196189479667696E-03 69661807
  45      -0.60      -0.50  2.408443226165384E-01  3.013786331070448E-03 68136060	  45      -0.60      -0.50  2.408443226165384E-01  3.013786331070448E-03 68136060	  45      -0.60      -0.50  2.365253310811708E-01  2.833201559241348E-03 68136060	  45      -0.60      -0.50  2.365253310811708E-01  2.833201559241348E-03 68136060	  45      -0.60      -0.50  2.444040814056271E-01  3.217438619265530E-03 68136060	  45      -0.60      -0.50  2.444040814056271E-01  3.217438619265530E-03 68136060	  45      -0.60      -0.50  2.408443226165384E-01  3.013786331070448E-03 68136060
  46      -0.50      -0.40  2.323265434554347E-01  1.650343100939968E-03 66830072	  46      -0.50      -0.40  2.323265434554347E-01  1.650343100939968E-03 66830072	  46      -0.50      -0.40  2.281403125479444E-01  1.575047086910300E-03 66830072	  46      -0.50      -0.40  2.281403125479444E-01  1.575047086910300E-03 66830072	  46      -0.50      -0.40  2.357774986347211E-01  1.732401740944397E-03 66830072	  46      -0.50      -0.40  2.357774986347211E-01  1.732401740944397E-03 66830072	  46      -0.50      -0.40  2.323265434554347E-01  1.650343100939968E-03 66830072
  47      -0.40      -0.30  2.215874717228597E-01  1.638313413065597E-03 65775658	  47      -0.40      -0.30  2.215874717228597E-01  1.638313413065597E-03 65775658	  47      -0.40      -0.30  2.178401363745852E-01  1.554827605427781E-03 65775658	  47      -0.40      -0.30  2.178401363745852E-01  1.554827605427781E-03 65775658	  47      -0.40      -0.30  2.245645169695173E-01  1.730783873101203E-03 65775658	  47      -0.40      -0.30  2.245645169695173E-01  1.730783873101203E-03 65775658	  47      -0.40      -0.30  2.215874717228597E-01  1.638313413065597E-03 65775658
  48      -0.30      -0.20  2.121705010673562E-01  1.603212500676957E-03 64997539	  48      -0.30      -0.20  2.121705010673562E-01  1.603212500676957E-03 64997539	  48      -0.30      -0.20  2.086686690585479E-01  1.526026947500685E-03 64997539	  48      -0.30      -0.20  2.086686690585479E-01  1.526026947500685E-03 64997539	  48      -0.30      -0.20  2.149122183730433E-01  1.687558195579518E-03 64997539	  48      -0.30      -0.20  2.149122183730433E-01  1.687558195579518E-03 64997539	  48      -0.30      -0.20  2.121705010673562E-01  1.603212500676957E-03 64997539
  49      -0.20      -0.10  2.056178216001542E-01  1.672957818165726E-03 64494778	  49      -0.20      -0.10  2.056178216001542E-01  1.672957818165726E-03 64494778	  49      -0.20      -0.10  2.022514840150791E-01  1.617276246096445E-03 64494778	  49      -0.20      -0.10  2.022514840150791E-01  1.617276246096445E-03 64494778	  49      -0.20      -0.10  2.082360939070701E-01  1.729821652201843E-03 64494778	  49      -0.20      -0.10  2.082360939070701E-01  1.729821652201843E-03 64494778	  49      -0.20      -0.10  2.056178216001542E-01  1.672957818165726E-03 64494778
  50      -0.10       0.00  2.025655109543511E-01  1.594171409839233E-03 64277330	  50      -0.10       0.00  2.025655109543511E-01  1.594171409839233E-03 64277330	  50      -0.10       0.00  1.993225753924801E-01  1.527544139051363E-03 64277330	  50      -0.10       0.00  1.993225753924801E-01  1.527544139051363E-03 64277330	  50      -0.10       0.00  2.050491887128581E-01  1.665367984157079E-03 64277330	  50      -0.10       0.00  2.050491887128581E-01  1.665367984157079E-03 64277330	  50      -0.10       0.00  2.025655109543511E-01  1.594171409839233E-03 64277330
  51       0.00       0.10  2.057812246638882E-01  1.246623590535867E-03 64322995	  51       0.00       0.10  2.057812246638882E-01  1.246623590535867E-03 64322995	  51       0.00       0.10  2.024262427763732E-01  1.196085693253969E-03 64322995	  51       0.00       0.10  2.024262427763732E-01  1.196085693253969E-03 64322995	  51       0.00       0.10  2.083830305864605E-01  1.300332976787851E-03 64322995	  51       0.00       0.10  2.083830305864605E-01  1.300332976787851E-03 64322995	  51       0.00       0.10  2.057812246638882E-01  1.246623590535867E-03 64322995
  52       0.10       0.20  2.064944689868201E-01  1.435347130705088E-03 64671451	  52       0.10       0.20  2.064944689868201E-01  1.435347130705088E-03 64671451	  52       0.10       0.20  2.031755275248868E-01  1.375510354303468E-03 64671451	  52       0.10       0.20  2.031755275248868E-01  1.375510354303468E-03 64671451	  52       0.10       0.20  2.090448499248760E-01  1.499138782710458E-03 64671451	  52       0.10       0.20  2.090448499248760E-01  1.499138782710458E-03 64671451	  52       0.10       0.20  2.064944689868201E-01  1.435347130705088E-03 64671451
  53       0.20       0.30  2.102077065407614E-01  1.651405165736687E-03 65320034	  53       0.20       0.30  2.102077065407614E-01  1.651405165736687E-03 65320034	  53       0.20       0.30  2.067757796310773E-01  1.571408267601453E-03 65320034	  53       0.20       0.30  2.067757796310773E-01  1.571408267601453E-03 65320034	  53       0.20       0.30  2.128773590830256E-01  1.738121702670223E-03 65320034	  53       0.20       0.30  2.128773590830256E-01  1.738121702670223E-03 65320034	  53       0.20       0.30  2.102077065407614E-01  1.651405165736687E-03 65320034
  54       0.30       0.40  2.185873666659720E-01  1.795075321860492E-03 66218687	  54       0.30       0.40  2.185873666659720E-01  1.795075321860492E-03 66218687	  54       0.30       0.40  2.149457330858220E-01  1.706240023731915E-03 66218687	  54       0.30       0.40  2.149457330858220E-01  1.706240023731915E-03 66218687	  54       0.30       0.40  2.214568363948180E-01  1.892728324711912E-03 66218687	  54       0.30       0.40  2.214568363948180E-01  1.892728324711912E-03 66218687	  54       0.30       0.40  2.185873666659720E-01  1.795075321860492E-03 66218687
  55       0.40       0.50  2.287514262613822E-01  1.955723397221029E-03 67413146	  55       0.40       0.50  2.287514262613822E-01  1.955723397221029E-03 67413146	  55       0.40       0.50  2.246892628475258E-01  1.868155596109135E-03 67413146	  55       0.40       0.50  2.246892628475258E-01  1.868155596109135E-03 67413146	  55       0.40       0.50  2.320828109814688E-01  2.049966057059612E-03 67413146	  55       0.40       0.50  2.320828109814688E-01  2.049966057059612E-03 67413146	  55       0.40       0.50  2.287514262613822E-01  1.955723397221029E-03 67413146
  56       0.50       0.60  2.409502931711151E-01  2.078743778267995E-03 68848860	  56       0.50       0.60  2.409502931711151E-01  2.078743778267995E-03 68848860	  56       0.50       0.60  2.365537076073383E-01  1.991068510151395E-03 68848860	  56       0.50       0.60  2.365537076073383E-01  1.991068510151395E-03 68848860	  56       0.50       0.60  2.446076089540447E-01  2.173649484838354E-03 68848860	  56       0.50       0.60  2.446076089540447E-01  2.173649484838354E-03 68848860	  56       0.50       0.60  2.409502931711151E-01  2.078743778267995E-03 68848860
  57       0.60       0.70  2.557281943357278E-01  2.301772505497430E-03 70522759	  57       0.60       0.70  2.557281943357278E-01  2.301772505497430E-03 70522759	  57       0.60       0.70  2.508961055470751E-01  2.190671845428374E-03 70522759	  57       0.60       0.70  2.508961055470751E-01  2.190671845428374E-03 70522759	  57       0.60       0.70  2.598301839651036E-01  2.423552190516014E-03 70522759	  57       0.60       0.70  2.598301839651036E-01  2.423552190516014E-03 70522759	  57       0.60       0.70  2.557281943357278E-01  2.301772505497430E-03 70522759
  58       0.70       0.80  2.748124526654770E-01  2.310453159715671E-03 72431847	  58       0.70       0.80  2.748124526654770E-01  2.310453159715671E-03 72431847	  58       0.70       0.80  2.692862252674927E-01  2.202931770309996E-03 72431847	  58       0.70       0.80  2.692862252674927E-01  2.202931770309996E-03 72431847	  58       0.70       0.80  2.796426361068576E-01  2.428637723097124E-03 72431847	  58       0.70       0.80  2.796426361068576E-01  2.428637723097124E-03 72431847	  58       0.70       0.80  2.748124526654770E-01  2.310453159715671E-03 72431847
  59       0.80       0.90  2.980676652325553E-01  2.288216471330498E-03 74524127	  59       0.80       0.90  2.980676652325553E-01  2.288216471330498E-03 74524127	  59       0.80       0.90  2.917676575874094E-01  2.178147227464084E-03 74524127	  59       0.80       0.90  2.917676575874094E-01  2.178147227464084E-03 74524127	  59       0.80       0.90  3.036985709802372E-01  2.409508535463978E-03 74524127	  59       0.80       0.90  3.036985709802372E-01  2.409508535463978E-03 74524127	  59       0.80       0.90  2.980676652325553E-01  2.288216471330498E-03 74524127
  60       0.90       1.00  3.145089775126222E-01  2.854002519019606E-03 76794691	  60       0.90       1.00  3.145089775126222E-01  2.854002519019606E-03 76794691	  60       0.90       1.00  3.078926263759177E-01  2.686336794422305E-03 76794691	  60       0.90       1.00  3.078926263759177E-01  2.686336794422305E-03 76794691	  60       0.90       1.00  3.204171010300719E-01  3.044424969130073E-03 76794691	  60       0.90       1.00  3.204171010300719E-01  3.044424969130073E-03 76794691	  60       0.90       1.00  3.145089775126222E-01  2.854002519019606E-03 76794691
  61       1.00       1.10  3.375846515073073E-01  3.770579484130338E-03 79189692	  61       1.00       1.10  3.375846515073073E-01  3.770579484130338E-03 79189692	  61       1.00       1.10  3.300315689063642E-01  3.585025857786663E-03 79189692	  61       1.00       1.10  3.300315689063642E-01  3.585025857786663E-03 79189692	  61       1.00       1.10  3.445023839432781E-01  3.977189199987626E-03 79189692	  61       1.00       1.10  3.445023839432781E-01  3.977189199987626E-03 79189692	  61       1.00       1.10  3.375846515073073E-01  3.770579484130338E-03 79189692
  62       1.10       1.20  3.558221793183976E-01  4.201349825695378E-03 81678941	  62       1.10       1.20  3.558221793183976E-01  4.201349825695378E-03 81678941	  62       1.10       1.20  3.477343281921172E-01  3.981503914748743E-03 81678941	  62       1.10       1.20  3.477343281921172E-01  3.981503914748743E-03 81678941	  62       1.10       1.20  3.632826588872349E-01  4.447788472241855E-03 81678941	  62       1.10       1.20  3.632826588872349E-01  4.447788472241855E-03 81678941	  62       1.10       1.20  3.558221793183976E-01  4.201349825695378E-03 81678941
  63       1.20       1.30  3.907830619946239E-01  3.317802932873068E-03 84252806	  63       1.20       1.30  3.907830619946239E-01  3.317802932873068E-03 84252806	  63       1.20       1.30  3.811552004296732E-01  3.131519256086160E-03 84252806	  63       1.20       1.30  3.811552004296732E-01  3.131519256086160E-03 84252806	  63       1.20       1.30  3.999099985102323E-01  3.530499997896592E-03 84252806	  63       1.20       1.30  3.999099985102323E-01  3.530499997896592E-03 84252806	  63       1.20       1.30  3.907830619946239E-01  3.317802932873068E-03 84252806
  64       1.30       1.40  4.057810662435135E-01  5.821065916935252E-03 86812954	  64       1.30       1.40  4.057810662435135E-01  5.821065916935252E-03 86812954	  64       1.30       1.40  3.958827499083173E-01  5.459731768984556E-03 86812954	  64       1.30       1.40  3.958827499083173E-01  5.459731768984556E-03 86812954	  64       1.30       1.40  4.151387316966918E-01  6.232342263866495E-03 86812954	  64       1.30       1.40  4.151387316966918E-01  6.232342263866495E-03 86812954	  64       1.30       1.40  4.057810662435135E-01  5.821065916935252E-03 86812954
  65       1.40       1.50  4.492794519660638E-01  4.583652609045586E-03 89342444	  65       1.40       1.50  4.492794519660638E-01  4.583652609045586E-03 89342444	  65       1.40       1.50  4.373442432307563E-01  4.321529465745459E-03 89342444	  65       1.40       1.50  4.373442432307563E-01  4.321529465745459E-03 89342444	  65       1.40       1.50  4.608553596467809E-01  4.881537080225459E-03 89342444	  65       1.40       1.50  4.608553596467809E-01  4.881537080225459E-03 89342444	  65       1.40       1.50  4.492794519660638E-01  4.583652609045586E-03 89342444
  66       1.50       1.60  4.725531444617297E-01  5.342253788726619E-03 92208867	  66       1.50       1.60  4.725531444617297E-01  5.342253788726619E-03 92208867	  66       1.50       1.60  4.595487566833972E-01  5.016971976970515E-03 92208867	  66       1.50       1.60  4.595487566833972E-01  5.016971976970515E-03 92208867	  66       1.50       1.60  4.853065477386923E-01  5.713867525782798E-03 92208867	  66       1.50       1.60  4.853065477386923E-01  5.713867525782798E-03 92208867	  66       1.50       1.60  4.725531444617297E-01  5.342253788726619E-03 92208867
  67       1.60       1.70  4.989902441328377E-01  7.593608473069939E-03 95280259	  67       1.60       1.70  4.989902441328377E-01  7.593608473069939E-03 95280259	  67       1.60       1.70  4.846671299443877E-01  7.141684665514358E-03 95280259	  67       1.60       1.70  4.846671299443877E-01  7.141684665514358E-03 95280259	  67       1.60       1.70  5.131846541072307E-01  8.114101616797350E-03 95280259	  67       1.60       1.70  5.131846541072307E-01  8.114101616797350E-03 95280259	  67       1.60       1.70  4.989902441328377E-01  7.593608473069939E-03 95280259
  68       1.70       1.80  5.489022850465390E-01  4.327638677897227E-03 98058143	  68       1.70       1.80  5.489022850465390E-01  4.327638677897227E-03 98058143	  68       1.70       1.80  5.318916522447016E-01  4.073144011476018E-03 98058143	  68       1.70       1.80  5.318916522447016E-01  4.073144011476018E-03 98058143	  68       1.70       1.80  5.660932623689102E-01  4.620042661061080E-03 98058143	  68       1.70       1.80  5.660932623689102E-01  4.620042661061080E-03 98058143	  68       1.70       1.80  5.489022850465390E-01  4.327638677897227E-03 98058143
  69       1.80       1.90  5.590126592094139E-01  6.004802900050356E-03 100564211	  69       1.80       1.90  5.590126592094139E-01  6.004802900050356E-03 100564211	  69       1.80       1.90  5.415389358630683E-01  5.629557941067974E-03 100564211	  69       1.80       1.90  5.415389358630683E-01  5.629557941067974E-03 100564211	  69       1.80       1.90  5.767061820794711E-01  6.436583350128806E-03 100564211	  69       1.80       1.90  5.767061820794711E-01  6.436583350128806E-03 100564211	  69       1.80       1.90  5.590126592094139E-01  6.004802900050356E-03 100564211
  70       1.90       2.00  5.909814804431323E-01  6.661909955919321E-03 102778706	  70       1.90       2.00  5.909814804431323E-01  6.661909955919321E-03 102778706	  70       1.90       2.00  5.718203033202633E-01  6.251332639662707E-03 102778706	  70       1.90       2.00  5.718203033202633E-01  6.251332639662707E-03 102778706	  70       1.90       2.00  6.105533097171685E-01  7.131432943166203E-03 102778706	  70       1.90       2.00  6.105533097171685E-01  7.131432943166203E-03 102778706	  70       1.90       2.00  5.909814804431323E-01  6.661909955919321E-03 102778706
  71       2.00       2.10  6.184036346763848E-01  8.359092894285377E-03 104634643	  71       2.00       2.10  6.184036346763848E-01  8.359092894285377E-03 104634643	  71       2.00       2.10  5.978355694252918E-01  7.713288431915667E-03 104634643	  71       2.00       2.10  5.978355694252918E-01  7.713288431915667E-03 104634643	  71       2.00       2.10  6.395026414663065E-01  9.112969730997055E-03 104634643	  71       2.00       2.10  6.395026414663065E-01  9.112969730997055E-03 104634643	  71       2.00       2.10  6.184036346763848E-01  8.359092894285377E-03 104634643
  72       2.10       2.20  6.235247625119202E-01  9.342302783725196E-03 106192507	  72       2.10       2.20  6.235247625119202E-01  9.342302783725196E-03 106192507	  72       2.10       2.20  6.026505902818315E-01  8.575209852511388E-03 106192507	  72       2.10       2.20  6.026505902818315E-01  8.575209852511388E-03 106192507	  72       2.10       2.20  6.449439931607650E-01  1.025419853493895E-02 106192507	  72       2.10       2.20  6.449439931607650E-01  1.025419853493895E-02 106192507	  72       2.10       2.20  6.235247625119202E-01  9.342302783725196E-03 106192507
  73       2.20       2.30  6.632144630486884E-01  7.655095737738746E-03 107374808	  73       2.20       2.30  6.632144630486884E-01  7.655095737738746E-03 107374808	  73       2.20       2.30  6.391716763863874E-01  7.123804149594168E-03 107374808	  73       2.20       2.30  6.391716763863874E-01  7.123804149594168E-03 107374808	  73       2.20       2.30  6.883130546400235E-01  8.272029399080347E-03 107374808	  73       2.20       2.30  6.883130546400235E-01  8.272029399080347E-03 107374808	  73       2.20       2.30  6.632144630486884E-01  7.655095737738746E-03 107374808
  74       2.30       2.40  6.824444247568288E-01  9.868548750592034E-03 108236655	  74       2.30       2.40  6.824444247568288E-01  9.868548750592034E-03 108236655	  74       2.30       2.40  6.569231130497430E-01  9.202290850297388E-03 108236655	  74       2.30       2.40  6.569231130497430E-01  9.202290850297388E-03 108236655	  74       2.30       2.40  7.092560896408936E-01  1.063498417742571E-02 108236655	  74       2.30       2.40  7.092560896408936E-01  1.063498417742571E-02 108236655	  74       2.30       2.40  6.824444247568288E-01  9.868548750592034E-03 108236655
  75       2.40       2.50  6.861532123106947E-01  1.110579448976697E-02 108684071	  75       2.40       2.50  6.861532123106947E-01  1.110579448976697E-02 108684071	  75       2.40       2.50  6.599769044105226E-01  1.018513856023143E-02 108684071	  75       2.40       2.50  6.599769044105226E-01  1.018513856023143E-02 108684071	  75       2.40       2.50  7.136915389556986E-01  1.222018880211620E-02 108684071	  75       2.40       2.50  7.136915389556986E-01  1.222018880211620E-02 108684071	  75       2.40       2.50  6.861532123106947E-01  1.110579448976697E-02 108684071
  76       2.50       2.60  7.191447370339127E-01  7.938061368089248E-03 108787999	  76       2.50       2.60  7.191447370339127E-01  7.938061368089248E-03 108787999	  76       2.50       2.60  6.898957932601657E-01  7.380208801129311E-03 108787999	  76       2.50       2.60  6.898957932601657E-01  7.380208801129311E-03 108787999	  76       2.50       2.60  7.502991846357571E-01  8.586068362822696E-03 108787999	  76       2.50       2.60  7.502991846357571E-01  8.586068362822696E-03 108787999	  76       2.50       2.60  7.191447370339127E-01  7.938061368089248E-03 108787999
  77       2.60       2.70  6.861221132817593E-01  1.593222741618214E-02 108523833	  77       2.60       2.70  6.861221132817593E-01  1.593222741618214E-02 108523833	  77       2.60       2.70  6.587371467495777E-01  1.488987376049588E-02 108523833	  77       2.60       2.70  6.587371467495777E-01  1.488987376049588E-02 108523833	  77       2.60       2.70  7.150978798975849E-01  1.714237230341091E-02 108523833	  77       2.60       2.70  7.150978798975849E-01  1.714237230341091E-02 108523833	  77       2.60       2.70  6.861221132817593E-01  1.593222741618214E-02 108523833
  78       2.70       2.80  7.203794909628906E-01  1.312193866092931E-02 107845334	  78       2.70       2.80  7.203794909628906E-01  1.312193866092931E-02 107845334	  78       2.70       2.80  6.899737138167453E-01  1.213679877511609E-02 107845334	  78       2.70       2.80  6.899737138167453E-01  1.213679877511609E-02 107845334	  78       2.70       2.80  7.528716022936937E-01  1.428086174245869E-02 107845334	  78       2.70       2.80  7.528716022936937E-01  1.428086174245869E-02 107845334	  78       2.70       2.80  7.203794909628906E-01  1.312193866092931E-02 107845334
  79       2.80       2.90  7.311186357070043E-01  7.991774418680781E-03 106779021	  79       2.80       2.90  7.311186357070043E-01  7.991774418680781E-03 106779021	  79       2.80       2.90  6.985735246430276E-01  7.354597403935845E-03 106779021	  79       2.80       2.90  6.985735246430276E-01  7.354597403935845E-03 106779021	  79       2.80       2.90  7.662148550154743E-01  8.749437831652357E-03 106779021	  79       2.80       2.90  7.662148550154743E-01  8.749437831652357E-03 106779021	  79       2.80       2.90  7.311186357070043E-01  7.991774418680781E-03 106779021
  80       2.90       3.00  7.206237018529617E-01  8.147461963117388E-03 105334887	  80       2.90       3.00  7.206237018529617E-01  8.147461963117388E-03 105334887	  80       2.90       3.00  6.871864311162175E-01  7.551820329863934E-03 105334887	  80       2.90       3.00  6.871864311162175E-01  7.551820329863934E-03 105334887	  80       2.90       3.00  7.569532009391425E-01  8.846189676744200E-03 105334887	  80       2.90       3.00  7.569532009391425E-01  8.846189676744200E-03 105334887	  80       2.90       3.00  7.206237018529617E-01  8.147461963117388E-03 105334887
  81       3.00       3.10  6.843531309405874E-01  1.092603398349255E-02 103499164	  81       3.00       3.10  6.843531309405874E-01  1.092603398349255E-02 103499164	  81       3.00       3.10  6.526142950028749E-01  1.003448498901202E-02 103499164	  81       3.00       3.10  6.526142950028749E-01  1.003448498901202E-02 103499164	  81       3.00       3.10  7.187326185132766E-01  1.198050325781098E-02 103499164	  81       3.00       3.10  7.187326185132766E-01  1.198050325781098E-02 103499164	  81       3.00       3.10  6.843531309405874E-01  1.092603398349255E-02 103499164
  82       3.10       3.20  6.890365251034865E-01  8.062254294181073E-03 101293803	  82       3.10       3.20  6.890365251034865E-01  8.062254294181073E-03 101293803	  82       3.10       3.20  6.549332653473036E-01  7.362486285561041E-03 101293803	  82       3.10       3.20  6.549332653473036E-01  7.362486285561041E-03 101293803	  82       3.10       3.20  7.263914516800145E-01  8.903641793002430E-03 101293803	  82       3.10       3.20  7.263914516800145E-01  8.903641793002430E-03 101293803	  82       3.10       3.20  6.890365251034865E-01  8.062254294181073E-03 101293803
  83       3.20       3.30  6.709665763800552E-01  7.425508683000584E-03 98698679	  83       3.20       3.30  6.709665763800552E-01  7.425508683000584E-03 98698679	  83       3.20       3.30  6.364557803608348E-01  6.810055527908016E-03 98698679	  83       3.20       3.30  6.364557803608348E-01  6.810055527908016E-03 98698679	  83       3.20       3.30  7.089388176495734E-01  8.159843347930332E-03 98698679	  83       3.20       3.30  7.089388176495734E-01  8.159843347930332E-03 98698679	  83       3.20       3.30  6.709665763800552E-01  7.425508683000584E-03 98698679
  84       3.30       3.40  6.102736973773760E-01  1.300728025782598E-02 95744878	  84       3.30       3.40  6.102736973773760E-01  1.300728025782598E-02 95744878	  84       3.30       3.40  5.790105232621130E-01  1.187254104075577E-02 95744878	  84       3.30       3.40  5.790105232621130E-01  1.187254104075577E-02 95744878	  84       3.30       3.40  6.445916331458510E-01  1.435634885809548E-02 95744878	  84       3.30       3.40  6.445916331458510E-01  1.435634885809548E-02 95744878	  84       3.30       3.40  6.102736973773760E-01  1.300728025782598E-02 95744878
  85       3.40       3.50  5.962954680656252E-01  7.573022881423815E-03 92402524	  85       3.40       3.50  5.962954680656252E-01  7.573022881423815E-03 92402524	  85       3.40       3.50  5.637841067829061E-01  6.968503406086000E-03 92402524	  85       3.40       3.50  5.637841067829061E-01  6.968503406086000E-03 92402524	  85       3.40       3.50  6.323399233227261E-01  8.287814349983349E-03 92402524	  85       3.40       3.50  6.323399233227261E-01  8.287814349983349E-03 92402524	  85       3.40       3.50  5.962954680656252E-01  7.573022881423815E-03 92402524
  86       3.50       3.60  5.419825784236743E-01  1.235496511811672E-02 88754175	  86       3.50       3.60  5.419825784236743E-01  1.235496511811672E-02 88754175	  86       3.50       3.60  5.122025966055616E-01  1.147858322950292E-02 88754175	  86       3.50       3.60  5.122025966055616E-01  1.147858322950292E-02 88754175	  86       3.50       3.60  5.749490132918885E-01  1.337421552118150E-02 88754175	  86       3.50       3.60  5.749490132918885E-01  1.337421552118150E-02 88754175	  86       3.50       3.60  5.419825784236743E-01  1.235496511811672E-02 88754175
  87       3.60       3.70  5.085941577343802E-01  7.778543618289527E-03 84754728	  87       3.60       3.70  5.085941577343802E-01  7.778543618289527E-03 84754728	  87       3.60       3.70  4.794872004295668E-01  7.061311232762490E-03 84754728	  87       3.60       3.70  4.794872004295668E-01  7.061311232762490E-03 84754728	  87       3.60       3.70  5.409985338624795E-01  8.647514452488802E-03 84754728	  87       3.60       3.70  5.409985338624795E-01  8.647514452488802E-03 84754728	  87       3.60       3.70  5.085941577343802E-01  7.778543618289527E-03 84754728
  88       3.70       3.80  4.602245027785644E-01  6.107087511528380E-03 80443515	  88       3.70       3.80  4.602245027785644E-01  6.107087511528380E-03 80443515	  88       3.70       3.80  4.329326035765279E-01  5.496323382691968E-03 80443515	  88       3.70       3.80  4.329326035765279E-01  5.496323382691968E-03 80443515	  88       3.70       3.80  4.907446717371383E-01  6.856073584454257E-03 80443515	  88       3.70       3.80  4.907446717371383E-01  6.856073584454257E-03 80443515	  88       3.70       3.80  4.602245027785644E-01  6.107087511528380E-03 80443515
  89       3.80       3.90  4.073589745617628E-01  5.970788132821756E-03 75853622	  89       3.80       3.90  4.073589745617628E-01  5.970788132821756E-03 75853622	  89       3.80       3.90  3.825018686408522E-01  5.437287161110662E-03 75853622	  89       3.80       3.90  3.825018686408522E-01  5.437287161110662E-03 75853622	  89       3.80       3.90  4.352538058568355E-01  6.614444029779432E-03 75853622	  89       3.80       3.90  4.352538058568355E-01  6.614444029779432E-03 75853622	  89       3.80       3.90  4.073589745617628E-01  5.970788132821756E-03 75853622
  90       3.90       4.00  3.597568851196542E-01  5.957456888562215E-03 71013384	  90       3.90       4.00  3.597568851196542E-01  5.957456888562215E-03 71013384	  90       3.90       4.00  3.371376797278591E-01  5.380455028607108E-03 71013384	  90       3.90       4.00  3.371376797278591E-01  5.380455028607108E-03 71013384	  90       3.90       4.00  3.852199246431190E-01  6.657834680912961E-03 71013384	  90       3.90       4.00  3.852199246431190E-01  6.657834680912961E-03 71013384	  90       3.90       4.00  3.597568851196542E-01  5.957456888562215E-03 71013384
  91       4.00       4.10  0.000000000000000E+00  0.000000000000000E+00 0	  91       4.00       4.10  0.000000000000000E+00  0.000000000000000E+00 0	  91       4.00       4.10  0.000000000000000E+00  0.000000000000000E+00 0	  91       4.00       4.10  0.000000000000000E+00  0.000000000000000E+00 0	  91       4.00       4.10  0.000000000000000E+00  0.000000000000000E+00 0	  91       4.00       4.10  0.000000000000000E+00  0.000000000000000E+00 0	  91       4.00       4.10  0.000000000000000E+00  0.000000000000000E+00 0
  92       4.10       4.20  0.000000000000000E+00  0.000000000000000E+00 0	  92       4.10       4.20  0.000000000000000E+00  0.000000000000000E+00 0	  92       4.10       4.20  0.000000000000000E+00  0.000000000000000E+00 0	  92       4.10       4.20  0.000000000000000E+00  0.000000000000000E+00 0	  92       4.10       4.20  0.000000000000000E+00  0.000000000000000E+00 0	  92       4.10       4.20  0.000000000000000E+00  0.000000000000000E+00 0	  92       4.10       4.20  0.000000000000000E+00  0.000000000000000E+00 0
  93       4.20       4.30  0.000000000000000E+00  0.000000000000000E+00 0	  93       4.20       4.30  0.000000000000000E+00  0.000000000000000E+00 0	  93       4.20       4.30  0.000000000000000E+00  0.000000000000000E+00 0	  93       4.20       4.30  0.000000000000000E+00  0.000000000000000E+00 0	  93       4.20       4.30  0.000000000000000E+00  0.000000000000000E+00 0	  93       4.20       4.30  0.000000000000000E+00  0.000000000000000E+00 0	  93       4.20       4.30  0.000000000000000E+00  0.000000000000000E+00 0
  94       4.30       4.40  0.000000000000000E+00  0.000000000000000E+00 0	  94       4.30       4.40  0.000000000000000E+00  0.000000000000000E+00 0	  94       4.30       4.40  0.000000000000000E+00  0.000000000000000E+00 0	  94       4.30       4.40  0.000000000000000E+00  0.000000000000000E+00 0	  94       4.30       4.40  0.000000000000000E+00  0.000000000000000E+00 0	  94       4.30       4.40  0.000000000000000E+00  0.000000000000000E+00 0	  94       4.30       4.40  0.000000000000000E+00  0.000000000000000E+00 0
  95       4.40       4.50  0.000000000000000E+00  0.000000000000000E+00 0	  95       4.40       4.50  0.000000000000000E+00  0.000000000000000E+00 0	  95       4.40       4.50  0.000000000000000E+00  0.000000000000000E+00 0	  95       4.40       4.50  0.000000000000000E+00  0.000000000000000E+00 0	  95       4.40       4.50  0.000000000000000E+00  0.000000000000000E+00 0	  95       4.40       4.50  0.000000000000000E+00  0.000000000000000E+00 0	  95       4.40       4.50  0.000000000000000E+00  0.000000000000000E+00 0
  96       4.50       4.60  0.000000000000000E+00  0.000000000000000E+00 0	  96       4.50       4.60  0.000000000000000E+00  0.000000000000000E+00 0	  96       4.50       4.60  0.000000000000000E+00  0.000000000000000E+00 0	  96       4.50       4.60  0.000000000000000E+00  0.000000000000000E+00 0	  96       4.50       4.60  0.000000000000000E+00  0.000000000000000E+00 0	  96       4.50       4.60  0.000000000000000E+00  0.000000000000000E+00 0	  96       4.50       4.60  0.000000000000000E+00  0.000000000000000E+00 0
  97       4.60       4.70  0.000000000000000E+00  0.000000000000000E+00 0	  97       4.60       4.70  0.000000000000000E+00  0.000000000000000E+00 0	  97       4.60       4.70  0.000000000000000E+00  0.000000000000000E+00 0	  97       4.60       4.70  0.000000000000000E+00  0.000000000000000E+00 0	  97       4.60       4.70  0.000000000000000E+00  0.000000000000000E+00 0	  97       4.60       4.70  0.000000000000000E+00  0.000000000000000E+00 0	  97       4.60       4.70  0.000000000000000E+00  0.000000000000000E+00 0
  98       4.70       4.80  0.000000000000000E+00  0.000000000000000E+00 0	  98       4.70       4.80  0.000000000000000E+00  0.000000000000000E+00 0	  98       4.70       4.80  0.000000000000000E+00  0.000000000000000E+00 0	  98       4.70       4.80  0.000000000000000E+00  0.000000000000000E+00 0	  98       4.70       4.80  0.000000000000000E+00  0.000000000000000E+00 0	  98       4.70       4.80  0.000000000000000E+00  0.000000000000000E+00 0	  98       4.70       4.80  0.000000000000000E+00  0.000000000000000E+00 0
  99       4.80       4.90  0.000000000000000E+00  0.000000000000000E+00 0	  99       4.80       4.90  0.000000000000000E+00  0.000000000000000E+00 0	  99       4.80       4.90  0.000000000000000E+00  0.000000000000000E+00 0	  99       4.80       4.90  0.000000000000000E+00  0.000000000000000E+00 0	  99       4.80       4.90  0.000000000000000E+00  0.000000000000000E+00 0	  99       4.80       4.90  0.000000000000000E+00  0.000000000000000E+00 0	  99       4.80       4.90  0.000000000000000E+00  0.000000000000000E+00 0
 100       4.90       5.00  0.000000000000000E+00  0.000000000000000E+00 0	 100       4.90       5.00  0.000000000000000E+00  0.000000000000000E+00 0	 100       4.90       5.00  0.000000000000000E+00  0.000000000000000E+00 0	 100       4.90       5.00  0.000000000000000E+00  0.000000000000000E+00 0	 100       4.90       5.00  0.000000000000000E+00  0.000000000000000E+00 0	 100       4.90       5.00  0.000000000000000E+00  0.000000000000000E+00 0	 100       4.90       5.00  0.000000000000000E+00  0.000000000000000E+00 0
# Underflow:                 0.0000000000000000E+00  0.0000000000000000E+00 0
# Overflow:                  0.0000000000000000E+00  0.0000000000000000E+00 0
#-------------------------------------------------------------------------------------	#-------------------------------------------------------------------------------------	#-------------------------------------------------------------------------------------	#-------------------------------------------------------------------------------------	#-------------------------------------------------------------------------------------	#-------------------------------------------------------------------------------------	#-------------------------------------------------------------------------------------
# Sum:                      -8.0187316171521195E-02  1.1241252317255432E-03 187000
#=====================================================================================	#=====================================================================================	#=====================================================================================	#=====================================================================================	#=====================================================================================	#=====================================================================================	#=====================================================================================
