# title = Rapidity Harder Jet
# xlabel = $y_{\text{j}_1}$
# ylabel = $\frac{\text{d}\sigma}{\text{d}y_{\text{j}_1}}\,[\text{fb}]$
# xmin= -4.500E+00
# xmax=  4.500E+00
# ymin=  1.000E-04
# ymax=  4.000E-01
# kmin= -2.000E+01
# kmax=  1.000E+01
# logscale = false
# Renormalization and factorization scale scaled by: 1.0000000000
# Renormalization scaled by: 1.0000000000
# Number of generated events: 7099658501
#	#	#	#	#	#	#
#=====================================================================================	#=====================================================================================	#=====================================================================================	#=====================================================================================	#=====================================================================================	#=====================================================================================	#=====================================================================================
# No.       Left      Right                   Value                   Error Hits
#-------------------------------------------------------------------------------------	#-------------------------------------------------------------------------------------	#-------------------------------------------------------------------------------------	#-------------------------------------------------------------------------------------	#-------------------------------------------------------------------------------------	#-------------------------------------------------------------------------------------	#-------------------------------------------------------------------------------------
   1      -5.00      -4.90  0.000000000000000E+00  0.000000000000000E+00 0	   1      -5.00      -4.90  0.000000000000000E+00  0.000000000000000E+00 0	   1      -5.00      -4.90  0.000000000000000E+00  0.000000000000000E+00 0	   1      -5.00      -4.90  0.000000000000000E+00  0.000000000000000E+00 0	   1      -5.00      -4.90  0.000000000000000E+00  0.000000000000000E+00 0	   1      -5.00      -4.90  0.000000000000000E+00  0.000000000000000E+00 0	   1      -5.00      -4.90  0.000000000000000E+00  0.000000000000000E+00 0
   2      -4.90      -4.80  0.000000000000000E+00  0.000000000000000E+00 0	   2      -4.90      -4.80  0.000000000000000E+00  0.000000000000000E+00 0	   2      -4.90      -4.80  0.000000000000000E+00  0.000000000000000E+00 0	   2      -4.90      -4.80  0.000000000000000E+00  0.000000000000000E+00 0	   2      -4.90      -4.80  0.000000000000000E+00  0.000000000000000E+00 0	   2      -4.90      -4.80  0.000000000000000E+00  0.000000000000000E+00 0	   2      -4.90      -4.80  0.000000000000000E+00  0.000000000000000E+00 0
   3      -4.80      -4.70  0.000000000000000E+00  0.000000000000000E+00 0	   3      -4.80      -4.70  0.000000000000000E+00  0.000000000000000E+00 0	   3      -4.80      -4.70  0.000000000000000E+00  0.000000000000000E+00 0	   3      -4.80      -4.70  0.000000000000000E+00  0.000000000000000E+00 0	   3      -4.80      -4.70  0.000000000000000E+00  0.000000000000000E+00 0	   3      -4.80      -4.70  0.000000000000000E+00  0.000000000000000E+00 0	   3      -4.80      -4.70  0.000000000000000E+00  0.000000000000000E+00 0
   4      -4.70      -4.60  0.000000000000000E+00  0.000000000000000E+00 0	   4      -4.70      -4.60  0.000000000000000E+00  0.000000000000000E+00 0	   4      -4.70      -4.60  0.000000000000000E+00  0.000000000000000E+00 0	   4      -4.70      -4.60  0.000000000000000E+00  0.000000000000000E+00 0	   4      -4.70      -4.60  0.000000000000000E+00  0.000000000000000E+00 0	   4      -4.70      -4.60  0.000000000000000E+00  0.000000000000000E+00 0	   4      -4.70      -4.60  0.000000000000000E+00  0.000000000000000E+00 0
   5      -4.60      -4.50  0.000000000000000E+00  0.000000000000000E+00 0	   5      -4.60      -4.50  0.000000000000000E+00  0.000000000000000E+00 0	   5      -4.60      -4.50  0.000000000000000E+00  0.000000000000000E+00 0	   5      -4.60      -4.50  0.000000000000000E+00  0.000000000000000E+00 0	   5      -4.60      -4.50  0.000000000000000E+00  0.000000000000000E+00 0	   5      -4.60      -4.50  0.000000000000000E+00  0.000000000000000E+00 0	   5      -4.60      -4.50  0.000000000000000E+00  0.000000000000000E+00 0
   6      -4.50      -4.40  0.000000000000000E+00  0.000000000000000E+00 0	   6      -4.50      -4.40  0.000000000000000E+00  0.000000000000000E+00 0	   6      -4.50      -4.40  0.000000000000000E+00  0.000000000000000E+00 0	   6      -4.50      -4.40  0.000000000000000E+00  0.000000000000000E+00 0	   6      -4.50      -4.40  0.000000000000000E+00  0.000000000000000E+00 0	   6      -4.50      -4.40  0.000000000000000E+00  0.000000000000000E+00 0	   6      -4.50      -4.40  0.000000000000000E+00  0.000000000000000E+00 0
   7      -4.40      -4.30  0.000000000000000E+00  0.000000000000000E+00 0	   7      -4.40      -4.30  0.000000000000000E+00  0.000000000000000E+00 0	   7      -4.40      -4.30  0.000000000000000E+00  0.000000000000000E+00 0	   7      -4.40      -4.30  0.000000000000000E+00  0.000000000000000E+00 0	   7      -4.40      -4.30  0.000000000000000E+00  0.000000000000000E+00 0	   7      -4.40      -4.30  0.000000000000000E+00  0.000000000000000E+00 0	   7      -4.40      -4.30  0.000000000000000E+00  0.000000000000000E+00 0
   8      -4.30      -4.20  0.000000000000000E+00  0.000000000000000E+00 0	   8      -4.30      -4.20  0.000000000000000E+00  0.000000000000000E+00 0	   8      -4.30      -4.20  0.000000000000000E+00  0.000000000000000E+00 0	   8      -4.30      -4.20  0.000000000000000E+00  0.000000000000000E+00 0	   8      -4.30      -4.20  0.000000000000000E+00  0.000000000000000E+00 0	   8      -4.30      -4.20  0.000000000000000E+00  0.000000000000000E+00 0	   8      -4.30      -4.20  0.000000000000000E+00  0.000000000000000E+00 0
   9      -4.20      -4.10  0.000000000000000E+00  0.000000000000000E+00 0	   9      -4.20      -4.10  0.000000000000000E+00  0.000000000000000E+00 0	   9      -4.20      -4.10  0.000000000000000E+00  0.000000000000000E+00 0	   9      -4.20      -4.10  0.000000000000000E+00  0.000000000000000E+00 0	   9      -4.20      -4.10  0.000000000000000E+00  0.000000000000000E+00 0	   9      -4.20      -4.10  0.000000000000000E+00  0.000000000000000E+00 0	   9      -4.20      -4.10  0.000000000000000E+00  0.000000000000000E+00 0
  10      -4.10      -4.00  0.000000000000000E+00  0.000000000000000E+00 0	  10      -4.10      -4.00  0.000000000000000E+00  0.000000000000000E+00 0	  10      -4.10      -4.00  0.000000000000000E+00  0.000000000000000E+00 0	  10      -4.10      -4.00  0.000000000000000E+00  0.000000000000000E+00 0	  10      -4.10      -4.00  0.000000000000000E+00  0.000000000000000E+00 0	  10      -4.10      -4.00  0.000000000000000E+00  0.000000000000000E+00 0	  10      -4.10      -4.00  0.000000000000000E+00  0.000000000000000E+00 0
  11      -4.00      -3.90  4.262687350622428E-01  5.593380936381424E-04 51562120	  11      -4.00      -3.90  4.262687350622428E-01  5.593380936381424E-04 51562120	  11      -4.00      -3.90  3.976470768441269E-01  5.106675607216546E-04 51562120	  11      -4.00      -3.90  3.976470768441269E-01  5.106675607216546E-04 51562120	  11      -4.00      -3.90  4.586708503613852E-01  6.179234040742164E-04 51562120	  11      -4.00      -3.90  4.586708503613852E-01  6.179234040742164E-04 51562120	  11      -4.00      -3.90  4.262687350622428E-01  5.593380936381424E-04 51562120
  12      -3.90      -3.80  4.859462539947204E-01  6.062543359896133E-04 54998476	  12      -3.90      -3.80  4.859462539947204E-01  6.062543359896133E-04 54998476	  12      -3.90      -3.80  4.541938495933788E-01  5.540958184797650E-04 54998476	  12      -3.90      -3.80  4.541938495933788E-01  5.540958184797650E-04 54998476	  12      -3.90      -3.80  5.217815163908418E-01  6.689364791730133E-04 54998476	  12      -3.90      -3.80  5.217815163908418E-01  6.689364791730133E-04 54998476	  12      -3.90      -3.80  4.859462539947204E-01  6.062543359896133E-04 54998476
  13      -3.80      -3.70  5.454844066223118E-01  6.511725984979235E-04 58249011	  13      -3.80      -3.70  5.454844066223118E-01  6.511725984979235E-04 58249011	  13      -3.80      -3.70  5.108155421485101E-01  5.962528900731957E-04 58249011	  13      -3.80      -3.70  5.108155421485101E-01  5.962528900731957E-04 58249011	  13      -3.80      -3.70  5.844861254620147E-01  7.169941218412531E-04 58249011	  13      -3.80      -3.70  5.844861254620147E-01  7.169941218412531E-04 58249011	  13      -3.80      -3.70  5.454844066223118E-01  6.511725984979235E-04 58249011
  14      -3.70      -3.60  6.030424035210143E-01  6.953764383904451E-04 61283472	  14      -3.70      -3.60  6.030424035210143E-01  6.953764383904451E-04 61283472	  14      -3.70      -3.60  5.657845746844928E-01  6.371138675043476E-04 61283472	  14      -3.70      -3.60  5.657845746844928E-01  6.371138675043476E-04 61283472	  14      -3.70      -3.60  6.448176531628309E-01  7.652929961372082E-04 61283472	  14      -3.70      -3.60  6.448176531628309E-01  7.652929961372082E-04 61283472	  14      -3.70      -3.60  6.030424035210143E-01  6.953764383904451E-04 61283472
  15      -3.60      -3.50  6.590679149765536E-01  7.181272856853323E-04 64103755	  15      -3.60      -3.50  6.590679149765536E-01  7.181272856853323E-04 64103755	  15      -3.60      -3.50  6.194389597287402E-01  6.603823720114194E-04 64103755	  15      -3.60      -3.50  6.194389597287402E-01  6.603823720114194E-04 64103755	  15      -3.60      -3.50  7.033654939871072E-01  7.869106739792692E-04 64103755	  15      -3.60      -3.50  7.033654939871072E-01  7.869106739792692E-04 64103755	  15      -3.60      -3.50  6.590679149765536E-01  7.181272856853323E-04 64103755
  16      -3.50      -3.40  7.107066916188833E-01  7.394772686764532E-04 66714503	  16      -3.50      -3.40  7.107066916188833E-01  7.394772686764532E-04 66714503	  16      -3.50      -3.40  6.691992725797369E-01  6.816014144618677E-04 66714503	  16      -3.50      -3.40  6.691992725797369E-01  6.816014144618677E-04 66714503	  16      -3.50      -3.40  7.569426587636897E-01  8.082153280815814E-04 66714503	  16      -3.50      -3.40  7.569426587636897E-01  8.082153280815814E-04 66714503	  16      -3.50      -3.40  7.107066916188833E-01  7.394772686764532E-04 66714503
  17      -3.40      -3.30  7.576143237332601E-01  7.633853672176193E-04 69066277	  17      -3.40      -3.30  7.576143237332601E-01  7.633853672176193E-04 69066277	  17      -3.40      -3.30  7.145857545462545E-01  7.049824490430968E-04 69066277	  17      -3.40      -3.30  7.145857545462545E-01  7.049824490430968E-04 69066277	  17      -3.40      -3.30  8.053903926636498E-01  8.325355657689621E-04 69066277	  17      -3.40      -3.30  8.053903926636498E-01  8.325355657689621E-04 69066277	  17      -3.40      -3.30  7.576143237332601E-01  7.633853672176193E-04 69066277
  18      -3.30      -3.20  7.971043537677819E-01  7.718474333586070E-04 71174654	  18      -3.30      -3.20  7.971043537677819E-01  7.718474333586070E-04 71174654	  18      -3.30      -3.20  7.531041051729014E-01  7.143701216508417E-04 71174654	  18      -3.30      -3.20  7.531041051729014E-01  7.143701216508417E-04 71174654	  18      -3.30      -3.20  8.457925637872333E-01  8.396469030435063E-04 71174654	  18      -3.30      -3.20  8.457925637872333E-01  8.396469030435063E-04 71174654	  18      -3.30      -3.20  7.971043537677819E-01  7.718474333586070E-04 71174654
  19      -3.20      -3.10  8.323312217820742E-01  7.798722560905578E-04 73031763	  19      -3.20      -3.10  8.323312217820742E-01  7.798722560905578E-04 73031763	  19      -3.20      -3.10  7.876636529985406E-01  7.234555210947932E-04 73031763	  19      -3.20      -3.10  7.876636529985406E-01  7.234555210947932E-04 73031763	  19      -3.20      -3.10  8.815889021616188E-01  8.461805186099110E-04 73031763	  19      -3.20      -3.10  8.815889021616188E-01  8.461805186099110E-04 73031763	  19      -3.20      -3.10  8.323312217820742E-01  7.798722560905578E-04 73031763
  20      -3.10      -3.00  8.581803232898442E-01  8.045669579536684E-04 74633367	  20      -3.10      -3.00  8.581803232898442E-01  8.045669579536684E-04 74633367	  20      -3.10      -3.00  8.134328598464328E-01  7.446989128489953E-04 74633367	  20      -3.10      -3.00  8.134328598464328E-01  7.446989128489953E-04 74633367	  20      -3.10      -3.00  9.073487142543990E-01  8.755651628757269E-04 74633367	  20      -3.10      -3.00  9.073487142543990E-01  8.755651628757269E-04 74633367	  20      -3.10      -3.00  8.581803232898442E-01  8.045669579536684E-04 74633367
  21      -3.00      -2.90  8.770864774209921E-01  7.746196804428758E-04 75971364	  21      -3.00      -2.90  8.770864774209921E-01  7.746196804428758E-04 75971364	  21      -3.00      -2.90  8.326454021548222E-01  7.215532667657072E-04 75971364	  21      -3.00      -2.90  8.326454021548222E-01  7.215532667657072E-04 75971364	  21      -3.00      -2.90  9.257403206245449E-01  8.365371501715957E-04 75971364	  21      -3.00      -2.90  9.257403206245449E-01  8.365371501715957E-04 75971364	  21      -3.00      -2.90  8.770864774209921E-01  7.746196804428758E-04 75971364
  22      -2.90      -2.80  8.898931000145702E-01  7.665358923044502E-04 77029052	  22      -2.90      -2.80  8.898931000145702E-01  7.665358923044502E-04 77029052	  22      -2.90      -2.80  8.460995910450084E-01  7.155311766092014E-04 77029052	  22      -2.90      -2.80  8.460995910450084E-01  7.155311766092014E-04 77029052	  22      -2.90      -2.80  9.376537368606694E-01  8.258165214985266E-04 77029052	  22      -2.90      -2.80  9.376537368606694E-01  8.258165214985266E-04 77029052	  22      -2.90      -2.80  8.898931000145702E-01  7.665358923044502E-04 77029052
  23      -2.80      -2.70  8.939265288549689E-01  7.501786087539430E-04 77829972	  23      -2.80      -2.70  8.939265288549689E-01  7.501786087539430E-04 77829972	  23      -2.80      -2.70  8.511884030959228E-01  7.012439832599551E-04 77829972	  23      -2.80      -2.70  8.511884030959228E-01  7.012439832599551E-04 77829972	  23      -2.80      -2.70  9.403551732666920E-01  8.069430083487784E-04 77829972	  23      -2.80      -2.70  9.403551732666920E-01  8.069430083487784E-04 77829972	  23      -2.80      -2.70  8.939265288549689E-01  7.501786087539430E-04 77829972
  24      -2.70      -2.60  8.927230397712261E-01  7.287865647950724E-04 78366162	  24      -2.70      -2.60  8.927230397712261E-01  7.287865647950724E-04 78366162	  24      -2.70      -2.60  8.512536974749277E-01  6.826435448320343E-04 78366162	  24      -2.70      -2.60  8.512536974749277E-01  6.826435448320343E-04 78366162	  24      -2.70      -2.60  9.375937675014010E-01  7.821244942059979E-04 78366162	  24      -2.70      -2.60  9.375937675014010E-01  7.821244942059979E-04 78366162	  24      -2.70      -2.60  8.927230397712261E-01  7.287865647950724E-04 78366162
  25      -2.60      -2.50  8.844325985710147E-01  7.054678306637754E-04 78641153	  25      -2.60      -2.50  8.844325985710147E-01  7.054678306637754E-04 78641153	  25      -2.60      -2.50  8.445902881984063E-01  6.621423503496843E-04 78641153	  25      -2.60      -2.50  8.445902881984063E-01  6.621423503496843E-04 78641153	  25      -2.60      -2.50  9.273475366231033E-01  7.553565416587582E-04 78641153	  25      -2.60      -2.50  9.273475366231033E-01  7.553565416587582E-04 78641153	  25      -2.60      -2.50  8.844325985710147E-01  7.054678306637754E-04 78641153
  26      -2.50      -2.40  8.687067120193955E-01  6.904466470705930E-04 78620803	  26      -2.50      -2.40  8.687067120193955E-01  6.904466470705930E-04 78620803	  26      -2.50      -2.40  8.307452686592587E-01  6.490233698627389E-04 78620803	  26      -2.50      -2.40  8.307452686592587E-01  6.490233698627389E-04 78620803	  26      -2.50      -2.40  9.094061342007791E-01  7.379819878618088E-04 78620803	  26      -2.50      -2.40  9.094061342007791E-01  7.379819878618088E-04 78620803	  26      -2.50      -2.40  8.687067120193955E-01  6.904466470705930E-04 78620803
  27      -2.40      -2.30  8.489321137920309E-01  6.500085729259297E-04 78348998	  27      -2.40      -2.30  8.489321137920309E-01  6.500085729259297E-04 78348998	  27      -2.40      -2.30  8.129539227389093E-01  6.123780066872756E-04 78348998	  27      -2.40      -2.30  8.129539227389093E-01  6.123780066872756E-04 78348998	  27      -2.40      -2.30  8.873168074222297E-01  6.930106419831826E-04 78348998	  27      -2.40      -2.30  8.873168074222297E-01  6.930106419831826E-04 78348998	  27      -2.40      -2.30  8.489321137920309E-01  6.500085729259297E-04 78348998
  28      -2.30      -2.20  8.247349827931866E-01  6.147735792549138E-04 77831452	  28      -2.30      -2.20  8.247349827931866E-01  6.147735792549138E-04 77831452	  28      -2.30      -2.20  7.908933445229204E-01  5.804816284347786E-04 77831452	  28      -2.30      -2.20  7.908933445229204E-01  5.804816284347786E-04 77831452	  28      -2.30      -2.20  8.606437551075795E-01  6.537716478319767E-04 77831452	  28      -2.30      -2.20  8.606437551075795E-01  6.537716478319767E-04 77831452	  28      -2.30      -2.20  8.247349827931866E-01  6.147735792549138E-04 77831452
  29      -2.20      -2.10  7.983747168026146E-01  5.853939179266323E-04 77038269	  29      -2.20      -2.10  7.983747168026146E-01  5.853939179266323E-04 77038269	  29      -2.20      -2.10  7.666319134440049E-01  5.536614509859708E-04 77038269	  29      -2.20      -2.10  7.666319134440049E-01  5.536614509859708E-04 77038269	  29      -2.20      -2.10  8.318712316134130E-01  6.213610361722463E-04 77038269	  29      -2.20      -2.10  8.318712316134130E-01  6.213610361722463E-04 77038269	  29      -2.20      -2.10  7.983747168026146E-01  5.853939179266323E-04 77038269
  30      -2.10      -2.00  7.669817529532859E-01  5.507991081984284E-04 76013132	  30      -2.10      -2.00  7.669817529532859E-01  5.507991081984284E-04 76013132	  30      -2.10      -2.00  7.374416477579600E-01  5.220132677221044E-04 76013132	  30      -2.10      -2.00  7.374416477579600E-01  5.220132677221044E-04 76013132	  30      -2.10      -2.00  7.979712216641506E-01  5.832640558265941E-04 76013132	  30      -2.10      -2.00  7.979712216641506E-01  5.832640558265941E-04 76013132	  30      -2.10      -2.00  7.669817529532859E-01  5.507991081984284E-04 76013132
  31      -2.00      -1.90  7.352561193237220E-01  5.238583102533729E-04 74739935	  31      -2.00      -1.90  7.352561193237220E-01  5.238583102533729E-04 74739935	  31      -2.00      -1.90  7.078342907428423E-01  4.971965934047034E-04 74739935	  31      -2.00      -1.90  7.078342907428423E-01  4.971965934047034E-04 74739935	  31      -2.00      -1.90  7.638453251097274E-01  5.538230004028850E-04 74739935	  31      -2.00      -1.90  7.638453251097274E-01  5.538230004028850E-04 74739935	  31      -2.00      -1.90  7.352561193237220E-01  5.238583102533729E-04 74739935
  32      -1.90      -1.80  7.002524270221726E-01  4.930258128320748E-04 73249213	  32      -1.90      -1.80  7.002524270221726E-01  4.930258128320748E-04 73249213	  32      -1.90      -1.80  6.749800724125316E-01  4.684231472594514E-04 73249213	  32      -1.90      -1.80  6.749800724125316E-01  4.684231472594514E-04 73249213	  32      -1.90      -1.80  7.264255581143169E-01  5.206152626930033E-04 73249213	  32      -1.90      -1.80  7.264255581143169E-01  5.206152626930033E-04 73249213	  32      -1.90      -1.80  7.002524270221726E-01  4.930258128320748E-04 73249213
  33      -1.80      -1.70  6.636086751298509E-01  4.563217773462122E-04 71510283	  33      -1.80      -1.70  6.636086751298509E-01  4.563217773462122E-04 71510283	  33      -1.80      -1.70  6.404614912931377E-01  4.345641945010417E-04 71510283	  33      -1.80      -1.70  6.404614912931377E-01  4.345641945010417E-04 71510283	  33      -1.80      -1.70  6.874064065731788E-01  4.805577809069559E-04 71510283	  33      -1.80      -1.70  6.874064065731788E-01  4.805577809069559E-04 71510283	  33      -1.80      -1.70  6.636086751298509E-01  4.563217773462122E-04 71510283
  34      -1.70      -1.60  6.272136615533697E-01  4.257280393424711E-04 69580168	  34      -1.70      -1.60  6.272136615533697E-01  4.257280393424711E-04 69580168	  34      -1.70      -1.60  6.060555204591791E-01  4.062060763020024E-04 69580168	  34      -1.70      -1.60  6.060555204591791E-01  4.062060763020024E-04 69580168	  34      -1.70      -1.60  6.488018736060435E-01  4.473398390829015E-04 69580168	  34      -1.70      -1.60  6.488018736060435E-01  4.473398390829015E-04 69580168	  34      -1.70      -1.60  6.272136615533697E-01  4.257280393424711E-04 69580168
  35      -1.60      -1.50  5.899299902989213E-01  3.981758048419065E-04 67445633	  35      -1.60      -1.50  5.899299902989213E-01  3.981758048419065E-04 67445633	  35      -1.60      -1.50  5.707154943101395E-01  3.805155299913971E-04 67445633	  35      -1.60      -1.50  5.707154943101395E-01  3.805155299913971E-04 67445633	  35      -1.60      -1.50  6.093724510395856E-01  4.176310471939522E-04 67445633	  35      -1.60      -1.50  6.093724510395856E-01  4.176310471939522E-04 67445633	  35      -1.60      -1.50  5.899299902989213E-01  3.981758048419065E-04 67445633
  36      -1.50      -1.40  5.528041550379400E-01  3.677157891371881E-04 65427215	  36      -1.50      -1.40  5.528041550379400E-01  3.677157891371881E-04 65427215	  36      -1.50      -1.40  5.354348282235196E-01  3.519963922561327E-04 65427215	  36      -1.50      -1.40  5.354348282235196E-01  3.519963922561327E-04 65427215	  36      -1.50      -1.40  5.702231610552255E-01  3.849315984265631E-04 65427215	  36      -1.50      -1.40  5.702231610552255E-01  3.849315984265631E-04 65427215	  36      -1.50      -1.40  5.528041550379400E-01  3.677157891371881E-04 65427215
  37      -1.40      -1.30  5.171234345759850E-01  3.415721587102788E-04 63651068	  37      -1.40      -1.30  5.171234345759850E-01  3.415721587102788E-04 63651068	  37      -1.40      -1.30  5.014508762758267E-01  3.274825846149899E-04 63651068	  37      -1.40      -1.30  5.014508762758267E-01  3.274825846149899E-04 63651068	  37      -1.40      -1.30  5.326887731205461E-01  3.569111796752209E-04 63651068	  37      -1.40      -1.30  5.326887731205461E-01  3.569111796752209E-04 63651068	  37      -1.40      -1.30  5.171234345759850E-01  3.415721587102788E-04 63651068
  38      -1.30      -1.20  4.821534864503512E-01  3.157248140537308E-04 61845887	  38      -1.30      -1.20  4.821534864503512E-01  3.157248140537308E-04 61845887	  38      -1.30      -1.20  4.680730686034536E-01  3.033014583106680E-04 61845887	  38      -1.30      -1.20  4.680730686034536E-01  3.033014583106680E-04 61845887	  38      -1.30      -1.20  4.959896656294966E-01  3.291358029773314E-04 61845887	  38      -1.30      -1.20  4.959896656294966E-01  3.291358029773314E-04 61845887	  38      -1.30      -1.20  4.821534864503512E-01  3.157248140537308E-04 61845887
  39      -1.20      -1.10  4.482207077104072E-01  2.908292383112960E-04 60048433	  39      -1.20      -1.10  4.482207077104072E-01  2.908292383112960E-04 60048433	  39      -1.20      -1.10  4.355872511800483E-01  2.798122169740849E-04 60048433	  39      -1.20      -1.10  4.355872511800483E-01  2.798122169740849E-04 60048433	  39      -1.20      -1.10  4.605015860285514E-01  3.026367194442625E-04 60048433	  39      -1.20      -1.10  4.605015860285514E-01  3.026367194442625E-04 60048433	  39      -1.20      -1.10  4.482207077104072E-01  2.908292383112960E-04 60048433
  40      -1.10      -1.00  4.170782577825417E-01  2.700348138032819E-04 58303470	  40      -1.10      -1.00  4.170782577825417E-01  2.700348138032819E-04 58303470	  40      -1.10      -1.00  4.057586115519907E-01  2.602248725182362E-04 58303470	  40      -1.10      -1.00  4.057586115519907E-01  2.602248725182362E-04 58303470	  40      -1.10      -1.00  4.279472628603239E-01  2.804628704625178E-04 58303470	  40      -1.10      -1.00  4.279472628603239E-01  2.804628704625178E-04 58303470	  40      -1.10      -1.00  4.170782577825417E-01  2.700348138032819E-04 58303470
  41      -1.00      -0.90  3.869841303645845E-01  2.490623360318831E-04 56606858	  41      -1.00      -0.90  3.869841303645845E-01  2.490623360318831E-04 56606858	  41      -1.00      -0.90  3.768745291261695E-01  2.403350110985260E-04 56606858	  41      -1.00      -0.90  3.768745291261695E-01  2.403350110985260E-04 56606858	  41      -1.00      -0.90  3.965630495348936E-01  2.582722001247445E-04 56606858	  41      -1.00      -0.90  3.965630495348936E-01  2.582722001247445E-04 56606858	  41      -1.00      -0.90  3.869841303645845E-01  2.490623360318831E-04 56606858
  42      -0.90      -0.80  3.592856573619727E-01  2.276091390870373E-04 55000532	  42      -0.90      -0.80  3.592856573619727E-01  2.276091390870373E-04 55000532	  42      -0.90      -0.80  3.502522228503799E-01  2.201249738273301E-04 55000532	  42      -0.90      -0.80  3.502522228503799E-01  2.201249738273301E-04 55000532	  42      -0.90      -0.80  3.677234723971787E-01  2.353951051049811E-04 55000532	  42      -0.90      -0.80  3.677234723971787E-01  2.353951051049811E-04 55000532	  42      -0.90      -0.80  3.592856573619727E-01  2.276091390870373E-04 55000532
  43      -0.80      -0.70  3.342045951209539E-01  2.095306145935935E-04 53521149	  43      -0.80      -0.70  3.342045951209539E-01  2.095306145935935E-04 53521149	  43      -0.80      -0.70  3.261244708062007E-01  2.029622221000973E-04 53521149	  43      -0.80      -0.70  3.261244708062007E-01  2.029622221000973E-04 53521149	  43      -0.80      -0.70  3.416351272910904E-01  2.162855932342029E-04 53521149	  43      -0.80      -0.70  3.416351272910904E-01  2.162855932342029E-04 53521149	  43      -0.80      -0.70  3.342045951209539E-01  2.095306145935935E-04 53521149
  44      -0.70      -0.60  3.120089073849080E-01  1.932846215841669E-04 52176842	  44      -0.70      -0.60  3.120089073849080E-01  1.932846215841669E-04 52176842	  44      -0.70      -0.60  3.047370290220341E-01  1.875160881547356E-04 52176842	  44      -0.70      -0.60  3.047370290220341E-01  1.875160881547356E-04 52176842	  44      -0.70      -0.60  3.185903454596044E-01  1.991407250116822E-04 52176842	  44      -0.70      -0.60  3.185903454596044E-01  1.991407250116822E-04 52176842	  44      -0.70      -0.60  3.120089073849080E-01  1.932846215841669E-04 52176842
  45      -0.60      -0.50  2.925187918484791E-01  1.776414896349148E-04 50990741	  45      -0.60      -0.50  2.925187918484791E-01  1.776414896349148E-04 50990741	  45      -0.60      -0.50  2.859406604306797E-01  1.726189210239475E-04 50990741	  45      -0.60      -0.50  2.859406604306797E-01  1.726189210239475E-04 50990741	  45      -0.60      -0.50  2.983744932392685E-01  1.826618100875142E-04 50990741	  45      -0.60      -0.50  2.983744932392685E-01  1.826618100875142E-04 50990741	  45      -0.60      -0.50  2.925187918484791E-01  1.776414896349148E-04 50990741
  46      -0.50      -0.40  2.762196203944010E-01  1.647387030878761E-04 49969823	  46      -0.50      -0.40  2.762196203944010E-01  1.647387030878761E-04 49969823	  46      -0.50      -0.40  2.702149803366842E-01  1.603342710025307E-04 49969823	  46      -0.50      -0.40  2.702149803366842E-01  1.603342710025307E-04 49969823	  46      -0.50      -0.40  2.814770868420919E-01  1.690682698830845E-04 49969823	  46      -0.50      -0.40  2.814770868420919E-01  1.690682698830845E-04 49969823	  46      -0.50      -0.40  2.762196203944010E-01  1.647387030878761E-04 49969823
  47      -0.40      -0.30  2.625268904814407E-01  1.532425586739125E-04 49152497	  47      -0.40      -0.30  2.625268904814407E-01  1.532425586739125E-04 49152497	  47      -0.40      -0.30  2.569898653581664E-01  1.493251524449256E-04 49152497	  47      -0.40      -0.30  2.569898653581664E-01  1.493251524449256E-04 49152497	  47      -0.40      -0.30  2.672993366326560E-01  1.570417568884826E-04 49152497	  47      -0.40      -0.30  2.672993366326560E-01  1.570417568884826E-04 49152497	  47      -0.40      -0.30  2.625268904814407E-01  1.532425586739125E-04 49152497
  48      -0.30      -0.20  2.527335678216028E-01  1.447675453971975E-04 48527681	  48      -0.30      -0.20  2.527335678216028E-01  1.447675453971975E-04 48527681	  48      -0.30      -0.20  2.475325210808981E-01  1.412691487616577E-04 48527681	  48      -0.30      -0.20  2.475325210808981E-01  1.412691487616577E-04 48527681	  48      -0.30      -0.20  2.571563365704997E-01  1.480892646819292E-04 48527681	  48      -0.30      -0.20  2.571563365704997E-01  1.480892646819292E-04 48527681	  48      -0.30      -0.20  2.527335678216028E-01  1.447675453971975E-04 48527681
  49      -0.20      -0.10  2.460845383820717E-01  1.398018707853196E-04 48123001	  49      -0.20      -0.10  2.460845383820717E-01  1.398018707853196E-04 48123001	  49      -0.20      -0.10  2.411052837449331E-01  1.363318133566065E-04 48123001	  49      -0.20      -0.10  2.411052837449331E-01  1.363318133566065E-04 48123001	  49      -0.20      -0.10  2.502780893585900E-01  1.431479105339494E-04 48123001	  49      -0.20      -0.10  2.502780893585900E-01  1.431479105339494E-04 48123001	  49      -0.20      -0.10  2.460845383820717E-01  1.398018707853196E-04 48123001
  50      -0.10       0.00  2.426660390954537E-01  1.341755369602392E-04 47929691	  50      -0.10       0.00  2.426660390954537E-01  1.341755369602392E-04 47929691	  50      -0.10       0.00  2.378012089872547E-01  1.311297705356601E-04 47929691	  50      -0.10       0.00  2.378012089872547E-01  1.311297705356601E-04 47929691	  50      -0.10       0.00  2.467412461630850E-01  1.369969121931631E-04 47929691	  50      -0.10       0.00  2.467412461630850E-01  1.369969121931631E-04 47929691	  50      -0.10       0.00  2.426660390954537E-01  1.341755369602392E-04 47929691
  51       0.00       0.10  2.427913922139946E-01  1.332362402787365E-04 47958424	  51       0.00       0.10  2.427913922139946E-01  1.332362402787365E-04 47958424	  51       0.00       0.10  2.379194983633604E-01  1.301920602732795E-04 47958424	  51       0.00       0.10  2.379194983633604E-01  1.301920602732795E-04 47958424	  51       0.00       0.10  2.468744616084293E-01  1.360635926818420E-04 47958424	  51       0.00       0.10  2.468744616084293E-01  1.360635926818420E-04 47958424	  51       0.00       0.10  2.427913922139946E-01  1.332362402787365E-04 47958424
  52       0.10       0.20  2.459007877318565E-01  1.345808951830910E-04 48204822	  52       0.10       0.20  2.459007877318565E-01  1.345808951830910E-04 48204822	  52       0.10       0.20  2.409303427525477E-01  1.314709420230524E-04 48204822	  52       0.10       0.20  2.409303427525477E-01  1.314709420230524E-04 48204822	  52       0.10       0.20  2.500846443652611E-01  1.374835677403333E-04 48204822	  52       0.10       0.20  2.500846443652611E-01  1.374835677403333E-04 48204822	  52       0.10       0.20  2.459007877318565E-01  1.345808951830910E-04 48204822
  53       0.20       0.30  2.528393794537165E-01  1.401294794175530E-04 48658294	  53       0.20       0.30  2.528393794537165E-01  1.401294794175530E-04 48658294	  53       0.20       0.30  2.476329262219643E-01  1.366531867505395E-04 48658294	  53       0.20       0.30  2.476329262219643E-01  1.366531867505395E-04 48658294	  53       0.20       0.30  2.572685769817417E-01  1.434734295503068E-04 48658294	  53       0.20       0.30  2.572685769817417E-01  1.434734295503068E-04 48658294	  53       0.20       0.30  2.528393794537165E-01  1.401294794175530E-04 48658294
  54       0.30       0.40  2.628515957347447E-01  1.469055806873740E-04 49322242	  54       0.30       0.40  2.628515957347447E-01  1.469055806873740E-04 49322242	  54       0.30       0.40  2.572999253451812E-01  1.431617219342837E-04 49322242	  54       0.30       0.40  2.572999253451812E-01  1.431617219342837E-04 49322242	  54       0.30       0.40  2.676393285310246E-01  1.505272584596235E-04 49322242	  54       0.30       0.40  2.676393285310246E-01  1.505272584596235E-04 49322242	  54       0.30       0.40  2.628515957347447E-01  1.469055806873740E-04 49322242
  55       0.40       0.50  2.759286482327772E-01  1.562974962978529E-04 50187875	  55       0.40       0.50  2.759286482327772E-01  1.562974962978529E-04 50187875	  55       0.40       0.50  2.699306137195805E-01  1.521215951848024E-04 50187875	  55       0.40       0.50  2.699306137195805E-01  1.521215951848024E-04 50187875	  55       0.40       0.50  2.811798919742730E-01  1.604002862987721E-04 50187875	  55       0.40       0.50  2.811798919742730E-01  1.604002862987721E-04 50187875	  55       0.40       0.50  2.759286482327772E-01  1.562974962978529E-04 50187875
  56       0.50       0.60  2.926495369314548E-01  1.683774280041098E-04 51268303	  56       0.50       0.60  2.926495369314548E-01  1.683774280041098E-04 51268303	  56       0.50       0.60  2.860576938872616E-01  1.635875972396545E-04 51268303	  56       0.50       0.60  2.860576938872616E-01  1.635875972396545E-04 51268303	  56       0.50       0.60  2.985211172348516E-01  1.731737103827004E-04 51268303	  56       0.50       0.60  2.985211172348516E-01  1.731737103827004E-04 51268303	  56       0.50       0.60  2.926495369314548E-01  1.683774280041098E-04 51268303
  57       0.60       0.70  3.119421064671946E-01  1.818281980789748E-04 52522367	  57       0.60       0.70  3.119421064671946E-01  1.818281980789748E-04 52522367	  57       0.60       0.70  3.046690042745828E-01  1.763880807317013E-04 52522367	  57       0.60       0.70  3.046690042745828E-01  1.763880807317013E-04 52522367	  57       0.60       0.70  3.185251218555579E-01  1.873504860670613E-04 52522367	  57       0.60       0.70  3.185251218555579E-01  1.873504860670613E-04 52522367	  57       0.60       0.70  3.119421064671946E-01  1.818281980789748E-04 52522367
  58       0.70       0.80  3.343909335893327E-01  1.968350955465158E-04 53942426	  58       0.70       0.80  3.343909335893327E-01  1.968350955465158E-04 53942426	  58       0.70       0.80  3.263016039607385E-01  1.906532862553026E-04 53942426	  58       0.70       0.80  3.263016039607385E-01  1.906532862553026E-04 53942426	  58       0.70       0.80  3.418304838093725E-01  2.031929632184835E-04 53942426	  58       0.70       0.80  3.418304838093725E-01  2.031929632184835E-04 53942426	  58       0.70       0.80  3.343909335893327E-01  1.968350955465158E-04 53942426
  59       0.80       0.90  3.592991132136038E-01  2.132675723365131E-04 55513302	  59       0.80       0.90  3.592991132136038E-01  2.132675723365131E-04 55513302	  59       0.80       0.90  3.502713693215593E-01  2.062386603254561E-04 55513302	  59       0.80       0.90  3.502713693215593E-01  2.062386603254561E-04 55513302	  59       0.80       0.90  3.677292625058867E-01  2.205813495072125E-04 55513302	  59       0.80       0.90  3.677292625058867E-01  2.205813495072125E-04 55513302	  59       0.80       0.90  3.592991132136038E-01  2.132675723365131E-04 55513302
  60       0.90       1.00  3.872258263639381E-01  2.332947073162618E-04 57220220	  60       0.90       1.00  3.872258263639381E-01  2.332947073162618E-04 57220220	  60       0.90       1.00  3.771089004914435E-01  2.251577588631476E-04 57220220	  60       0.90       1.00  3.771089004914435E-01  2.251577588631476E-04 57220220	  60       0.90       1.00  3.968120745325857E-01  2.418652606021971E-04 57220220	  60       0.90       1.00  3.968120745325857E-01  2.418652606021971E-04 57220220	  60       0.90       1.00  3.872258263639381E-01  2.332947073162618E-04 57220220
  61       1.00       1.10  4.170617300347563E-01  2.528393342010684E-04 59041562	  61       1.00       1.10  4.170617300347563E-01  2.528393342010684E-04 59041562	  61       1.00       1.10  4.057379818301176E-01  2.436509261782782E-04 59041562	  61       1.00       1.10  4.057379818301176E-01  2.436509261782782E-04 59041562	  61       1.00       1.10  4.279355320410947E-01  2.626029613937881E-04 59041562	  61       1.00       1.10  4.279355320410947E-01  2.626029613937881E-04 59041562	  61       1.00       1.10  4.170617300347563E-01  2.528393342010684E-04 59041562
  62       1.10       1.20  4.486703446776273E-01  2.730254934182152E-04 60944156	  62       1.10       1.20  4.486703446776273E-01  2.730254934182152E-04 60944156	  62       1.10       1.20  4.360279827043129E-01  2.626634737194946E-04 60944156	  62       1.10       1.20  4.360279827043129E-01  2.626634737194946E-04 60944156	  62       1.10       1.20  4.609588017394574E-01  2.841287912486500E-04 60944156	  62       1.10       1.20  4.609588017394574E-01  2.841287912486500E-04 60944156	  62       1.10       1.20  4.486703446776273E-01  2.730254934182152E-04 60944156
  63       1.20       1.30  4.825827261182526E-01  2.962173756770939E-04 62895148	  63       1.20       1.30  4.825827261182526E-01  2.962173756770939E-04 62895148	  63       1.20       1.30  4.684769430089906E-01  2.844510667591138E-04 62895148	  63       1.20       1.30  4.684769430089906E-01  2.844510667591138E-04 62895148	  63       1.20       1.30  4.964481238923145E-01  3.089406781958649E-04 62895148	  63       1.20       1.30  4.964481238923145E-01  3.089406781958649E-04 62895148	  63       1.20       1.30  4.825827261182526E-01  2.962173756770939E-04 62895148
  64       1.30       1.40  5.172710356730409E-01  3.207672454469779E-04 64864155	  64       1.30       1.40  5.172710356730409E-01  3.207672454469779E-04 64864155	  64       1.30       1.40  5.015678243656305E-01  3.074676621246145E-04 64864155	  64       1.30       1.40  5.015678243656305E-01  3.074676621246145E-04 64864155	  64       1.30       1.40  5.328737072379559E-01  3.352486417818568E-04 64864155	  64       1.30       1.40  5.328737072379559E-01  3.352486417818568E-04 64864155	  64       1.30       1.40  5.172710356730409E-01  3.207672454469779E-04 64864155
  65       1.40       1.50  5.528503381405270E-01  3.435835984393025E-04 66810240	  65       1.40       1.50  5.528503381405270E-01  3.435835984393025E-04 66810240	  65       1.40       1.50  5.354730750810532E-01  3.288540621752430E-04 66810240	  65       1.40       1.50  5.354730750810532E-01  3.288540621752430E-04 66810240	  65       1.40       1.50  5.702788267042221E-01  3.597273949989206E-04 66810240	  65       1.40       1.50  5.702788267042221E-01  3.597273949989206E-04 66810240	  65       1.40       1.50  5.528503381405270E-01  3.435835984393025E-04 66810240
  66       1.50       1.60  5.901200025404828E-01  3.711308719673215E-04 69035401	  66       1.50       1.60  5.901200025404828E-01  3.711308719673215E-04 69035401	  66       1.50       1.60  5.709112714287099E-01  3.546862677403644E-04 69035401	  66       1.50       1.60  5.709112714287099E-01  3.546862677403644E-04 69035401	  66       1.50       1.60  6.095557811022864E-01  3.892387197976218E-04 69035401	  66       1.50       1.60  6.095557811022864E-01  3.892387197976218E-04 69035401	  66       1.50       1.60  5.901200025404828E-01  3.711308719673215E-04 69035401
  67       1.60       1.70  6.269422176767945E-01  3.989309155654829E-04 71375117	  67       1.60       1.70  6.269422176767945E-01  3.989309155654829E-04 71375117	  67       1.60       1.70  6.058091891293179E-01  3.806217496501224E-04 71375117	  67       1.60       1.70  6.058091891293179E-01  3.806217496501224E-04 71375117	  67       1.60       1.70  6.485022988937813E-01  4.191952307517034E-04 71375117	  67       1.60       1.70  6.485022988937813E-01  4.191952307517034E-04 71375117	  67       1.60       1.70  6.269422176767945E-01  3.989309155654829E-04 71375117
  68       1.70       1.80  6.644390199114026E-01  4.290949435435814E-04 73540916	  68       1.70       1.80  6.644390199114026E-01  4.290949435435814E-04 73540916	  68       1.70       1.80  6.412363247535209E-01  4.086079237545397E-04 73540916	  68       1.70       1.80  6.412363247535209E-01  4.086079237545397E-04 73540916	  68       1.70       1.80  6.882993409473096E-01  4.519144267891044E-04 73540916	  68       1.70       1.80  6.882993409473096E-01  4.519144267891044E-04 73540916	  68       1.70       1.80  6.644390199114026E-01  4.290949435435814E-04 73540916
  69       1.80       1.90  7.000539549035899E-01  4.574069844152317E-04 75483320	  69       1.80       1.90  7.000539549035899E-01  4.574069844152317E-04 75483320	  69       1.80       1.90  6.747920727747702E-01  4.348580292239293E-04 75483320	  69       1.80       1.90  6.747920727747702E-01  4.348580292239293E-04 75483320	  69       1.80       1.90  7.262143532423740E-01  4.826315359524039E-04 75483320	  69       1.80       1.90  7.262143532423740E-01  4.826315359524039E-04 75483320	  69       1.80       1.90  7.000539549035899E-01  4.574069844152317E-04 75483320
  70       1.90       2.00  7.349325789976279E-01  4.884658155031745E-04 77229087	  70       1.90       2.00  7.349325789976279E-01  4.884658155031745E-04 77229087	  70       1.90       2.00  7.074964877095464E-01  4.633254564210873E-04 77229087	  70       1.90       2.00  7.074964877095464E-01  4.633254564210873E-04 77229087	  70       1.90       2.00  7.635418660052721E-01  5.167840738025084E-04 77229087	  70       1.90       2.00  7.635418660052721E-01  5.167840738025084E-04 77229087	  70       1.90       2.00  7.349325789976279E-01  4.884658155031745E-04 77229087
  71       2.00       2.10  7.670309639843718E-01  5.156513256243299E-04 78713251	  71       2.00       2.10  7.670309639843718E-01  5.156513256243299E-04 78713251	  71       2.00       2.10  7.374551322852841E-01  4.885531207675590E-04 78713251	  71       2.00       2.10  7.374551322852841E-01  4.885531207675590E-04 78713251	  71       2.00       2.10  7.980655203138006E-01  5.462439094035414E-04 78713251	  71       2.00       2.10  7.980655203138006E-01  5.462439094035414E-04 78713251	  71       2.00       2.10  7.670309639843718E-01  5.156513256243299E-04 78713251
  72       2.10       2.20  7.979548127932536E-01  5.526401820272789E-04 79967386	  72       2.10       2.20  7.979548127932536E-01  5.526401820272789E-04 79967386	  72       2.10       2.20  7.661889789253598E-01  5.224119546039370E-04 79967386	  72       2.10       2.20  7.661889789253598E-01  5.224119546039370E-04 79967386	  72       2.10       2.20  8.314838904909768E-01  5.869464830164170E-04 79967386	  72       2.10       2.20  8.314838904909768E-01  5.869464830164170E-04 79967386	  72       2.10       2.20  7.979548127932536E-01  5.526401820272789E-04 79967386
  73       2.20       2.30  8.255893543656473E-01  5.803005250150300E-04 80970926	  73       2.20       2.30  8.255893543656473E-01  5.803005250150300E-04 80970926	  73       2.20       2.30  7.916938941185873E-01  5.476975954472560E-04 80970926	  73       2.20       2.30  7.916938941185873E-01  5.476975954472560E-04 80970926	  73       2.20       2.30  8.615593533755577E-01  6.174228055392278E-04 80970926	  73       2.20       2.30  8.615593533755577E-01  6.174228055392278E-04 80970926	  73       2.20       2.30  8.255893543656473E-01  5.803005250150300E-04 80970926
  74       2.30       2.40  8.488309973201923E-01  6.113239276768377E-04 81707136	  74       2.30       2.40  8.488309973201923E-01  6.113239276768377E-04 81707136	  74       2.30       2.40  8.128526568854255E-01  5.760094769223805E-04 81707136	  74       2.30       2.40  8.128526568854255E-01  5.760094769223805E-04 81707136	  74       2.30       2.40  8.872153118099758E-01  6.516660879466688E-04 81707136	  74       2.30       2.40  8.872153118099758E-01  6.516660879466688E-04 81707136	  74       2.30       2.40  8.488309973201923E-01  6.113239276768377E-04 81707136
  75       2.40       2.50  8.686777379976908E-01  6.359715917602822E-04 82159833	  75       2.40       2.50  8.686777379976908E-01  6.359715917602822E-04 82159833	  75       2.40       2.50  8.307364347181927E-01  5.981278592292642E-04 82159833	  75       2.40       2.50  8.307364347181927E-01  5.981278592292642E-04 82159833	  75       2.40       2.50  9.093523019215555E-01  6.793803106186069E-04 82159833	  75       2.40       2.50  9.093523019215555E-01  6.793803106186069E-04 82159833	  75       2.40       2.50  8.686777379976908E-01  6.359715917602822E-04 82159833
  76       2.50       2.60  8.834289848915516E-01  6.649599973590894E-04 82353598	  76       2.50       2.60  8.834289848915516E-01  6.649599973590894E-04 82353598	  76       2.50       2.60  8.436352902717816E-01  6.241394507658136E-04 82353598	  76       2.50       2.60  8.436352902717816E-01  6.241394507658136E-04 82353598	  76       2.50       2.60  9.262886066133593E-01  7.119555885729417E-04 82353598	  76       2.50       2.60  9.262886066133593E-01  7.119555885729417E-04 82353598	  76       2.50       2.60  8.834289848915516E-01  6.649599973590894E-04 82353598
  77       2.60       2.70  8.913482382322272E-01  7.009029111376163E-04 82240577	  77       2.60       2.70  8.913482382322272E-01  7.009029111376163E-04 82240577	  77       2.60       2.70  8.499829623190007E-01  6.564650493678589E-04 82240577	  77       2.60       2.70  8.499829623190007E-01  6.564650493678589E-04 82240577	  77       2.60       2.70  9.360970863334273E-01  7.522836902389872E-04 82240577	  77       2.60       2.70  9.360970863334273E-01  7.522836902389872E-04 82240577	  77       2.60       2.70  8.913482382322272E-01  7.009029111376163E-04 82240577
  78       2.70       2.80  8.938003192435159E-01  7.127341834284834E-04 81854910	  78       2.70       2.80  8.938003192435159E-01  7.127341834284834E-04 81854910	  78       2.70       2.80  8.510599446068312E-01  6.658457679711949E-04 81854910	  78       2.70       2.80  8.510599446068312E-01  6.658457679711949E-04 81854910	  78       2.70       2.80  9.402354642698549E-01  7.672482191557435E-04 81854910	  78       2.70       2.80  9.402354642698549E-01  7.672482191557435E-04 81854910	  78       2.70       2.80  8.938003192435159E-01  7.127341834284834E-04 81854910
  79       2.80       2.90  8.895956666807784E-01  7.303942206058696E-04 81178371	  79       2.80       2.90  8.895956666807784E-01  7.303942206058696E-04 81178371	  79       2.80       2.90  8.458284803310108E-01  6.815932972600732E-04 81178371	  79       2.80       2.90  8.458284803310108E-01  6.815932972600732E-04 81178371	  79       2.80       2.90  9.373253101467753E-01  7.871546606039112E-04 81178371	  79       2.80       2.90  9.373253101467753E-01  7.871546606039112E-04 81178371	  79       2.80       2.90  8.895956666807784E-01  7.303942206058696E-04 81178371
  80       2.90       3.00  8.783501252409143E-01  7.551403049481038E-04 80207619	  80       2.90       3.00  8.783501252409143E-01  7.551403049481038E-04 80207619	  80       2.90       3.00  8.338212078218916E-01  7.030107829314556E-04 80207619	  80       2.90       3.00  8.338212078218916E-01  7.030107829314556E-04 80207619	  80       2.90       3.00  9.271067167256680E-01  8.160313870072904E-04 80207619	  80       2.90       3.00  9.271067167256680E-01  8.160313870072904E-04 80207619	  80       2.90       3.00  8.783501252409143E-01  7.551403049481038E-04 80207619
  81       3.00       3.10  8.594332169286275E-01  7.525485714776154E-04 78930578	  81       3.00       3.10  8.594332169286275E-01  7.525485714776154E-04 78930578	  81       3.00       3.10  8.146007687614504E-01  6.996286258651088E-04 78930578	  81       3.00       3.10  8.146007687614504E-01  6.996286258651088E-04 78930578	  81       3.00       3.10  9.087001214179301E-01  8.144995943231380E-04 78930578	  81       3.00       3.10  9.087001214179301E-01  8.144995943231380E-04 78930578	  81       3.00       3.10  8.594332169286275E-01  7.525485714776154E-04 78930578
  82       3.10       3.20  8.327025877172697E-01  7.710335384370881E-04 77382666	  82       3.10       3.20  8.327025877172697E-01  7.710335384370881E-04 77382666	  82       3.10       3.20  7.880042672931213E-01  7.142395375622895E-04 77382666	  82       3.10       3.20  7.880042672931213E-01  7.142395375622895E-04 77382666	  82       3.10       3.20  8.819943630724887E-01  8.379456977970943E-04 77382666	  82       3.10       3.20  8.819943630724887E-01  8.379456977970943E-04 77382666	  82       3.10       3.20  8.327025877172697E-01  7.710335384370881E-04 77382666
  83       3.20       3.30  7.989244228668371E-01  7.680284365969662E-04 75527806	  83       3.20       3.30  7.989244228668371E-01  7.680284365969662E-04 75527806	  83       3.20       3.30  7.547830964432110E-01  7.102470449652054E-04 75527806	  83       3.20       3.30  7.547830964432110E-01  7.102470449652054E-04 75527806	  83       3.20       3.30  8.477760520788795E-01  8.362798018621021E-04 75527806	  83       3.20       3.30  8.477760520788795E-01  8.362798018621021E-04 75527806	  83       3.20       3.30  7.989244228668371E-01  7.680284365969662E-04 75527806
  84       3.30       3.40  7.579808377887105E-01  7.602266105361347E-04 73408379	  84       3.30       3.40  7.579808377887105E-01  7.602266105361347E-04 73408379	  84       3.30       3.40  7.149405150794875E-01  7.024357804317101E-04 73408379	  84       3.30       3.40  7.149405150794875E-01  7.024357804317101E-04 73408379	  84       3.30       3.40  8.057675643642233E-01  8.285405848011552E-04 73408379	  84       3.30       3.40  8.057675643642233E-01  8.285405848011552E-04 73408379	  84       3.30       3.40  7.579808377887105E-01  7.602266105361347E-04 73408379
  85       3.40       3.50  7.096453516457806E-01  7.393912018510991E-04 70989138	  85       3.40       3.50  7.096453516457806E-01  7.393912018510991E-04 70989138	  85       3.40       3.50  6.682080852102190E-01  6.810600747711496E-04 70989138	  85       3.40       3.50  6.682080852102190E-01  6.810600747711496E-04 70989138	  85       3.40       3.50  7.558009203058026E-01  8.087018658110860E-04 70989138	  85       3.40       3.50  7.558009203058026E-01  8.087018658110860E-04 70989138	  85       3.40       3.50  7.096453516457806E-01  7.393912018510991E-04 70989138
  86       3.50       3.60  6.589599173469489E-01  7.225352420445956E-04 68311571	  86       3.50       3.60  6.589599173469489E-01  7.225352420445956E-04 68311571	  86       3.50       3.60  6.193567981607648E-01  6.642657443451745E-04 68311571	  86       3.50       3.60  6.193567981607648E-01  6.642657443451745E-04 68311571	  86       3.50       3.60  7.032231299257445E-01  7.919268314480160E-04 68311571	  86       3.50       3.60  7.032231299257445E-01  7.919268314480160E-04 68311571	  86       3.50       3.60  6.589599173469489E-01  7.225352420445956E-04 68311571
  87       3.60       3.70  6.053082202502601E-01  7.350628861349561E-04 65368662	  87       3.60       3.70  6.053082202502601E-01  7.350628861349561E-04 65368662	  87       3.60       3.70  5.678708552887046E-01  6.744218359108150E-04 65368662	  87       3.60       3.70  5.678708552887046E-01  6.744218359108150E-04 65368662	  87       3.60       3.70  6.472950674770769E-01  8.075156386618086E-04 65368662	  87       3.60       3.70  6.472950674770769E-01  8.075156386618086E-04 65368662	  87       3.60       3.70  6.053082202502601E-01  7.350628861349561E-04 65368662
  88       3.70       3.80  5.469062489313506E-01  6.890087330044633E-04 62203770	  88       3.70       3.80  5.469062489313506E-01  6.890087330044633E-04 62203770	  88       3.70       3.80  5.120853198089728E-01  6.297038798002883E-04 62203770	  88       3.70       3.80  5.120853198089728E-01  6.297038798002883E-04 62203770	  88       3.70       3.80  5.860915729121003E-01  7.603170978064962E-04 62203770	  88       3.70       3.80  5.860915729121003E-01  7.603170978064962E-04 62203770	  88       3.70       3.80  5.469062489313506E-01  6.890087330044633E-04 62203770
  89       3.80       3.90  4.856489009522639E-01  6.550875185488220E-04 58782544	  89       3.80       3.90  4.856489009522639E-01  6.550875185488220E-04 58782544	  89       3.80       3.90  4.538820284166357E-01  5.971150737884010E-04 58782544	  89       3.80       3.90  4.538820284166357E-01  5.971150737884010E-04 58782544	  89       3.80       3.90  5.215093571225247E-01  7.251111319361863E-04 58782544	  89       3.80       3.90  5.215093571225247E-01  7.251111319361863E-04 58782544	  89       3.80       3.90  4.856489009522639E-01  6.550875185488220E-04 58782544
  90       3.90       4.00  4.271578331449932E-01  6.100340288414545E-04 55164027	  90       3.90       4.00  4.271578331449932E-01  6.100340288414545E-04 55164027	  90       3.90       4.00  3.984422108385884E-01  5.550521259424384E-04 55164027	  90       3.90       4.00  3.984422108385884E-01  5.550521259424384E-04 55164027	  90       3.90       4.00  4.596735108372099E-01  6.765351702017600E-04 55164027	  90       3.90       4.00  4.596735108372099E-01  6.765351702017600E-04 55164027	  90       3.90       4.00  4.271578331449932E-01  6.100340288414545E-04 55164027
  91       4.00       4.10  0.000000000000000E+00  0.000000000000000E+00 0	  91       4.00       4.10  0.000000000000000E+00  0.000000000000000E+00 0	  91       4.00       4.10  0.000000000000000E+00  0.000000000000000E+00 0	  91       4.00       4.10  0.000000000000000E+00  0.000000000000000E+00 0	  91       4.00       4.10  0.000000000000000E+00  0.000000000000000E+00 0	  91       4.00       4.10  0.000000000000000E+00  0.000000000000000E+00 0	  91       4.00       4.10  0.000000000000000E+00  0.000000000000000E+00 0
  92       4.10       4.20  0.000000000000000E+00  0.000000000000000E+00 0	  92       4.10       4.20  0.000000000000000E+00  0.000000000000000E+00 0	  92       4.10       4.20  0.000000000000000E+00  0.000000000000000E+00 0	  92       4.10       4.20  0.000000000000000E+00  0.000000000000000E+00 0	  92       4.10       4.20  0.000000000000000E+00  0.000000000000000E+00 0	  92       4.10       4.20  0.000000000000000E+00  0.000000000000000E+00 0	  92       4.10       4.20  0.000000000000000E+00  0.000000000000000E+00 0
  93       4.20       4.30  0.000000000000000E+00  0.000000000000000E+00 0	  93       4.20       4.30  0.000000000000000E+00  0.000000000000000E+00 0	  93       4.20       4.30  0.000000000000000E+00  0.000000000000000E+00 0	  93       4.20       4.30  0.000000000000000E+00  0.000000000000000E+00 0	  93       4.20       4.30  0.000000000000000E+00  0.000000000000000E+00 0	  93       4.20       4.30  0.000000000000000E+00  0.000000000000000E+00 0	  93       4.20       4.30  0.000000000000000E+00  0.000000000000000E+00 0
  94       4.30       4.40  0.000000000000000E+00  0.000000000000000E+00 0	  94       4.30       4.40  0.000000000000000E+00  0.000000000000000E+00 0	  94       4.30       4.40  0.000000000000000E+00  0.000000000000000E+00 0	  94       4.30       4.40  0.000000000000000E+00  0.000000000000000E+00 0	  94       4.30       4.40  0.000000000000000E+00  0.000000000000000E+00 0	  94       4.30       4.40  0.000000000000000E+00  0.000000000000000E+00 0	  94       4.30       4.40  0.000000000000000E+00  0.000000000000000E+00 0
  95       4.40       4.50  0.000000000000000E+00  0.000000000000000E+00 0	  95       4.40       4.50  0.000000000000000E+00  0.000000000000000E+00 0	  95       4.40       4.50  0.000000000000000E+00  0.000000000000000E+00 0	  95       4.40       4.50  0.000000000000000E+00  0.000000000000000E+00 0	  95       4.40       4.50  0.000000000000000E+00  0.000000000000000E+00 0	  95       4.40       4.50  0.000000000000000E+00  0.000000000000000E+00 0	  95       4.40       4.50  0.000000000000000E+00  0.000000000000000E+00 0
  96       4.50       4.60  0.000000000000000E+00  0.000000000000000E+00 0	  96       4.50       4.60  0.000000000000000E+00  0.000000000000000E+00 0	  96       4.50       4.60  0.000000000000000E+00  0.000000000000000E+00 0	  96       4.50       4.60  0.000000000000000E+00  0.000000000000000E+00 0	  96       4.50       4.60  0.000000000000000E+00  0.000000000000000E+00 0	  96       4.50       4.60  0.000000000000000E+00  0.000000000000000E+00 0	  96       4.50       4.60  0.000000000000000E+00  0.000000000000000E+00 0
  97       4.60       4.70  0.000000000000000E+00  0.000000000000000E+00 0	  97       4.60       4.70  0.000000000000000E+00  0.000000000000000E+00 0	  97       4.60       4.70  0.000000000000000E+00  0.000000000000000E+00 0	  97       4.60       4.70  0.000000000000000E+00  0.000000000000000E+00 0	  97       4.60       4.70  0.000000000000000E+00  0.000000000000000E+00 0	  97       4.60       4.70  0.000000000000000E+00  0.000000000000000E+00 0	  97       4.60       4.70  0.000000000000000E+00  0.000000000000000E+00 0
  98       4.70       4.80  0.000000000000000E+00  0.000000000000000E+00 0	  98       4.70       4.80  0.000000000000000E+00  0.000000000000000E+00 0	  98       4.70       4.80  0.000000000000000E+00  0.000000000000000E+00 0	  98       4.70       4.80  0.000000000000000E+00  0.000000000000000E+00 0	  98       4.70       4.80  0.000000000000000E+00  0.000000000000000E+00 0	  98       4.70       4.80  0.000000000000000E+00  0.000000000000000E+00 0	  98       4.70       4.80  0.000000000000000E+00  0.000000000000000E+00 0
  99       4.80       4.90  0.000000000000000E+00  0.000000000000000E+00 0	  99       4.80       4.90  0.000000000000000E+00  0.000000000000000E+00 0	  99       4.80       4.90  0.000000000000000E+00  0.000000000000000E+00 0	  99       4.80       4.90  0.000000000000000E+00  0.000000000000000E+00 0	  99       4.80       4.90  0.000000000000000E+00  0.000000000000000E+00 0	  99       4.80       4.90  0.000000000000000E+00  0.000000000000000E+00 0	  99       4.80       4.90  0.000000000000000E+00  0.000000000000000E+00 0
 100       4.90       5.00  0.000000000000000E+00  0.000000000000000E+00 0	 100       4.90       5.00  0.000000000000000E+00  0.000000000000000E+00 0	 100       4.90       5.00  0.000000000000000E+00  0.000000000000000E+00 0	 100       4.90       5.00  0.000000000000000E+00  0.000000000000000E+00 0	 100       4.90       5.00  0.000000000000000E+00  0.000000000000000E+00 0	 100       4.90       5.00  0.000000000000000E+00  0.000000000000000E+00 0	 100       4.90       5.00  0.000000000000000E+00  0.000000000000000E+00 0
# Underflow:                 0.0000000000000000E+00  0.0000000000000000E+00 0
# Overflow:                  0.0000000000000000E+00  0.0000000000000000E+00 0
#-------------------------------------------------------------------------------------	#-------------------------------------------------------------------------------------	#-------------------------------------------------------------------------------------	#-------------------------------------------------------------------------------------	#-------------------------------------------------------------------------------------	#-------------------------------------------------------------------------------------	#-------------------------------------------------------------------------------------
# Sum:                       5.2751646661200935E-01  8.4881001118870000E-05 508479000
#=====================================================================================	#=====================================================================================	#=====================================================================================	#=====================================================================================	#=====================================================================================	#=====================================================================================	#=====================================================================================
