# title = CMS Energy
# xlabel = $\sqrt{\hat{s}}\,$[GeV]
# ylabel = $\frac{\text{d}\sigma}{\text{d}\sqrt{\hat{s}}}\,\left[\frac{\text{fb}}{\text{GeV}}\right]$
# xmin=  5.000E+02
# xmax=  4.000E+03
# ymin=  1.000E-07
# ymax=  1.000E-03
# kmin= -2.000E+01
# kmax=  1.000E+01
# logscale = true
# Renormalization and factorization scale scaled by: 1.0000000000
# Renormalization scaled by: 1.0000000000
# Number of generated events: 7099658501
#	#	#	#	#	#	#
#=====================================================================================	#=====================================================================================	#=====================================================================================	#=====================================================================================	#=====================================================================================	#=====================================================================================	#=====================================================================================
# No.       Left      Right                   Value                   Error Hits
#-------------------------------------------------------------------------------------	#-------------------------------------------------------------------------------------	#-------------------------------------------------------------------------------------	#-------------------------------------------------------------------------------------	#-------------------------------------------------------------------------------------	#-------------------------------------------------------------------------------------	#-------------------------------------------------------------------------------------
   1       0.00     100.00  0.000000000000000E+00  0.000000000000000E+00 0	   1       0.00     100.00  0.000000000000000E+00  0.000000000000000E+00 0	   1       0.00     100.00  0.000000000000000E+00  0.000000000000000E+00 0	   1       0.00     100.00  0.000000000000000E+00  0.000000000000000E+00 0	   1       0.00     100.00  0.000000000000000E+00  0.000000000000000E+00 0	   1       0.00     100.00  0.000000000000000E+00  0.000000000000000E+00 0	   1       0.00     100.00  0.000000000000000E+00  0.000000000000000E+00 0
   2     100.00     200.00  0.000000000000000E+00  0.000000000000000E+00 0	   2     100.00     200.00  0.000000000000000E+00  0.000000000000000E+00 0	   2     100.00     200.00  0.000000000000000E+00  0.000000000000000E+00 0	   2     100.00     200.00  0.000000000000000E+00  0.000000000000000E+00 0	   2     100.00     200.00  0.000000000000000E+00  0.000000000000000E+00 0	   2     100.00     200.00  0.000000000000000E+00  0.000000000000000E+00 0	   2     100.00     200.00  0.000000000000000E+00  0.000000000000000E+00 0
   3     200.00     300.00  0.000000000000000E+00  0.000000000000000E+00 0	   3     200.00     300.00  0.000000000000000E+00  0.000000000000000E+00 0	   3     200.00     300.00  0.000000000000000E+00  0.000000000000000E+00 0	   3     200.00     300.00  0.000000000000000E+00  0.000000000000000E+00 0	   3     200.00     300.00  0.000000000000000E+00  0.000000000000000E+00 0	   3     200.00     300.00  0.000000000000000E+00  0.000000000000000E+00 0	   3     200.00     300.00  0.000000000000000E+00  0.000000000000000E+00 0
   4     300.00     400.00  0.000000000000000E+00  0.000000000000000E+00 0	   4     300.00     400.00  0.000000000000000E+00  0.000000000000000E+00 0	   4     300.00     400.00  0.000000000000000E+00  0.000000000000000E+00 0	   4     300.00     400.00  0.000000000000000E+00  0.000000000000000E+00 0	   4     300.00     400.00  0.000000000000000E+00  0.000000000000000E+00 0	   4     300.00     400.00  0.000000000000000E+00  0.000000000000000E+00 0	   4     300.00     400.00  0.000000000000000E+00  0.000000000000000E+00 0
   5     400.00     500.00  0.000000000000000E+00  0.000000000000000E+00 0	   5     400.00     500.00  0.000000000000000E+00  0.000000000000000E+00 0	   5     400.00     500.00  0.000000000000000E+00  0.000000000000000E+00 0	   5     400.00     500.00  0.000000000000000E+00  0.000000000000000E+00 0	   5     400.00     500.00  0.000000000000000E+00  0.000000000000000E+00 0	   5     400.00     500.00  0.000000000000000E+00  0.000000000000000E+00 0	   5     400.00     500.00  0.000000000000000E+00  0.000000000000000E+00 0
   6     500.00     600.00  0.000000000000000E+00  0.000000000000000E+00 0	   6     500.00     600.00  0.000000000000000E+00  0.000000000000000E+00 0	   6     500.00     600.00  0.000000000000000E+00  0.000000000000000E+00 0	   6     500.00     600.00  0.000000000000000E+00  0.000000000000000E+00 0	   6     500.00     600.00  0.000000000000000E+00  0.000000000000000E+00 0	   6     500.00     600.00  0.000000000000000E+00  0.000000000000000E+00 0	   6     500.00     600.00  0.000000000000000E+00  0.000000000000000E+00 0
   7     600.00     700.00  5.095864981626321E-06  4.558505893130667E-09 6989123	   7     600.00     700.00  5.095864981626321E-06  4.558505893130667E-09 6989123	   7     600.00     700.00  5.321901493904704E-06  4.746847486098587E-09 6989123	   7     600.00     700.00  5.321901493904704E-06  4.746847486098587E-09 6989123	   7     600.00     700.00  4.801413363585638E-06  4.314949305031346E-09 6989123	   7     600.00     700.00  4.801413363585638E-06  4.314949305031346E-09 6989123	   7     600.00     700.00  5.095864981626321E-06  4.558505893130667E-09 6989123
   8     700.00     800.00  2.340077826620465E-04  6.503609227794992E-08 65447445	   8     700.00     800.00  2.340077826620465E-04  6.503609227794992E-08 65447445	   8     700.00     800.00  2.424317639912820E-04  6.718227676928339E-08 65447445	   8     700.00     800.00  2.424317639912820E-04  6.718227676928339E-08 65447445	   8     700.00     800.00  2.226294897867617E-04  6.215326276323247E-08 65447445	   8     700.00     800.00  2.226294897867617E-04  6.215326276323247E-08 65447445	   8     700.00     800.00  2.340077826620465E-04  6.503609227794992E-08 65447445
   9     800.00     900.00  6.875859409704154E-04  1.528659304887407E-07 111618615	   9     800.00     900.00  6.875859409704154E-04  1.528659304887407E-07 111618615	   9     800.00     900.00  7.066153370893362E-04  1.567764759293984E-07 111618615	   9     800.00     900.00  7.066153370893362E-04  1.567764759293984E-07 111618615	   9     800.00     900.00  6.604894122967148E-04  1.473435660681483E-07 111618615	   9     800.00     900.00  6.604894122967148E-04  1.473435660681483E-07 111618615	   9     800.00     900.00  6.875859409704154E-04  1.528659304887407E-07 111618615
  10     900.00    1000.00  1.055528714374938E-03  2.283650472517263E-07 136795871	  10     900.00    1000.00  1.055528714374938E-03  2.283650472517263E-07 136795871	  10     900.00    1000.00  1.076558798514611E-03  2.325707391799200E-07 136795871	  10     900.00    1000.00  1.076558798514611E-03  2.325707391799200E-07 136795871	  10     900.00    1000.00  1.023119876698690E-03  2.219521242424232E-07 136795871	  10     900.00    1000.00  1.023119876698690E-03  2.219521242424232E-07 136795871	  10     900.00    1000.00  1.055528714374938E-03  2.283650472517263E-07 136795871
  11    1000.00    1100.00  1.306941344057782E-03  2.896209195462380E-07 148138172	  11    1000.00    1100.00  1.306941344057782E-03  2.896209195462380E-07 148138172	  11    1000.00    1100.00  1.323950292472049E-03  2.930631397008413E-07 148138172	  11    1000.00    1100.00  1.323950292472049E-03  2.930631397008413E-07 148138172	  11    1000.00    1100.00  1.277091087193788E-03  2.836453556214057E-07 148138172	  11    1000.00    1100.00  1.277091087193788E-03  2.836453556214057E-07 148138172	  11    1000.00    1100.00  1.306941344057782E-03  2.896209195462380E-07 148138172
  12    1100.00    1200.00  1.471913224467756E-03  3.413937666441282E-07 151258332	  12    1100.00    1200.00  1.471913224467756E-03  3.413937666441282E-07 151258332	  12    1100.00    1200.00  1.481983285872202E-03  3.434468786489623E-07 151258332	  12    1100.00    1200.00  1.481983285872202E-03  3.434468786489623E-07 151258332	  12    1100.00    1200.00  1.448760617997421E-03  3.366669454147959E-07 151258332	  12    1100.00    1200.00  1.448760617997421E-03  3.366669454147959E-07 151258332	  12    1100.00    1200.00  1.471913224467756E-03  3.413937666441282E-07 151258332
  13    1200.00    1300.00  1.572087660218196E-03  3.857049834811415E-07 149927667	  13    1200.00    1300.00  1.572087660218196E-03  3.857049834811415E-07 149927667	  13    1200.00    1300.00  1.574113003168299E-03  3.859846618946339E-07 149927667	  13    1200.00    1300.00  1.574113003168299E-03  3.859846618946339E-07 149927667	  13    1200.00    1300.00  1.557518240954732E-03  3.827464074092059E-07 149927667	  13    1200.00    1300.00  1.557518240954732E-03  3.827464074092059E-07 149927667	  13    1200.00    1300.00  1.572087660218196E-03  3.857049834811415E-07 149927667
  14    1300.00    1400.00  1.626834392711810E-03  4.244235033908166E-07 146352978	  14    1300.00    1400.00  1.626834392711810E-03  4.244235033908166E-07 146352978	  14    1300.00    1400.00  1.620734639670765E-03  4.227073808850865E-07 146352978	  14    1300.00    1400.00  1.620734639670765E-03  4.227073808850865E-07 146352978	  14    1300.00    1400.00  1.621386082742836E-03  4.235554710525069E-07 146352978	  14    1300.00    1400.00  1.621386082742836E-03  4.235554710525069E-07 146352978	  14    1300.00    1400.00  1.626834392711810E-03  4.244235033908166E-07 146352978
  15    1400.00    1500.00  1.649307715838672E-03  4.592100632797985E-07 141658591	  15    1400.00    1500.00  1.649307715838672E-03  4.592100632797985E-07 141658591	  15    1400.00    1500.00  1.635514286222276E-03  4.553470051193385E-07 141658591	  15    1400.00    1500.00  1.635514286222276E-03  4.553470051193385E-07 141658591	  15    1400.00    1500.00  1.652796872068102E-03  4.606578748425526E-07 141658591	  15    1400.00    1500.00  1.652796872068102E-03  4.606578748425526E-07 141658591	  15    1400.00    1500.00  1.649307715838672E-03  4.592100632797985E-07 141658591
  16    1500.00    1600.00  1.648291089747627E-03  4.902138223109032E-07 136484551	  16    1500.00    1600.00  1.648291089747627E-03  4.902138223109032E-07 136484551	  16    1500.00    1600.00  1.627514119774026E-03  4.841292422296460E-07 136484551	  16    1500.00    1600.00  1.627514119774026E-03  4.841292422296460E-07 136484551	  16    1500.00    1600.00  1.660122909638954E-03  4.941081280544397E-07 136484551	  16    1500.00    1600.00  1.660122909638954E-03  4.941081280544397E-07 136484551	  16    1500.00    1600.00  1.648291089747627E-03  4.902138223109032E-07 136484551
  17    1600.00    1700.00  1.629901709929388E-03  5.182422440604895E-07 131127297	  17    1600.00    1700.00  1.629901709929388E-03  5.182422440604895E-07 131127297	  17    1600.00    1700.00  1.602920351870602E-03  5.099020079962642E-07 131127297	  17    1600.00    1700.00  1.602920351870602E-03  5.099020079962642E-07 131127297	  17    1600.00    1700.00  1.649339827985419E-03  5.246595731413038E-07 131127297	  17    1600.00    1700.00  1.649339827985419E-03  5.246595731413038E-07 131127297	  17    1600.00    1700.00  1.629901709929388E-03  5.182422440604895E-07 131127297
  18    1700.00    1800.00  1.598805106611022E-03  5.434760159046044E-07 125755529	  18    1700.00    1800.00  1.598805106611022E-03  5.434760159046044E-07 125755529	  18    1700.00    1800.00  1.566491259904927E-03  5.328831738056891E-07 125755529	  18    1700.00    1800.00  1.566491259904927E-03  5.328831738056891E-07 125755529	  18    1700.00    1800.00  1.624947485045982E-03  5.524466642686437E-07 125755529	  18    1700.00    1800.00  1.624947485045982E-03  5.524466642686437E-07 125755529	  18    1700.00    1800.00  1.598805106611022E-03  5.434760159046044E-07 125755529
  19    1800.00    1900.00  1.557973684394381E-03  5.660285642861307E-07 120479108	  19    1800.00    1900.00  1.557973684394381E-03  5.660285642861307E-07 120479108	  19    1800.00    1900.00  1.521132417061851E-03  5.531970898296025E-07 120479108	  19    1800.00    1900.00  1.521132417061851E-03  5.531970898296025E-07 120479108	  19    1800.00    1900.00  1.589963809499972E-03  5.775644617522118E-07 120479108	  19    1800.00    1900.00  1.589963809499972E-03  5.775644617522118E-07 120479108	  19    1800.00    1900.00  1.557973684394381E-03  5.660285642861307E-07 120479108
  20    1900.00    2000.00  1.514525605978395E-03  5.890899992759830E-07 115398439	  20    1900.00    2000.00  1.514525605978395E-03  5.890899992759830E-07 115398439	  20    1900.00    2000.00  1.473803892650927E-03  5.739657391441067E-07 115398439	  20    1900.00    2000.00  1.473803892650927E-03  5.739657391441067E-07 115398439	  20    1900.00    2000.00  1.551631701346196E-03  6.032629481639557E-07 115398439	  20    1900.00    2000.00  1.551631701346196E-03  6.032629481639557E-07 115398439	  20    1900.00    2000.00  1.514525605978395E-03  5.890899992759830E-07 115398439
  21    2000.00    2100.00  1.462823623101326E-03  6.066894314688746E-07 110570192	  21    2000.00    2100.00  1.462823623101326E-03  6.066894314688746E-07 110570192	  21    2000.00    2100.00  1.419019428819689E-03  5.893965202261240E-07 110570192	  21    2000.00    2100.00  1.419019428819689E-03  5.893965202261240E-07 110570192	  21    2000.00    2100.00  1.504166898373220E-03  6.233969454940079E-07 110570192	  21    2000.00    2100.00  1.504166898373220E-03  6.233969454940079E-07 110570192	  21    2000.00    2100.00  1.462823623101326E-03  6.066894314688746E-07 110570192
  22    2100.00    2200.00  1.410691428964924E-03  6.243553150399910E-07 105894055	  22    2100.00    2200.00  1.410691428964924E-03  6.243553150399910E-07 105894055	  22    2100.00    2200.00  1.364363303179307E-03  6.049160945426423E-07 105894055	  22    2100.00    2200.00  1.364363303179307E-03  6.049160945426423E-07 105894055	  22    2100.00    2200.00  1.455614381152937E-03  6.435783547569746E-07 105894055	  22    2100.00    2200.00  1.455614381152937E-03  6.435783547569746E-07 105894055	  22    2100.00    2200.00  1.410691428964924E-03  6.243553150399910E-07 105894055
  23    2200.00    2300.00  1.356636346747052E-03  6.388997061828423E-07 101490448	  23    2200.00    2300.00  1.356636346747052E-03  6.388997061828423E-07 101490448	  23    2200.00    2300.00  1.308328882351617E-03  6.173509803516068E-07 101490448	  23    2200.00    2300.00  1.308328882351617E-03  6.173509803516068E-07 101490448	  23    2200.00    2300.00  1.404500366474696E-03  6.606168970503083E-07 101490448	  23    2200.00    2300.00  1.404500366474696E-03  6.606168970503083E-07 101490448	  23    2200.00    2300.00  1.356636346747052E-03  6.388997061828423E-07 101490448
  24    2300.00    2400.00  1.304048419405954E-03  6.549653958058207E-07 97284453	  24    2300.00    2400.00  1.304048419405954E-03  6.549653958058207E-07 97284453	  24    2300.00    2400.00  1.254183795194215E-03  6.313069856529726E-07 97284453	  24    2300.00    2400.00  1.254183795194215E-03  6.313069856529726E-07 97284453	  24    2300.00    2400.00  1.354338852990952E-03  6.791761375033839E-07 97284453	  24    2300.00    2400.00  1.354338852990952E-03  6.791761375033839E-07 97284453	  24    2300.00    2400.00  1.304048419405954E-03  6.549653958058207E-07 97284453
  25    2400.00    2500.00  1.246886674095198E-03  6.626400425183512E-07 93321785	  25    2400.00    2500.00  1.246886674095198E-03  6.626400425183512E-07 93321785	  25    2400.00    2500.00  1.196043696638515E-03  6.371000456693214E-07 93321785	  25    2400.00    2500.00  1.196043696638515E-03  6.371000456693214E-07 93321785	  25    2400.00    2500.00  1.298934378806049E-03  6.891328503239667E-07 93321785	  25    2400.00    2500.00  1.298934378806049E-03  6.891328503239667E-07 93321785	  25    2400.00    2500.00  1.246886674095198E-03  6.626400425183512E-07 93321785
  26    2500.00    2600.00  1.195561910627401E-03  6.817077343616668E-07 89558534	  26    2500.00    2600.00  1.195561910627401E-03  6.817077343616668E-07 89558534	  26    2500.00    2600.00  1.143925943957140E-03  6.539637259408802E-07 89558534	  26    2500.00    2600.00  1.143925943957140E-03  6.539637259408802E-07 89558534	  26    2500.00    2600.00  1.249099093419192E-03  7.107991290864055E-07 89558534	  26    2500.00    2600.00  1.249099093419192E-03  7.107991290864055E-07 89558534	  26    2500.00    2600.00  1.195561910627401E-03  6.817077343616668E-07 89558534
  27    2600.00    2700.00  1.140201936961165E-03  6.832235443368113E-07 85971120	  27    2600.00    2700.00  1.140201936961165E-03  6.832235443368113E-07 85971120	  27    2600.00    2700.00  1.088273308337414E-03  6.538208415593117E-07 85971120	  27    2600.00    2700.00  1.088273308337414E-03  6.538208415593117E-07 85971120	  27    2600.00    2700.00  1.194643876761556E-03  7.143684464051313E-07 85971120	  27    2600.00    2700.00  1.194643876761556E-03  7.143684464051313E-07 85971120	  27    2600.00    2700.00  1.140201936961165E-03  6.832235443368113E-07 85971120
  28    2700.00    2800.00  1.090918710094735E-03  6.951629834007890E-07 82611258	  28    2700.00    2800.00  1.090918710094735E-03  6.951629834007890E-07 82611258	  28    2700.00    2800.00  1.038792691214939E-03  6.638410169434701E-07 82611258	  28    2700.00    2800.00  1.038792691214939E-03  6.638410169434701E-07 82611258	  28    2700.00    2800.00  1.146103209160343E-03  7.286197182039401E-07 82611258	  28    2700.00    2800.00  1.146103209160343E-03  7.286197182039401E-07 82611258	  28    2700.00    2800.00  1.090918710094735E-03  6.951629834007890E-07 82611258
  29    2800.00    2900.00  1.040993317607091E-03  7.012893253912847E-07 79405124	  29    2800.00    2900.00  1.040993317607091E-03  7.012893253912847E-07 79405124	  29    2800.00    2900.00  9.889842671290013E-04  6.682273482121937E-07 79405124	  29    2800.00    2900.00  9.889842671290013E-04  6.682273482121937E-07 79405124	  29    2800.00    2900.00  1.096535121708804E-03  7.368775783683700E-07 79405124	  29    2800.00    2900.00  1.096535121708804E-03  7.368775783683700E-07 79405124	  29    2800.00    2900.00  1.040993317607091E-03  7.012893253912847E-07 79405124
  30    2900.00    3000.00  9.929557122782279E-04  7.099470959163927E-07 76364465	  30    2900.00    3000.00  9.929557122782279E-04  7.099470959163927E-07 76364465	  30    2900.00    3000.00  9.412478608650628E-04  6.751007494573635E-07 76364465	  30    2900.00    3000.00  9.412478608650628E-04  6.751007494573635E-07 76364465	  30    2900.00    3000.00  1.048613087306564E-03  7.477100306991698E-07 76364465	  30    2900.00    3000.00  1.048613087306564E-03  7.477100306991698E-07 76364465	  30    2900.00    3000.00  9.929557122782279E-04  7.099470959163927E-07 76364465
  31    3000.00    3100.00  9.450355769276560E-04  7.136328477125196E-07 73487230	  31    3000.00    3100.00  9.450355769276560E-04  7.136328477125196E-07 73487230	  31    3000.00    3100.00  8.938766252160375E-04  6.771330410771126E-07 73487230	  31    3000.00    3100.00  8.938766252160375E-04  6.771330410771126E-07 73487230	  31    3000.00    3100.00  1.000494733081034E-03  7.534450205065502E-07 73487230	  31    3000.00    3100.00  1.000494733081034E-03  7.534450205065502E-07 73487230	  31    3000.00    3100.00  9.450355769276560E-04  7.136328477125196E-07 73487230
  32    3100.00    3200.00  9.001834750220674E-04  7.198986478647297E-07 70778167	  32    3100.00    3200.00  9.001834750220674E-04  7.198986478647297E-07 70778167	  32    3100.00    3200.00  8.496615841604298E-04  6.817421279584159E-07 70778167	  32    3100.00    3200.00  8.496615841604298E-04  6.817421279584159E-07 70778167	  32    3100.00    3200.00  9.553085567439737E-04  7.617513227314125E-07 70778167	  32    3100.00    3200.00  9.553085567439737E-04  7.617513227314125E-07 70778167	  32    3100.00    3200.00  9.001834750220674E-04  7.198986478647297E-07 70778167
  33    3200.00    3300.00  8.573931920947991E-04  7.163150803007475E-07 68191995	  33    3200.00    3300.00  8.573931920947991E-04  7.163150803007475E-07 68191995	  33    3200.00    3300.00  8.075986986014242E-04  6.769425620687805E-07 68191995	  33    3200.00    3300.00  8.075986986014242E-04  6.769425620687805E-07 68191995	  33    3200.00    3300.00  9.120518420540350E-04  7.597396543170126E-07 68191995	  33    3200.00    3300.00  9.120518420540350E-04  7.597396543170126E-07 68191995	  33    3200.00    3300.00  8.573931920947991E-04  7.163150803007475E-07 68191995
  34    3300.00    3400.00  8.153498904879028E-04  7.152185258292556E-07 65741016	  34    3300.00    3400.00  8.153498904879028E-04  7.152185258292556E-07 65741016	  34    3300.00    3400.00  7.664453804925432E-04  6.745043254418682E-07 65741016	  34    3300.00    3400.00  7.664453804925432E-04  6.745043254418682E-07 65741016	  34    3300.00    3400.00  8.693296339144306E-04  7.603617810450937E-07 65741016	  34    3300.00    3400.00  8.693296339144306E-04  7.603617810450937E-07 65741016	  34    3300.00    3400.00  8.153498904879028E-04  7.152185258292556E-07 65741016
  35    3400.00    3500.00  7.755657916918456E-04  7.126305222361915E-07 63416542	  35    3400.00    3500.00  7.755657916918456E-04  7.126305222361915E-07 63416542	  35    3400.00    3500.00  7.276197954398201E-04  6.708298304546266E-07 63416542	  35    3400.00    3500.00  7.276197954398201E-04  6.708298304546266E-07 63416542	  35    3400.00    3500.00  8.287588500835724E-04  7.591808366308351E-07 63416542	  35    3400.00    3500.00  8.287588500835724E-04  7.591808366308351E-07 63416542	  35    3400.00    3500.00  7.755657916918456E-04  7.126305222361915E-07 63416542
  36    3500.00    3600.00  7.378464937045958E-04  7.161524604986782E-07 61204937	  36    3500.00    3600.00  7.378464937045958E-04  7.161524604986782E-07 61204937	  36    3500.00    3600.00  6.908978750974655E-04  6.728284443557878E-07 61204937	  36    3500.00    3600.00  6.908978750974655E-04  6.728284443557878E-07 61204937	  36    3500.00    3600.00  7.901844484462523E-04  7.646159222266040E-07 61204937	  36    3500.00    3600.00  7.901844484462523E-04  7.646159222266040E-07 61204937	  36    3500.00    3600.00  7.378464937045958E-04  7.161524604986782E-07 61204937
  37    3600.00    3700.00  7.019318405008173E-04  7.164340784768082E-07 59087458	  37    3600.00    3700.00  7.019318405008173E-04  7.164340784768082E-07 59087458	  37    3600.00    3700.00  6.560213198881154E-04  6.718238164152063E-07 59087458	  37    3600.00    3700.00  6.560213198881154E-04  6.718238164152063E-07 59087458	  37    3600.00    3700.00  7.533444939353565E-04  7.665429179698690E-07 59087458	  37    3600.00    3700.00  7.533444939353565E-04  7.665429179698690E-07 59087458	  37    3600.00    3700.00  7.019318405008173E-04  7.164340784768082E-07 59087458
  38    3700.00    3800.00  6.660790359111662E-04  7.189906438490588E-07 57089320	  38    3700.00    3800.00  6.660790359111662E-04  7.189906438490588E-07 57089320	  38    3700.00    3800.00  6.213562517071377E-04  6.730484268753950E-07 57089320	  38    3700.00    3800.00  6.213562517071377E-04  6.730484268753950E-07 57089320	  38    3700.00    3800.00  7.163741370068909E-04  7.707762380927906E-07 57089320	  38    3700.00    3800.00  7.163741370068909E-04  7.707762380927906E-07 57089320	  38    3700.00    3800.00  6.660790359111662E-04  7.189906438490588E-07 57089320
  39    3800.00    3900.00  6.329243517929691E-04  7.047571664473633E-07 55167599	  39    3800.00    3900.00  6.329243517929691E-04  7.047571664473633E-07 55167599	  39    3800.00    3900.00  5.893540348651029E-04  6.584589274285003E-07 55167599	  39    3800.00    3900.00  5.893540348651029E-04  6.584589274285003E-07 55167599	  39    3800.00    3900.00  6.821200693908312E-04  7.571539309022545E-07 55167599	  39    3800.00    3900.00  6.821200693908312E-04  7.571539309022545E-07 55167599	  39    3800.00    3900.00  6.329243517929691E-04  7.047571664473633E-07 55167599
  40    3900.00    4000.00  6.007058846403597E-04  7.017155132080561E-07 53337769	  40    3900.00    4000.00  6.007058846403597E-04  7.017155132080561E-07 53337769	  40    3900.00    4000.00  5.583506589926908E-04  6.544324412252063E-07 53337769	  40    3900.00    4000.00  5.583506589926908E-04  6.544324412252063E-07 53337769	  40    3900.00    4000.00  6.487111511785772E-04  7.554115769501856E-07 53337769	  40    3900.00    4000.00  6.487111511785772E-04  7.554115769501856E-07 53337769	  40    3900.00    4000.00  6.007058846403597E-04  7.017155132080561E-07 53337769
  41    4000.00    4100.00  5.696431179464836E-04  6.951701421805131E-07 51600216	  41    4000.00    4100.00  5.696431179464836E-04  6.951701421805131E-07 51600216	  41    4000.00    4100.00  5.285358072827260E-04  6.471985558265166E-07 51600216	  41    4000.00    4100.00  5.285358072827260E-04  6.471985558265166E-07 51600216	  41    4000.00    4100.00  6.164042623314678E-04  7.498260498521860E-07 51600216	  41    4000.00    4100.00  6.164042623314678E-04  7.498260498521860E-07 51600216	  41    4000.00    4100.00  5.696431179464836E-04  6.951701421805131E-07 51600216
  42    4100.00    4200.00  5.415215227672722E-04  6.904720857031126E-07 49947421	  42    4100.00    4200.00  5.415215227672722E-04  6.904720857031126E-07 49947421	  42    4100.00    4200.00  5.015639044074150E-04  6.416260265517238E-07 49947421	  42    4100.00    4200.00  5.015639044074150E-04  6.416260265517238E-07 49947421	  42    4100.00    4200.00  5.871329021873246E-04  7.463161633747014E-07 49947421	  42    4100.00    4200.00  5.871329021873246E-04  7.463161633747014E-07 49947421	  42    4100.00    4200.00  5.415215227672722E-04  6.904720857031126E-07 49947421
  43    4200.00    4300.00  5.139053731965164E-04  7.021034979598225E-07 48356558	  43    4200.00    4300.00  5.139053731965164E-04  7.021034979598225E-07 48356558	  43    4200.00    4300.00  4.751704808776831E-04  6.513762877148010E-07 48356558	  43    4200.00    4300.00  4.751704808776831E-04  6.513762877148010E-07 48356558	  43    4200.00    4300.00  5.582673738933024E-04  7.602632013120940E-07 48356558	  43    4200.00    4300.00  5.582673738933024E-04  7.602632013120940E-07 48356558	  43    4200.00    4300.00  5.139053731965164E-04  7.021034979598225E-07 48356558
  44    4300.00    4400.00  4.878246808765155E-04  6.733486437936807E-07 46820718	  44    4300.00    4400.00  4.878246808765155E-04  6.733486437936807E-07 46820718	  44    4300.00    4400.00  4.502998513017337E-04  6.235302167334080E-07 46820718	  44    4300.00    4400.00  4.502998513017337E-04  6.235302167334080E-07 46820718	  44    4300.00    4400.00  5.309369018594487E-04  7.306540953069071E-07 46820718	  44    4300.00    4400.00  5.309369018594487E-04  7.306540953069071E-07 46820718	  44    4300.00    4400.00  4.878246808765155E-04  6.733486437936807E-07 46820718
  45    4400.00    4500.00  4.630788902121272E-04  6.702281960288285E-07 45375361	  45    4400.00    4500.00  4.630788902121272E-04  6.702281960288285E-07 45375361	  45    4400.00    4500.00  4.267343070466529E-04  6.194321047871220E-07 45375361	  45    4400.00    4500.00  4.267343070466529E-04  6.194321047871220E-07 45375361	  45    4400.00    4500.00  5.049639273933306E-04  7.288546210435937E-07 45375361	  45    4400.00    4500.00  5.049639273933306E-04  7.288546210435937E-07 45375361	  45    4400.00    4500.00  4.630788902121272E-04  6.702281960288285E-07 45375361
  46    4500.00    4600.00  4.389951772702827E-04  6.616253005058097E-07 43988163	  46    4500.00    4600.00  4.389951772702827E-04  6.616253005058097E-07 43988163	  46    4500.00    4600.00  4.038724626006981E-04  6.104800940718267E-07 43988163	  46    4500.00    4600.00  4.038724626006981E-04  6.104800940718267E-07 43988163	  46    4500.00    4600.00  4.795905831382407E-04  7.208125894270952E-07 43988163	  46    4500.00    4600.00  4.795905831382407E-04  7.208125894270952E-07 43988163	  46    4500.00    4600.00  4.389951772702827E-04  6.616253005058097E-07 43988163
  47    4600.00    4700.00  4.157475619800073E-04  6.431140893796571E-07 42646801	  47    4600.00    4700.00  4.157475619800073E-04  6.431140893796571E-07 42646801	  47    4600.00    4700.00  3.818702090904384E-04  5.924858142189775E-07 42646801	  47    4600.00    4700.00  3.818702090904384E-04  5.924858142189775E-07 42646801	  47    4600.00    4700.00  4.550133693842313E-04  7.018477637181681E-07 42646801	  47    4600.00    4700.00  4.550133693842313E-04  7.018477637181681E-07 42646801	  47    4600.00    4700.00  4.157475619800073E-04  6.431140893796571E-07 42646801
  48    4700.00    4800.00  3.941702158432900E-04  6.421877771214990E-07 41368318	  48    4700.00    4800.00  3.941702158432900E-04  6.421877771214990E-07 41368318	  48    4700.00    4800.00  3.614610911422526E-04  5.905023725556341E-07 41368318	  48    4700.00    4800.00  3.614610911422526E-04  5.905023725556341E-07 41368318	  48    4700.00    4800.00  4.321867173505451E-04  7.023335715539985E-07 41368318	  48    4700.00    4800.00  4.321867173505451E-04  7.023335715539985E-07 41368318	  48    4700.00    4800.00  3.941702158432900E-04  6.421877771214990E-07 41368318
  49    4800.00    4900.00  3.738314802674921E-04  6.285132597481995E-07 40154609	  49    4800.00    4900.00  3.738314802674921E-04  6.285132597481995E-07 40154609	  49    4800.00    4900.00  3.422623311387237E-04  5.769727123870307E-07 40154609	  49    4800.00    4900.00  3.422623311387237E-04  5.769727123870307E-07 40154609	  49    4800.00    4900.00  4.106205562720560E-04  6.886435954783940E-07 40154609	  49    4800.00    4900.00  4.106205562720560E-04  6.886435954783940E-07 40154609	  49    4800.00    4900.00  3.738314802674921E-04  6.285132597481995E-07 40154609
  50    4900.00    5000.00  3.529335005216205E-04  6.176348799015241E-07 38978577	  50    4900.00    5000.00  3.529335005216205E-04  6.176348799015241E-07 38978577	  50    4900.00    5000.00  3.226210032794360E-04  5.661118938056794E-07 38978577	  50    4900.00    5000.00  3.226210032794360E-04  5.661118938056794E-07 38978577	  50    4900.00    5000.00  3.883483907056802E-04  6.778837689692283E-07 38978577	  50    4900.00    5000.00  3.883483907056802E-04  6.778837689692283E-07 38978577	  50    4900.00    5000.00  3.529335005216205E-04  6.176348799015241E-07 38978577
  51    5000.00    5100.00  3.345709189427722E-04  6.079201353017396E-07 37837704	  51    5000.00    5100.00  3.345709189427722E-04  6.079201353017396E-07 37837704	  51    5000.00    5100.00  3.053542748376464E-04  5.562421651395989E-07 37837704	  51    5000.00    5100.00  3.053542748376464E-04  5.562421651395989E-07 37837704	  51    5000.00    5100.00  3.687913331071269E-04  6.685097179310494E-07 37837704	  51    5000.00    5100.00  3.687913331071269E-04  6.685097179310494E-07 37837704	  51    5000.00    5100.00  3.345709189427722E-04  6.079201353017396E-07 37837704
  52    5100.00    5200.00  3.171416116127899E-04  6.012801620610003E-07 36750114	  52    5100.00    5200.00  3.171416116127899E-04  6.012801620610003E-07 36750114	  52    5100.00    5200.00  2.890076400477254E-04  5.492504226175173E-07 36750114	  52    5100.00    5200.00  2.890076400477254E-04  5.492504226175173E-07 36750114	  52    5100.00    5200.00  3.501723526969516E-04  6.624333920244391E-07 36750114	  52    5100.00    5200.00  3.501723526969516E-04  6.624333920244391E-07 36750114	  52    5100.00    5200.00  3.171416116127899E-04  6.012801620610003E-07 36750114
  53    5200.00    5300.00  2.991072095986127E-04  5.838370598468857E-07 35703062	  53    5200.00    5300.00  2.991072095986127E-04  5.838370598468857E-07 35703062	  53    5200.00    5300.00  2.721496187961125E-04  5.324929626511177E-07 35703062	  53    5200.00    5300.00  2.721496187961125E-04  5.324929626511177E-07 35703062	  53    5200.00    5300.00  3.308325364247525E-04  6.443173290047715E-07 35703062	  53    5200.00    5300.00  3.308325364247525E-04  6.443173290047715E-07 35703062	  53    5200.00    5300.00  2.991072095986127E-04  5.838370598468857E-07 35703062
  54    5300.00    5400.00  2.837588449011096E-04  5.731597892142122E-07 34702478	  54    5300.00    5400.00  2.837588449011096E-04  5.731597892142122E-07 34702478	  54    5300.00    5400.00  2.577972724691087E-04  5.218440792515170E-07 34702478	  54    5300.00    5400.00  2.577972724691087E-04  5.218440792515170E-07 34702478	  54    5300.00    5400.00  3.143817042669694E-04  6.337600538006935E-07 34702478	  54    5300.00    5400.00  3.143817042669694E-04  6.337600538006935E-07 34702478	  54    5300.00    5400.00  2.837588449011096E-04  5.731597892142122E-07 34702478
  55    5400.00    5500.00  2.680148534533938E-04  5.617188804224886E-07 33742630	  55    5400.00    5500.00  2.680148534533938E-04  5.617188804224886E-07 33742630	  55    5400.00    5500.00  2.431246758084902E-04  5.105740538257517E-07 33742630	  55    5400.00    5500.00  2.431246758084902E-04  5.105740538257517E-07 33742630	  55    5400.00    5500.00  2.974404782165407E-04  6.222655424998934E-07 33742630	  55    5400.00    5500.00  2.974404782165407E-04  6.222655424998934E-07 33742630	  55    5400.00    5500.00  2.680148534533938E-04  5.617188804224886E-07 33742630
  56    5500.00    5600.00  2.525039189371012E-04  5.392323398612568E-07 32809421	  56    5500.00    5600.00  2.525039189371012E-04  5.392323398612568E-07 32809421	  56    5500.00    5600.00  2.287204185929585E-04  4.894404163085475E-07 32809421	  56    5500.00    5600.00  2.287204185929585E-04  4.894404163085475E-07 32809421	  56    5500.00    5600.00  2.806808748410333E-04  5.982900084437896E-07 32809421	  56    5500.00    5600.00  2.806808748410333E-04  5.982900084437896E-07 32809421	  56    5500.00    5600.00  2.525039189371012E-04  5.392323398612568E-07 32809421
  57    5600.00    5700.00  2.389027161190466E-04  5.366546115859471E-07 31901939	  57    5600.00    5700.00  2.389027161190466E-04  5.366546115859471E-07 31901939	  57    5600.00    5700.00  2.160702736521656E-04  4.861810700978465E-07 31901939	  57    5600.00    5700.00  2.160702736521656E-04  4.861810700978465E-07 31901939	  57    5600.00    5700.00  2.660134134866326E-04  5.966877933305553E-07 31901939	  57    5600.00    5700.00  2.660134134866326E-04  5.966877933305553E-07 31901939	  57    5600.00    5700.00  2.389027161190466E-04  5.366546115859471E-07 31901939
  58    5700.00    5800.00  2.262563833602898E-04  5.208441207529912E-07 31057219	  58    5700.00    5800.00  2.262563833602898E-04  5.208441207529912E-07 31057219	  58    5700.00    5800.00  2.043402279258312E-04  4.711320300555299E-07 31057219	  58    5700.00    5800.00  2.043402279258312E-04  4.711320300555299E-07 31057219	  58    5700.00    5800.00  2.523323999012747E-04  5.800949689334489E-07 31057219	  58    5700.00    5800.00  2.523323999012747E-04  5.800949689334489E-07 31057219	  58    5700.00    5800.00  2.262563833602898E-04  5.208441207529912E-07 31057219
  59    5800.00    5900.00  2.141024421493951E-04  4.980391070635404E-07 30213421	  59    5800.00    5900.00  2.141024421493951E-04  4.980391070635404E-07 30213421	  59    5800.00    5900.00  1.930835409423157E-04  4.498944594911590E-07 30213421	  59    5800.00    5900.00  1.930835409423157E-04  4.498944594911590E-07 30213421	  59    5800.00    5900.00  2.391617697131309E-04  5.555162196328112E-07 30213421	  59    5800.00    5900.00  2.391617697131309E-04  5.555162196328112E-07 30213421	  59    5800.00    5900.00  2.141024421493951E-04  4.980391070635404E-07 30213421
  60    5900.00    6000.00  2.022618837704417E-04  4.928984447039989E-07 29409163	  60    5900.00    6000.00  2.022618837704417E-04  4.928984447039989E-07 29409163	  60    5900.00    6000.00  1.821371480237571E-04  4.445392674903269E-07 29409163	  60    5900.00    6000.00  1.821371480237571E-04  4.445392674903269E-07 29409163	  60    5900.00    6000.00  2.263050654907044E-04  5.507590386746171E-07 29409163	  60    5900.00    6000.00  2.263050654907044E-04  5.507590386746171E-07 29409163	  60    5900.00    6000.00  2.022618837704417E-04  4.928984447039989E-07 29409163
  61    6000.00    6100.00  1.919514285964916E-04  4.949134797139101E-07 28647560	  61    6000.00    6100.00  1.919514285964916E-04  4.949134797139101E-07 28647560	  61    6000.00    6100.00  1.726109547286983E-04  4.456426169300208E-07 28647560	  61    6000.00    6100.00  1.726109547286983E-04  4.456426169300208E-07 28647560	  61    6000.00    6100.00  2.151023729398466E-04  5.540013771225195E-07 28647560	  61    6000.00    6100.00  2.151023729398466E-04  5.540013771225195E-07 28647560	  61    6000.00    6100.00  1.919514285964916E-04  4.949134797139101E-07 28647560
  62    6100.00    6200.00  1.813336994050625E-04  4.758007477431839E-07 27885326	  62    6100.00    6200.00  1.813336994050625E-04  4.758007477431839E-07 27885326	  62    6100.00    6200.00  1.628277224777204E-04  4.276308578595062E-07 27885326	  62    6100.00    6200.00  1.628277224777204E-04  4.276308578595062E-07 27885326	  62    6100.00    6200.00  2.035297874552689E-04  5.337155178242778E-07 27885326	  62    6100.00    6200.00  2.035297874552689E-04  5.337155178242778E-07 27885326	  62    6100.00    6200.00  1.813336994050625E-04  4.758007477431839E-07 27885326
  63    6200.00    6300.00  1.702059166437428E-04  4.523715311632052E-07 27164946	  63    6200.00    6300.00  1.702059166437428E-04  4.523715311632052E-07 27164946	  63    6200.00    6300.00  1.526213769712313E-04  4.059836262215035E-07 27164946	  63    6200.00    6300.00  1.526213769712313E-04  4.059836262215035E-07 27164946	  63    6200.00    6300.00  1.913361893638010E-04  5.082414911188482E-07 27164946	  63    6200.00    6300.00  1.913361893638010E-04  5.082414911188482E-07 27164946	  63    6200.00    6300.00  1.702059166437428E-04  4.523715311632052E-07 27164946
  64    6300.00    6400.00  1.609974398506515E-04  4.417239803648625E-07 26472899	  64    6300.00    6400.00  1.609974398506515E-04  4.417239803648625E-07 26472899	  64    6300.00    6400.00  1.441708626468309E-04  3.960198686858921E-07 26472899	  64    6300.00    6400.00  1.441708626468309E-04  3.960198686858921E-07 26472899	  64    6300.00    6400.00  1.812530253114337E-04  4.968375239894776E-07 26472899	  64    6300.00    6400.00  1.812530253114337E-04  4.968375239894776E-07 26472899	  64    6300.00    6400.00  1.609974398506515E-04  4.417239803648625E-07 26472899
  65    6400.00    6500.00  1.515317940506557E-04  4.250066939507182E-07 25801726	  65    6400.00    6500.00  1.515317940506557E-04  4.250066939507182E-07 25801726	  65    6400.00    6500.00  1.354994027766173E-04  3.802064888232174E-07 25801726	  65    6400.00    6500.00  1.354994027766173E-04  3.802064888232174E-07 25801726	  65    6400.00    6500.00  1.708681180091043E-04  4.791932009594134E-07 25801726	  65    6400.00    6500.00  1.708681180091043E-04  4.791932009594134E-07 25801726	  65    6400.00    6500.00  1.515317940506557E-04  4.250066939507182E-07 25801726
  66    6500.00    6600.00  1.436065637539227E-04  4.226673071834132E-07 25150176	  66    6500.00    6600.00  1.436065637539227E-04  4.226673071834132E-07 25150176	  66    6500.00    6600.00  1.282398237269757E-04  3.776962100592243E-07 25150176	  66    6500.00    6600.00  1.282398237269757E-04  3.776962100592243E-07 25150176	  66    6500.00    6600.00  1.621729665369621E-04  4.771335273409667E-07 25150176	  66    6500.00    6600.00  1.621729665369621E-04  4.771335273409667E-07 25150176	  66    6500.00    6600.00  1.436065637539227E-04  4.226673071834132E-07 25150176
  67    6600.00    6700.00  1.354826958979270E-04  4.114473647625902E-07 24520237	  67    6600.00    6700.00  1.354826958979270E-04  4.114473647625902E-07 24520237	  67    6600.00    6700.00  1.208172402799384E-04  3.670662163992866E-07 24520237	  67    6600.00    6700.00  1.208172402799384E-04  3.670662163992866E-07 24520237	  67    6600.00    6700.00  1.532339261657330E-04  4.653139332753896E-07 24520237	  67    6600.00    6700.00  1.532339261657330E-04  4.653139332753896E-07 24520237	  67    6600.00    6700.00  1.354826958979270E-04  4.114473647625902E-07 24520237
  68    6700.00    6800.00  1.273775793091993E-04  3.897082065063177E-07 23905225	  68    6700.00    6800.00  1.273775793091993E-04  3.897082065063177E-07 23905225	  68    6700.00    6800.00  1.134333137749998E-04  3.471638596201375E-07 23905225	  68    6700.00    6800.00  1.134333137749998E-04  3.471638596201375E-07 23905225	  68    6700.00    6800.00  1.442859654540140E-04  4.414382354416931E-07 23905225	  68    6700.00    6800.00  1.442859654540140E-04  4.414382354416931E-07 23905225	  68    6700.00    6800.00  1.273775793091993E-04  3.897082065063177E-07 23905225
  69    6800.00    6900.00  1.202292748627237E-04  3.798345083768637E-07 23309768	  69    6800.00    6900.00  1.202292748627237E-04  3.798345083768637E-07 23309768	  69    6800.00    6900.00  1.069264424708938E-04  3.378819677672362E-07 23309768	  69    6800.00    6900.00  1.069264424708938E-04  3.378819677672362E-07 23309768	  69    6800.00    6900.00  1.363871625443057E-04  4.309412158085045E-07 23309768	  69    6800.00    6900.00  1.363871625443057E-04  4.309412158085045E-07 23309768	  69    6800.00    6900.00  1.202292748627237E-04  3.798345083768637E-07 23309768
  70    6900.00    7000.00  1.127755710683306E-04  3.529627848572685E-07 22740191	  70    6900.00    7000.00  1.127755710683306E-04  3.529627848572685E-07 22740191	  70    6900.00    7000.00  1.001638224119250E-04  3.135359699752990E-07 22740191	  70    6900.00    7000.00  1.001638224119250E-04  3.135359699752990E-07 22740191	  70    6900.00    7000.00  1.281197150647310E-04  4.010721391162016E-07 22740191	  70    6900.00    7000.00  1.281197150647310E-04  4.010721391162016E-07 22740191	  70    6900.00    7000.00  1.127755710683306E-04  3.529627848572685E-07 22740191
  71    7000.00    7100.00  1.070877169761710E-04  3.666940837807589E-07 22176236	  71    7000.00    7100.00  1.070877169761710E-04  3.666940837807589E-07 22176236	  71    7000.00    7100.00  9.498338030036581E-05  3.253232660449040E-07 22176236	  71    7000.00    7100.00  9.498338030036581E-05  3.253232660449040E-07 22176236	  71    7000.00    7100.00  1.218400067224271E-04  4.172523746409398E-07 22176236	  71    7000.00    7100.00  1.218400067224271E-04  4.172523746409398E-07 22176236	  71    7000.00    7100.00  1.070877169761710E-04  3.666940837807589E-07 22176236
  72    7100.00    7200.00  1.001833762968731E-04  3.354170784330238E-07 21649523	  72    7100.00    7200.00  1.001833762968731E-04  3.354170784330238E-07 21649523	  72    7100.00    7200.00  8.874426653964301E-05  2.971650607496031E-07 21649523	  72    7100.00    7200.00  8.874426653964301E-05  2.971650607496031E-07 21649523	  72    7100.00    7200.00  1.141470626398432E-04  3.822376108787212E-07 21649523	  72    7100.00    7200.00  1.141470626398432E-04  3.822376108787212E-07 21649523	  72    7100.00    7200.00  1.001833762968731E-04  3.354170784330238E-07 21649523
  73    7200.00    7300.00  9.429854521277744E-05  3.256991866122908E-07 21127052	  73    7200.00    7300.00  9.429854521277744E-05  3.256991866122908E-07 21127052	  73    7200.00    7300.00  8.341962942851106E-05  2.880239665155541E-07 21127052	  73    7200.00    7300.00  8.341962942851106E-05  2.880239665155541E-07 21127052	  73    7200.00    7300.00  1.076004549944480E-04  3.719262448735677E-07 21127052	  73    7200.00    7300.00  1.076004549944480E-04  3.719262448735677E-07 21127052	  73    7200.00    7300.00  9.429854521277744E-05  3.256991866122908E-07 21127052
  74    7300.00    7400.00  8.908338510847987E-05  3.191985401119910E-07 20612174	  74    7300.00    7400.00  8.908338510847987E-05  3.191985401119910E-07 20612174	  74    7300.00    7400.00  7.870666291299040E-05  2.819059553439053E-07 20612174	  74    7300.00    7400.00  7.870666291299040E-05  2.819059553439053E-07 20612174	  74    7300.00    7400.00  1.017910129011718E-04  3.650269496160281E-07 20612174	  74    7300.00    7400.00  1.017910129011718E-04  3.650269496160281E-07 20612174	  74    7300.00    7400.00  8.908338510847987E-05  3.191985401119910E-07 20612174
  75    7400.00    7500.00  8.405797484274246E-05  3.289057795764818E-07 20131859	  75    7400.00    7500.00  8.405797484274246E-05  3.289057795764818E-07 20131859	  75    7400.00    7500.00  7.416490312520430E-05  2.898676298401995E-07 20131859	  75    7400.00    7500.00  7.416490312520430E-05  2.898676298401995E-07 20131859	  75    7400.00    7500.00  9.619423888164588E-05  3.770345511771902E-07 20131859	  75    7400.00    7500.00  9.619423888164588E-05  3.770345511771902E-07 20131859	  75    7400.00    7500.00  8.405797484274246E-05  3.289057795764818E-07 20131859
  76    7500.00    7600.00  7.863701508129999E-05  2.946323274602485E-07 19654319	  76    7500.00    7600.00  7.863701508129999E-05  2.946323274602485E-07 19654319	  76    7500.00    7600.00  6.929273275169260E-05  2.593995509680055E-07 19654319	  76    7500.00    7600.00  6.929273275169260E-05  2.593995509680055E-07 19654319	  76    7500.00    7600.00  9.011784469588480E-05  3.381038268530679E-07 19654319	  76    7500.00    7600.00  9.011784469588480E-05  3.381038268530679E-07 19654319	  76    7500.00    7600.00  7.863701508129999E-05  2.946323274602485E-07 19654319
  77    7600.00    7700.00  7.490559748275823E-05  2.922134542295150E-07 19198147	  77    7600.00    7700.00  7.490559748275823E-05  2.922134542295150E-07 19198147	  77    7600.00    7700.00  6.591939983422881E-05  2.569511579036587E-07 19198147	  77    7600.00    7700.00  6.591939983422881E-05  2.569511579036587E-07 19198147	  77    7600.00    7700.00  8.596395499605812E-05  3.357779973255319E-07 19198147	  77    7600.00    7700.00  8.596395499605812E-05  3.357779973255319E-07 19198147	  77    7600.00    7700.00  7.490559748275823E-05  2.922134542295150E-07 19198147
  78    7700.00    7800.00  7.047870726093554E-05  2.791026468796984E-07 18743559	  78    7700.00    7800.00  7.047870726093554E-05  2.791026468796984E-07 18743559	  78    7700.00    7800.00  6.194634888130932E-05  2.451094735943305E-07 18743559	  78    7700.00    7800.00  6.194634888130932E-05  2.451094735943305E-07 18743559	  78    7700.00    7800.00  8.099418789154453E-05  3.211578766621476E-07 18743559	  78    7700.00    7800.00  8.099418789154453E-05  3.211578766621476E-07 18743559	  78    7700.00    7800.00  7.047870726093554E-05  2.791026468796984E-07 18743559
  79    7800.00    7900.00  6.572297066103253E-05  2.657110140828864E-07 18312882	  79    7800.00    7900.00  6.572297066103253E-05  2.657110140828864E-07 18312882	  79    7800.00    7900.00  5.769080936614285E-05  2.329578963630974E-07 18312882	  79    7800.00    7900.00  5.769080936614285E-05  2.329578963630974E-07 18312882	  79    7800.00    7900.00  7.563766788560416E-05  3.063244700999598E-07 18312882	  79    7800.00    7900.00  7.563766788560416E-05  3.063244700999598E-07 18312882	  79    7800.00    7900.00  6.572297066103253E-05  2.657110140828864E-07 18312882
  80    7900.00    8000.00  6.125010039139784E-05  2.478663596105457E-07 17894696	  80    7900.00    8000.00  6.125010039139784E-05  2.478663596105457E-07 17894696	  80    7900.00    8000.00  5.369850962690087E-05  2.170639619389777E-07 17894696	  80    7900.00    8000.00  5.369850962690087E-05  2.170639619389777E-07 17894696	  80    7900.00    8000.00  7.058507698281479E-05  2.861057807475996E-07 17894696	  80    7900.00    8000.00  7.058507698281479E-05  2.861057807475996E-07 17894696	  80    7900.00    8000.00  6.125010039139784E-05  2.478663596105457E-07 17894696
  81    8000.00    8100.00  5.794578755535841E-05  2.435769592670692E-07 17482163	  81    8000.00    8100.00  5.794578755535841E-05  2.435769592670692E-07 17482163	  81    8000.00    8100.00  5.073853603702315E-05  2.129859400697745E-07 17482163	  81    8000.00    8100.00  5.073853603702315E-05  2.129859400697745E-07 17482163	  81    8000.00    8100.00  6.686824430399341E-05  2.816291938699603E-07 17482163	  81    8000.00    8100.00  6.686824430399341E-05  2.816291938699603E-07 17482163	  81    8000.00    8100.00  5.794578755535841E-05  2.435769592670692E-07 17482163
  82    8100.00    8200.00  5.449279710312813E-05  2.460163269747295E-07 17076817	  82    8100.00    8200.00  5.449279710312813E-05  2.460163269747295E-07 17076817	  82    8100.00    8200.00  4.765197578465126E-05  2.148183778443683E-07 17076817	  82    8100.00    8200.00  4.765197578465126E-05  2.148183778443683E-07 17076817	  82    8100.00    8200.00  6.297510798642399E-05  2.848811174582007E-07 17076817	  82    8100.00    8200.00  6.297510798642399E-05  2.848811174582007E-07 17076817	  82    8100.00    8200.00  5.449279710312813E-05  2.460163269747295E-07 17076817
  83    8200.00    8300.00  5.106962704309532E-05  2.211664525771399E-07 16690281	  83    8200.00    8300.00  5.106962704309532E-05  2.211664525771399E-07 16690281	  83    8200.00    8300.00  4.460467764601674E-05  1.928754473181696E-07 16690281	  83    8200.00    8300.00  4.460467764601674E-05  1.928754473181696E-07 16690281	  83    8200.00    8300.00  5.909719343714040E-05  2.564643328671217E-07 16690281	  83    8200.00    8300.00  5.909719343714040E-05  2.564643328671217E-07 16690281	  83    8200.00    8300.00  5.106962704309532E-05  2.211664525771399E-07 16690281
  84    8300.00    8400.00  4.799700735650112E-05  2.155513536724567E-07 16312121	  84    8300.00    8400.00  4.799700735650112E-05  2.155513536724567E-07 16312121	  84    8300.00    8400.00  4.186843768555151E-05  1.877190060842465E-07 16312121	  84    8300.00    8400.00  4.186843768555151E-05  1.877190060842465E-07 16312121	  84    8300.00    8400.00  5.561804792355826E-05  2.503311990327371E-07 16312121	  84    8300.00    8400.00  5.561804792355826E-05  2.503311990327371E-07 16312121	  84    8300.00    8400.00  4.799700735650112E-05  2.155513536724567E-07 16312121
  85    8400.00    8500.00  4.536994701855540E-05  2.140951471305906E-07 15941836	  85    8400.00    8500.00  4.536994701855540E-05  2.140951471305906E-07 15941836	  85    8400.00    8500.00  3.952582848794889E-05  1.860818524816853E-07 15941836	  85    8400.00    8500.00  3.952582848794889E-05  1.860818524816853E-07 15941836	  85    8400.00    8500.00  5.264846250202581E-05  2.491969431410892E-07 15941836	  85    8400.00    8500.00  5.264846250202581E-05  2.491969431410892E-07 15941836	  85    8400.00    8500.00  4.536994701855540E-05  2.140951471305906E-07 15941836
  86    8500.00    8600.00  4.221679522040236E-05  1.983456080788080E-07 15593754	  86    8500.00    8600.00  4.221679522040236E-05  1.983456080788080E-07 15593754	  86    8500.00    8600.00  3.673544983720239E-05  1.722726945591635E-07 15593754	  86    8500.00    8600.00  3.673544983720239E-05  1.722726945591635E-07 15593754	  86    8500.00    8600.00  4.905263083193218E-05  2.310281460239616E-07 15593754	  86    8500.00    8600.00  4.905263083193218E-05  2.310281460239616E-07 15593754	  86    8500.00    8600.00  4.221679522040236E-05  1.983456080788080E-07 15593754
  87    8600.00    8700.00  3.966174048409103E-05  1.927267872589862E-07 15247856	  87    8600.00    8700.00  3.966174048409103E-05  1.927267872589862E-07 15247856	  87    8600.00    8700.00  3.446741518580949E-05  1.671345217111382E-07 15247856	  87    8600.00    8700.00  3.446741518580949E-05  1.671345217111382E-07 15247856	  87    8600.00    8700.00  4.614954523921264E-05  2.248688677541709E-07 15247856	  87    8600.00    8700.00  4.614954523921264E-05  2.248688677541709E-07 15247856	  87    8600.00    8700.00  3.966174048409103E-05  1.927267872589862E-07 15247856
  88    8700.00    8800.00  3.744571448754734E-05  1.842840570823911E-07 14906292	  88    8700.00    8800.00  3.744571448754734E-05  1.842840570823911E-07 14906292	  88    8700.00    8800.00  3.250160934206881E-05  1.595950501664289E-07 14906292	  88    8700.00    8800.00  3.250160934206881E-05  1.595950501664289E-07 14906292	  88    8700.00    8800.00  4.363000982056553E-05  2.153408225478999E-07 14906292	  88    8700.00    8800.00  4.363000982056553E-05  2.153408225478999E-07 14906292	  88    8700.00    8800.00  3.744571448754734E-05  1.842840570823911E-07 14906292
  89    8800.00    8900.00  3.494078342850049E-05  1.752313127058639E-07 14586776	  89    8800.00    8900.00  3.494078342850049E-05  1.752313127058639E-07 14586776	  89    8800.00    8900.00  3.029067898455439E-05  1.515829133677739E-07 14586776	  89    8800.00    8900.00  3.029067898455439E-05  1.515829133677739E-07 14586776	  89    8800.00    8900.00  4.076526452292014E-05  2.050124906083386E-07 14586776	  89    8800.00    8900.00  4.076526452292014E-05  2.050124906083386E-07 14586776	  89    8800.00    8900.00  3.494078342850049E-05  1.752313127058639E-07 14586776
  90    8900.00    9000.00  3.293021811301843E-05  2.730676862333362E-07 14258366	  90    8900.00    9000.00  3.293021811301843E-05  2.730676862333362E-07 14258366	  90    8900.00    9000.00  2.851455494414818E-05  2.360335234788211E-07 14258366	  90    8900.00    9000.00  2.851455494414818E-05  2.360335234788211E-07 14258366	  90    8900.00    9000.00  3.846845864571577E-05  3.197365757800594E-07 14258366	  90    8900.00    9000.00  3.846845864571577E-05  3.197365757800594E-07 14258366	  90    8900.00    9000.00  3.293021811301843E-05  2.730676862333362E-07 14258366
  91    9000.00    9100.00  3.125386575138939E-05  1.744217874231192E-07 13943352	  91    9000.00    9100.00  3.125386575138939E-05  1.744217874231192E-07 13943352	  91    9000.00    9100.00  2.702934327352173E-05  1.504341463967607E-07 13943352	  91    9000.00    9100.00  2.702934327352173E-05  1.504341463967607E-07 13943352	  91    9000.00    9100.00  3.655992193981130E-05  2.047433586137499E-07 13943352	  91    9000.00    9100.00  3.655992193981130E-05  2.047433586137499E-07 13943352	  91    9000.00    9100.00  3.125386575138939E-05  1.744217874231192E-07 13943352
  92    9100.00    9200.00  2.895364347916689E-05  1.650615003392176E-07 13645692	  92    9100.00    9200.00  2.895364347916689E-05  1.650615003392176E-07 13645692	  92    9100.00    9200.00  2.501000495126474E-05  1.421662745953471E-07 13645692	  92    9100.00    9200.00  2.501000495126474E-05  1.421662745953471E-07 13645692	  92    9100.00    9200.00  3.391357068280693E-05  1.940413047194761E-07 13645692	  92    9100.00    9200.00  3.391357068280693E-05  1.940413047194761E-07 13645692	  92    9100.00    9200.00  2.895364347916689E-05  1.650615003392176E-07 13645692
  93    9200.00    9300.00  2.731085866027902E-05  1.527015318749536E-07 13352125	  93    9200.00    9300.00  2.731085866027902E-05  1.527015318749536E-07 13352125	  93    9200.00    9300.00  2.356053655308762E-05  1.313647047074684E-07 13352125	  93    9200.00    9300.00  2.356053655308762E-05  1.313647047074684E-07 13352125	  93    9200.00    9300.00  3.203490681317692E-05  1.797482316530999E-07 13352125	  93    9200.00    9300.00  3.203490681317692E-05  1.797482316530999E-07 13352125	  93    9200.00    9300.00  2.731085866027902E-05  1.527015318749536E-07 13352125
  94    9300.00    9400.00  2.534257635889531E-05  1.554633489164508E-07 13063895	  94    9300.00    9400.00  2.534257635889531E-05  1.554633489164508E-07 13063895	  94    9300.00    9400.00  2.183652052774504E-05  1.334266599128075E-07 13063895	  94    9300.00    9400.00  2.183652052774504E-05  1.334266599128075E-07 13063895	  94    9300.00    9400.00  2.976494992533667E-05  1.834952720246732E-07 13063895	  94    9300.00    9400.00  2.976494992533667E-05  1.834952720246732E-07 13063895	  94    9300.00    9400.00  2.534257635889531E-05  1.554633489164508E-07 13063895
  95    9400.00    9500.00  2.348701021686648E-05  1.267813873184996E-07 12781414	  95    9400.00    9500.00  2.348701021686648E-05  1.267813873184996E-07 12781414	  95    9400.00    9500.00  2.021425007898570E-05  1.088154324644225E-07 12781414	  95    9400.00    9500.00  2.021425007898570E-05  1.088154324644225E-07 12781414	  95    9400.00    9500.00  2.762017456553761E-05  1.496093226928735E-07 12781414	  95    9400.00    9500.00  2.762017456553761E-05  1.496093226928735E-07 12781414	  95    9400.00    9500.00  2.348701021686648E-05  1.267813873184996E-07 12781414
  96    9500.00    9600.00  2.213002577607585E-05  1.307653793386798E-07 12508888	  96    9500.00    9600.00  2.213002577607585E-05  1.307653793386798E-07 12508888	  96    9500.00    9600.00  1.902412917165041E-05  1.120505439469030E-07 12508888	  96    9500.00    9600.00  1.902412917165041E-05  1.120505439469030E-07 12508888	  96    9500.00    9600.00  2.605772224564351E-05  1.545976411204633E-07 12508888	  96    9500.00    9600.00  2.605772224564351E-05  1.545976411204633E-07 12508888	  96    9500.00    9600.00  2.213002577607585E-05  1.307653793386798E-07 12508888
  97    9600.00    9700.00  2.046021896059561E-05  1.184421549057643E-07 12243663	  97    9600.00    9700.00  2.046021896059561E-05  1.184421549057643E-07 12243663	  97    9600.00    9700.00  1.756841568471860E-05  1.014293589041290E-07 12243663	  97    9600.00    9700.00  1.756841568471860E-05  1.014293589041290E-07 12243663	  97    9600.00    9700.00  2.412177526175795E-05  1.401093395624082E-07 12243663	  97    9600.00    9700.00  2.412177526175795E-05  1.401093395624082E-07 12243663	  97    9600.00    9700.00  2.046021896059561E-05  1.184421549057643E-07 12243663
  98    9700.00    9800.00  1.948169431955401E-05  1.170224096438426E-07 11990010	  98    9700.00    9800.00  1.948169431955401E-05  1.170224096438426E-07 11990010	  98    9700.00    9800.00  1.670794798472094E-05  1.001873096370692E-07 11990010	  98    9700.00    9800.00  1.670794798472094E-05  1.001873096370692E-07 11990010	  98    9700.00    9800.00  2.299868498145166E-05  1.384722491913360E-07 11990010	  98    9700.00    9800.00  2.299868498145166E-05  1.384722491913360E-07 11990010	  98    9700.00    9800.00  1.948169431955401E-05  1.170224096438426E-07 11990010
  99    9800.00    9900.00  1.824744141568155E-05  1.153316788949960E-07 11733063	  99    9800.00    9900.00  1.824744141568155E-05  1.153316788949960E-07 11733063	  99    9800.00    9900.00  1.563132167948394E-05  9.843874041442027E-08 11733063	  99    9800.00    9900.00  1.563132167948394E-05  9.843874041442027E-08 11733063	  99    9800.00    9900.00  2.156880161659393E-05  1.369290253189914E-07 11733063	  99    9800.00    9900.00  2.156880161659393E-05  1.369290253189914E-07 11733063	  99    9800.00    9900.00  1.824744141568155E-05  1.153316788949960E-07 11733063
 100    9900.00   10000.00  1.690183564063324E-05  1.476236247444640E-07 11490693	 100    9900.00   10000.00  1.690183564063324E-05  1.476236247444640E-07 11490693	 100    9900.00   10000.00  1.446163668058399E-05  1.258532950675618E-07 11490693	 100    9900.00   10000.00  1.446163668058399E-05  1.258532950675618E-07 11490693	 100    9900.00   10000.00  2.000391665478127E-05  1.754977439039206E-07 11490693	 100    9900.00   10000.00  2.000391665478127E-05  1.754977439039206E-07 11490693	 100    9900.00   10000.00  1.690183564063324E-05  1.476236247444640E-07 11490693
 101   10000.00   10100.00  1.589357363976581E-05  9.806300250756339E-08 11248536	 101   10000.00   10100.00  1.589357363976581E-05  9.806300250756339E-08 11248536	 101   10000.00   10100.00  1.358295351182738E-05  8.356494775359276E-08 11248536	 101   10000.00   10100.00  1.358295351182738E-05  8.356494775359276E-08 11248536	 101   10000.00   10100.00  1.883482966503816E-05  1.166271088939160E-07 11248536	 101   10000.00   10100.00  1.883482966503816E-05  1.166271088939160E-07 11248536	 101   10000.00   10100.00  1.589357363976581E-05  9.806300250756339E-08 11248536
 102   10100.00   10200.00  1.473350788812464E-05  9.128522261965177E-08 11010772	 102   10100.00   10200.00  1.473350788812464E-05  9.128522261965177E-08 11010772	 102   10100.00   10200.00  1.257559789260995E-05  7.761421718223116E-08 11010772	 102   10100.00   10200.00  1.257559789260995E-05  7.761421718223116E-08 11010772	 102   10100.00   10200.00  1.748435836339449E-05  1.088470419290805E-07 11010772	 102   10100.00   10200.00  1.748435836339449E-05  1.088470419290805E-07 11010772	 102   10100.00   10200.00  1.473350788812464E-05  9.128522261965177E-08 11010772
 103   10200.00   10300.00  1.378582951220637E-05  8.610338131728870E-08 10783018	 103   10200.00   10300.00  1.378582951220637E-05  8.610338131728870E-08 10783018	 103   10200.00   10300.00  1.175434032636335E-05  7.320470449532518E-08 10783018	 103   10200.00   10300.00  1.175434032636335E-05  7.320470449532518E-08 10783018	 103   10200.00   10300.00  1.637837784562763E-05  1.026600744973629E-07 10783018	 103   10200.00   10300.00  1.637837784562763E-05  1.026600744973629E-07 10783018	 103   10200.00   10300.00  1.378582951220637E-05  8.610338131728870E-08 10783018
 104   10300.00   10400.00  1.293260406714393E-05  8.532036660367058E-08 10556913	 104   10300.00   10400.00  1.293260406714393E-05  8.532036660367058E-08 10556913	 104   10300.00   10400.00  1.101302091975862E-05  7.233457515217050E-08 10556913	 104   10300.00   10400.00  1.101302091975862E-05  7.233457515217050E-08 10556913	 104   10300.00   10400.00  1.538599568423815E-05  1.020630238638383E-07 10556913	 104   10300.00   10400.00  1.538599568423815E-05  1.020630238638383E-07 10556913	 104   10300.00   10400.00  1.293260406714393E-05  8.532036660367058E-08 10556913
 105   10400.00   10500.00  1.201700515764389E-05  7.909717105059907E-08 10343198	 105   10400.00   10500.00  1.201700515764389E-05  7.909717105059907E-08 10343198	 105   10400.00   10500.00  1.022242959554750E-05  6.704819427416461E-08 10343198	 105   10400.00   10500.00  1.022242959554750E-05  6.704819427416461E-08 10343198	 105   10400.00   10500.00  1.431313608530170E-05  9.461797005770903E-08 10343198	 105   10400.00   10500.00  1.431313608530170E-05  9.461797005770903E-08 10343198	 105   10400.00   10500.00  1.201700515764389E-05  7.909717105059907E-08 10343198
 106   10500.00   10600.00  1.102364342654995E-05  7.327006401982272E-08 10124929	 106   10500.00   10600.00  1.102364342654995E-05  7.327006401982272E-08 10124929	 106   10500.00   10600.00  9.366073601674116E-06  6.198453628200229E-08 10124929	 106   10500.00   10600.00  9.366073601674116E-06  6.198453628200229E-08 10124929	 106   10500.00   10600.00  1.314737791550432E-05  8.784656502905523E-08 10124929	 106   10500.00   10600.00  1.314737791550432E-05  8.784656502905523E-08 10124929	 106   10500.00   10600.00  1.102364342654995E-05  7.327006401982272E-08 10124929
 107   10600.00   10700.00  1.033842399058883E-05  6.829862660390232E-08 9916598	 107   10600.00   10700.00  1.033842399058883E-05  6.829862660390232E-08 9916598	 107   10600.00   10700.00  8.774484090935807E-06  5.775683140216578E-08 9916598	 107   10600.00   10700.00  8.774484090935807E-06  5.775683140216578E-08 9916598	 107   10600.00   10700.00  1.234443018645934E-05  8.191302988695271E-08 9916598	 107   10600.00   10700.00  1.234443018645934E-05  8.191302988695271E-08 9916598	 107   10600.00   10700.00  1.033842399058883E-05  6.829862660390232E-08 9916598
 108   10700.00   10800.00  9.867774021299795E-06  6.823891388707599E-08 9717851	 108   10700.00   10800.00  9.867774021299795E-06  6.823891388707599E-08 9717851	 108   10700.00   10800.00  8.364253659465738E-06  5.760383329035394E-08 9717851	 108   10700.00   10800.00  8.364253659465738E-06  5.760383329035394E-08 9717851	 108   10700.00   10800.00  1.179922417964257E-05  8.200624995729802E-08 9717851	 108   10700.00   10800.00  1.179922417964257E-05  8.200624995729802E-08 9717851	 108   10700.00   10800.00  9.867774021299795E-06  6.823891388707599E-08 9717851
 109   10800.00   10900.00  9.184020031592405E-06  7.430246872060476E-08 9517021	 109   10800.00   10900.00  9.184020031592405E-06  7.430246872060476E-08 9517021	 109   10800.00   10900.00  7.776092589887722E-06  6.265568974222960E-08 9517021	 109   10800.00   10900.00  7.776092589887722E-06  6.265568974222960E-08 9517021	 109   10800.00   10900.00  1.099482677088566E-05  8.939648639776643E-08 9517021	 109   10800.00   10900.00  1.099482677088566E-05  8.939648639776643E-08 9517021	 109   10800.00   10900.00  9.184020031592405E-06  7.430246872060476E-08 9517021
 110   10900.00   11000.00  8.558127409357485E-06  6.016227758605079E-08 9324737	 110   10900.00   11000.00  8.558127409357485E-06  6.016227758605079E-08 9324737	 110   10900.00   11000.00  7.237909435118505E-06  5.069425010783329E-08 9324737	 110   10900.00   11000.00  7.237909435118505E-06  5.069425010783329E-08 9324737	 110   10900.00   11000.00  1.025819688793613E-05  7.243937281441546E-08 9324737	 110   10900.00   11000.00  1.025819688793613E-05  7.243937281441546E-08 9324737	 110   10900.00   11000.00  8.558127409357485E-06  6.016227758605079E-08 9324737
 111   11000.00   11100.00  7.963210115736055E-06  6.035924093524688E-08 9138354	 111   11000.00   11100.00  7.963210115736055E-06  6.035924093524688E-08 9138354	 111   11000.00   11100.00  6.727262534972661E-06  5.076351974976440E-08 9138354	 111   11000.00   11100.00  6.727262534972661E-06  5.076351974976440E-08 9138354	 111   11000.00   11100.00  9.556721443242494E-06  7.283133086526256E-08 9138354	 111   11000.00   11100.00  9.556721443242494E-06  7.283133086526256E-08 9138354	 111   11000.00   11100.00  7.963210115736055E-06  6.035924093524688E-08 9138354
 112   11100.00   11200.00  7.403552016021627E-06  5.261211791085654E-08 8942177	 112   11100.00   11200.00  7.403552016021627E-06  5.261211791085654E-08 8942177	 112   11100.00   11200.00  6.246979729175804E-06  4.420273455083634E-08 8942177	 112   11100.00   11200.00  6.246979729175804E-06  4.420273455083634E-08 8942177	 112   11100.00   11200.00  8.896743525434632E-06  6.355525706987168E-08 8942177	 112   11100.00   11200.00  8.896743525434632E-06  6.355525706987168E-08 8942177	 112   11100.00   11200.00  7.403552016021627E-06  5.261211791085654E-08 8942177
 113   11200.00   11300.00  6.922836457515539E-06  5.340138402498586E-08 8766980	 113   11200.00   11300.00  6.922836457515539E-06  5.340138402498586E-08 8766980	 113   11200.00   11300.00  5.834288139497449E-06  4.478778598745313E-08 8766980	 113   11200.00   11300.00  5.834288139497449E-06  4.478778598745313E-08 8766980	 113   11200.00   11300.00  8.330118997512412E-06  6.463437249258270E-08 8766980	 113   11200.00   11300.00  8.330118997512412E-06  6.463437249258270E-08 8766980	 113   11200.00   11300.00  6.922836457515539E-06  5.340138402498586E-08 8766980
 114   11300.00   11400.00  6.343729237654009E-06  4.802742103380219E-08 8589371	 114   11300.00   11400.00  6.343729237654009E-06  4.802742103380219E-08 8589371	 114   11300.00   11400.00  5.340834357482912E-06  4.024080435589503E-08 8589371	 114   11300.00   11400.00  5.340834357482912E-06  4.024080435589503E-08 8589371	 114   11300.00   11400.00  7.641625427677497E-06  5.819116738764895E-08 8589371	 114   11300.00   11400.00  7.641625427677497E-06  5.819116738764895E-08 8589371	 114   11300.00   11400.00  6.343729237654009E-06  4.802742103380219E-08 8589371
 115   11400.00   11500.00  5.983423419023197E-06  5.341997284066496E-08 8417927	 115   11400.00   11500.00  5.983423419023197E-06  5.341997284066496E-08 8417927	 115   11400.00   11500.00  5.031821709293792E-06  4.474636801311979E-08 8417927	 115   11400.00   11500.00  5.031821709293792E-06  4.474636801311979E-08 8417927	 115   11400.00   11500.00  7.216401560187022E-06  6.474245558639606E-08 8417927	 115   11400.00   11500.00  7.216401560187022E-06  6.474245558639606E-08 8417927	 115   11400.00   11500.00  5.983423419023197E-06  5.341997284066496E-08 8417927
 116   11500.00   11600.00  5.496869058254711E-06  4.220918068910305E-08 8245117	 116   11500.00   11600.00  5.496869058254711E-06  4.220918068910305E-08 8245117	 116   11500.00   11600.00  4.617483805351964E-06  3.531816670371206E-08 8245117	 116   11500.00   11600.00  4.617483805351964E-06  3.531816670371206E-08 8245117	 116   11500.00   11600.00  6.637641152850817E-06  5.121052669200026E-08 8245117	 116   11500.00   11600.00  6.637641152850817E-06  5.121052669200026E-08 8245117	 116   11500.00   11600.00  5.496869058254711E-06  4.220918068910305E-08 8245117
 117   11600.00   11700.00  5.110918588725953E-06  4.147639361311126E-08 8078258	 117   11600.00   11700.00  5.110918588725953E-06  4.147639361311126E-08 8078258	 117   11600.00   11700.00  4.288118947096272E-06  3.458201651876815E-08 8078258	 117   11600.00   11700.00  4.288118947096272E-06  3.458201651876815E-08 8078258	 117   11600.00   11700.00  6.179752014812435E-06  5.053588712627006E-08 8078258	 117   11600.00   11700.00  6.179752014812435E-06  5.053588712627006E-08 8078258	 117   11600.00   11700.00  5.110918588725953E-06  4.147639361311126E-08 8078258
 118   11700.00   11800.00  4.764977119079352E-06  3.800416908713616E-08 7922042	 118   11700.00   11800.00  4.764977119079352E-06  3.800416908713616E-08 7922042	 118   11700.00   11800.00  3.993433767307723E-06  3.170835500666621E-08 7922042	 118   11700.00   11800.00  3.993433767307723E-06  3.170835500666621E-08 7922042	 118   11700.00   11800.00  5.768404586629808E-06  4.625668688559504E-08 7922042	 118   11700.00   11800.00  5.768404586629808E-06  4.625668688559504E-08 7922042	 118   11700.00   11800.00  4.764977119079352E-06  3.800416908713616E-08 7922042
 119   11800.00   11900.00  4.421547871645101E-06  3.693250769191009E-08 7765944	 119   11800.00   11900.00  4.421547871645101E-06  3.693250769191009E-08 7765944	 119   11800.00   11900.00  3.701442955597493E-06  3.075191584424738E-08 7765944	 119   11800.00   11900.00  3.701442955597493E-06  3.075191584424738E-08 7765944	 119   11800.00   11900.00  5.359239189645765E-06  4.505656245343984E-08 7765944	 119   11800.00   11900.00  5.359239189645765E-06  4.505656245343984E-08 7765944	 119   11800.00   11900.00  4.421547871645101E-06  3.693250769191009E-08 7765944
 120   11900.00   12000.00  4.161660085792444E-06  3.594258881858807E-08 7606786	 120   11900.00   12000.00  4.161660085792444E-06  3.594258881858807E-08 7606786	 120   11900.00   12000.00  3.480057301124980E-06  2.991574586723983E-08 7606786	 120   11900.00   12000.00  3.480057301124980E-06  2.991574586723983E-08 7606786	 120   11900.00   12000.00  5.050265619567788E-06  4.386345724096531E-08 7606786	 120   11900.00   12000.00  5.050265619567788E-06  4.386345724096531E-08 7606786	 120   11900.00   12000.00  4.161660085792444E-06  3.594258881858807E-08 7606786
 121   12000.00   12100.00  3.796472416180414E-06  3.007951121786535E-08 7458291	 121   12000.00   12100.00  3.796472416180414E-06  3.007951121786535E-08 7458291	 121   12000.00   12100.00  3.171167665692532E-06  2.498968909662715E-08 7458291	 121   12000.00   12100.00  3.171167665692532E-06  2.498968909662715E-08 7458291	 121   12000.00   12100.00  4.612651188801213E-06  3.678413130172387E-08 7458291	 121   12000.00   12100.00  4.612651188801213E-06  3.678413130172387E-08 7458291	 121   12000.00   12100.00  3.796472416180414E-06  3.007951121786535E-08 7458291
 122   12100.00   12200.00  3.593131772323472E-06  3.297694945191561E-08 7312214	 122   12100.00   12200.00  3.593131772323472E-06  3.297694945191561E-08 7312214	 122   12100.00   12200.00  2.997701073436156E-06  2.734205556172530E-08 7312214	 122   12100.00   12200.00  2.997701073436156E-06  2.734205556172530E-08 7312214	 122   12100.00   12200.00  4.371347411925027E-06  4.041997575326896E-08 7312214	 122   12100.00   12200.00  4.371347411925027E-06  4.041997575326896E-08 7312214	 122   12100.00   12200.00  3.593131772323472E-06  3.297694945191561E-08 7312214
 123   12200.00   12300.00  3.335117292286002E-06  3.011753725396185E-08 7167279	 123   12200.00   12300.00  3.335117292286002E-06  3.011753725396185E-08 7167279	 123   12200.00   12300.00  2.779296267367962E-06  2.495320059893535E-08 7167279	 123   12200.00   12300.00  2.779296267367962E-06  2.495320059893535E-08 7167279	 123   12200.00   12300.00  4.062477481703285E-06  3.694423273858260E-08 7167279	 123   12200.00   12300.00  4.062477481703285E-06  3.694423273858260E-08 7167279	 123   12200.00   12300.00  3.335117292286002E-06  3.011753725396185E-08 7167279
 124   12300.00   12400.00  3.059157829385807E-06  2.773237367581940E-08 7025677	 124   12300.00   12400.00  3.059157829385807E-06  2.773237367581940E-08 7025677	 124   12300.00   12400.00  2.546288754433666E-06  2.295166507227979E-08 7025677	 124   12300.00   12400.00  2.546288754433666E-06  2.295166507227979E-08 7025677	 124   12300.00   12400.00  3.731174293466230E-06  3.405676449406017E-08 7025677	 124   12300.00   12400.00  3.731174293466230E-06  3.405676449406017E-08 7025677	 124   12300.00   12400.00  3.059157829385807E-06  2.773237367581940E-08 7025677
 125   12400.00   12500.00  2.875950423109910E-06  2.610771357486631E-08 6887624	 125   12400.00   12500.00  2.875950423109910E-06  2.610771357486631E-08 6887624	 125   12400.00   12500.00  2.391253594980201E-06  2.158787514158769E-08 6887624	 125   12400.00   12500.00  2.391253594980201E-06  2.158787514158769E-08 6887624	 125   12400.00   12500.00  3.511764490878082E-06  3.209352548106320E-08 6887624	 125   12400.00   12500.00  3.511764490878082E-06  3.209352548106320E-08 6887624	 125   12400.00   12500.00  2.875950423109910E-06  2.610771357486631E-08 6887624
 126   12500.00   12600.00  2.654782131594267E-06  2.395952035613918E-08 6750508	 126   12500.00   12600.00  2.654782131594267E-06  2.395952035613918E-08 6750508	 126   12500.00   12600.00  2.205037505358869E-06  1.979454328273192E-08 6750508	 126   12500.00   12600.00  2.205037505358869E-06  1.979454328273192E-08 6750508	 126   12500.00   12600.00  3.245385580390209E-06  2.947803506452679E-08 6750508	 126   12500.00   12600.00  3.245385580390209E-06  2.947803506452679E-08 6750508	 126   12500.00   12600.00  2.654782131594267E-06  2.395952035613918E-08 6750508
 127   12600.00   12700.00  2.498361291194190E-06  2.321915931559271E-08 6622430	 127   12600.00   12700.00  2.498361291194190E-06  2.321915931559271E-08 6622430	 127   12600.00   12700.00  2.072597802273837E-06  1.914184693242379E-08 6622430	 127   12600.00   12700.00  2.072597802273837E-06  1.914184693242379E-08 6622430	 127   12600.00   12700.00  3.058239986444316E-06  2.863754615602772E-08 6622430	 127   12600.00   12700.00  3.058239986444316E-06  2.863754615602772E-08 6622430	 127   12600.00   12700.00  2.498361291194190E-06  2.321915931559271E-08 6622430
 128   12700.00   12800.00  2.300516652824693E-06  2.349848748413425E-08 6486169	 128   12700.00   12800.00  2.300516652824693E-06  2.349848748413425E-08 6486169	 128   12700.00   12800.00  1.906424357290689E-06  1.931524987932844E-08 6486169	 128   12700.00   12800.00  1.906424357290689E-06  1.931524987932844E-08 6486169	 128   12700.00   12800.00  2.819340752541183E-06  2.908225012059761E-08 6486169	 128   12700.00   12800.00  2.819340752541183E-06  2.908225012059761E-08 6486169	 128   12700.00   12800.00  2.300516652824693E-06  2.349848748413425E-08 6486169
 129   12800.00   12900.00  2.058069050687342E-06  1.770370219653759E-08 6361924	 129   12800.00   12900.00  2.058069050687342E-06  1.770370219653759E-08 6361924	 129   12800.00   12900.00  1.703873319967227E-06  1.457883313689933E-08 6361924	 129   12800.00   12900.00  1.703873319967227E-06  1.457883313689933E-08 6361924	 129   12800.00   12900.00  2.524773963012564E-06  2.185690082698425E-08 6361924	 129   12800.00   12900.00  2.524773963012564E-06  2.185690082698425E-08 6361924	 129   12800.00   12900.00  2.058069050687342E-06  1.770370219653759E-08 6361924
 130   12900.00   13000.00  1.979137431339811E-06  2.034509264750885E-08 6236002	 130   12900.00   13000.00  1.979137431339811E-06  2.034509264750885E-08 6236002	 130   12900.00   13000.00  1.636486656337424E-06  1.672398930676127E-08 6236002	 130   12900.00   13000.00  1.636486656337424E-06  1.672398930676127E-08 6236002	 130   12900.00   13000.00  2.431293131268099E-06  2.517069034459693E-08 6236002	 130   12900.00   13000.00  2.431293131268099E-06  2.517069034459693E-08 6236002	 130   12900.00   13000.00  1.979137431339811E-06  2.034509264750885E-08 6236002
# Underflow:                 0.0000000000000000E+00  0.0000000000000000E+00 0
# Overflow:                  1.2552588472078458E-06  2.8655752458419505E-09 26291947
#-------------------------------------------------------------------------------------	#-------------------------------------------------------------------------------------	#-------------------------------------------------------------------------------------	#-------------------------------------------------------------------------------------	#-------------------------------------------------------------------------------------	#-------------------------------------------------------------------------------------	#-------------------------------------------------------------------------------------
# Sum:                       5.2751646661203200E-01  8.4878506897100665E-05 508479000
#=====================================================================================	#=====================================================================================	#=====================================================================================	#=====================================================================================	#=====================================================================================	#=====================================================================================	#=====================================================================================
