# title = Rapidity Jet pair
# xlabel = $y_{\text{j}_1 \text{j}_2}$
# ylabel = $\frac{\text{d}\sigma}{\text{d}y_{\text{j}_1 \text{j}_2}}\,[\text{fb}]$
# xmin= -4.500E+00
# xmax=  4.500E+00
# ymin=  1.000E-04
# ymax=  1.000E+00
# kmin= -2.000E+01
# kmax=  1.000E+01
# logscale = false
# Renormalization and factorization scale scaled by: 1.0000000000
# Renormalization scaled by: 1.0000000000
# Number of generated events: 6885073
#	#	#	#	#	#	#
#=====================================================================================	#=====================================================================================	#=====================================================================================	#=====================================================================================	#=====================================================================================	#=====================================================================================	#=====================================================================================
# No.       Left      Right                   Value                   Error Hits
#-------------------------------------------------------------------------------------	#-------------------------------------------------------------------------------------	#-------------------------------------------------------------------------------------	#-------------------------------------------------------------------------------------	#-------------------------------------------------------------------------------------	#-------------------------------------------------------------------------------------	#-------------------------------------------------------------------------------------
   1      -4.50      -4.25  0.000000000000000E+00  0.000000000000000E+00 0	   1      -4.50      -4.25  0.000000000000000E+00  0.000000000000000E+00 0	   1      -4.50      -4.25  0.000000000000000E+00  0.000000000000000E+00 0	   1      -4.50      -4.25  0.000000000000000E+00  0.000000000000000E+00 0	   1      -4.50      -4.25  0.000000000000000E+00  0.000000000000000E+00 0	   1      -4.50      -4.25  0.000000000000000E+00  0.000000000000000E+00 0	   1      -4.50      -4.25  0.000000000000000E+00  0.000000000000000E+00 0
   2      -4.25      -4.00  0.000000000000000E+00  0.000000000000000E+00 0	   2      -4.25      -4.00  0.000000000000000E+00  0.000000000000000E+00 0	   2      -4.25      -4.00  0.000000000000000E+00  0.000000000000000E+00 0	   2      -4.25      -4.00  0.000000000000000E+00  0.000000000000000E+00 0	   2      -4.25      -4.00  0.000000000000000E+00  0.000000000000000E+00 0	   2      -4.25      -4.00  0.000000000000000E+00  0.000000000000000E+00 0	   2      -4.25      -4.00  0.000000000000000E+00  0.000000000000000E+00 0
   3      -4.00      -3.75  0.000000000000000E+00  0.000000000000000E+00 0	   3      -4.00      -3.75  0.000000000000000E+00  0.000000000000000E+00 0	   3      -4.00      -3.75  0.000000000000000E+00  0.000000000000000E+00 0	   3      -4.00      -3.75  0.000000000000000E+00  0.000000000000000E+00 0	   3      -4.00      -3.75  0.000000000000000E+00  0.000000000000000E+00 0	   3      -4.00      -3.75  0.000000000000000E+00  0.000000000000000E+00 0	   3      -4.00      -3.75  0.000000000000000E+00  0.000000000000000E+00 0
   4      -3.75      -3.50  1.553904585443022E-09  9.514734380213679E-10 644	   4      -3.75      -3.50  1.553904585443022E-09  9.514734380213679E-10 644	   4      -3.75      -3.50  1.338387201653297E-09  8.108837383063832E-10 644	   4      -3.75      -3.50  1.338387201653297E-09  8.108837383063832E-10 644	   4      -3.75      -3.50  1.816190079781400E-09  1.126888112125155E-09 644	   4      -3.75      -3.50  1.816190079781400E-09  1.126888112125155E-09 644	   4      -3.75      -3.50  1.553904585443022E-09  9.514734380213679E-10 644
   5      -3.50      -3.25  3.326184109454023E-06  1.520280322304903E-07 124958	   5      -3.50      -3.25  3.326184109454023E-06  1.520280322304903E-07 124958	   5      -3.50      -3.25  3.036529045348395E-06  1.393873011886134E-07 124958	   5      -3.50      -3.25  3.036529045348395E-06  1.393873011886134E-07 124958	   5      -3.50      -3.25  3.653391552502235E-06  1.662036461469351E-07 124958	   5      -3.50      -3.25  3.653391552502235E-06  1.662036461469351E-07 124958	   5      -3.50      -3.25  3.326184109454023E-06  1.520280322304903E-07 124958
   6      -3.25      -3.00  1.558585075940679E-04  4.981163957848271E-06 1445823	   6      -3.25      -3.00  1.558585075940679E-04  4.981163957848271E-06 1445823	   6      -3.25      -3.00  1.467675845663591E-04  4.669065156968371E-06 1445823	   6      -3.25      -3.00  1.467675845663591E-04  4.669065156968371E-06 1445823	   6      -3.25      -3.00  1.653691857962171E-04  5.314978893002782E-06 1445823	   6      -3.25      -3.00  1.653691857962171E-04  5.314978893002782E-06 1445823	   6      -3.25      -3.00  1.558585075940679E-04  4.981163957848271E-06 1445823
   7      -3.00      -2.75  1.875294017788088E-03  2.876772017079107E-05 6956409	   7      -3.00      -2.75  1.875294017788088E-03  2.876772017079107E-05 6956409	   7      -3.00      -2.75  1.796513732633050E-03  2.707364818255676E-05 6956409	   7      -3.00      -2.75  1.796513732633050E-03  2.707364818255676E-05 6956409	   7      -3.00      -2.75  1.952346548920313E-03  3.059369975001581E-05 6956409	   7      -3.00      -2.75  1.952346548920313E-03  3.059369975001581E-05 6956409	   7      -3.00      -2.75  1.875294017788088E-03  2.876772017079107E-05 6956409
   8      -2.75      -2.50  1.016272671499109E-02  3.477580234759670E-04 22309881	   8      -2.75      -2.50  1.016272671499109E-02  3.477580234759670E-04 22309881	   8      -2.75      -2.50  9.863662309903629E-03  3.132387350568402E-04 22309881	   8      -2.75      -2.50  9.863662309903629E-03  3.132387350568402E-04 22309881	   8      -2.75      -2.50  1.042580960950863E-02  3.893341924382260E-04 22309881	   8      -2.75      -2.50  1.042580960950863E-02  3.893341924382260E-04 22309881	   8      -2.75      -2.50  1.016272671499109E-02  3.477580234759670E-04 22309881
   9      -2.50      -2.25  3.706449279063526E-02  1.987246434421947E-04 51308561	   9      -2.50      -2.25  3.706449279063526E-02  1.987246434421947E-04 51308561	   9      -2.50      -2.25  3.608669655270454E-02  1.900428993926475E-04 51308561	   9      -2.50      -2.25  3.608669655270454E-02  1.900428993926475E-04 51308561	   9      -2.50      -2.25  3.791677035844879E-02  2.077224495479370E-04 51308561	   9      -2.50      -2.25  3.791677035844879E-02  2.077224495479370E-04 51308561	   9      -2.50      -2.25  3.706449279063526E-02  1.987246434421947E-04 51308561
  10      -2.25      -2.00  9.389688802569747E-02  4.043833097486456E-04 93263668	  10      -2.25      -2.00  9.389688802569747E-02  4.043833097486456E-04 93263668	  10      -2.25      -2.00  9.168143319402997E-02  3.863764156835302E-04 93263668	  10      -2.25      -2.00  9.168143319402997E-02  3.863764156835302E-04 93263668	  10      -2.25      -2.00  9.578386100506038E-02  4.237132105556934E-04 93263668	  10      -2.25      -2.00  9.578386100506038E-02  4.237132105556934E-04 93263668	  10      -2.25      -2.00  9.389688802569747E-02  4.043833097486456E-04 93263668
  11      -2.00      -1.75  1.909673590405921E-01  7.672465225525567E-04 146645642	  11      -2.00      -1.75  1.909673590405921E-01  7.672465225525567E-04 146645642	  11      -2.00      -1.75  1.865255661508750E-01  7.292435924517577E-04 146645642	  11      -2.00      -1.75  1.865255661508750E-01  7.292435924517577E-04 146645642	  11      -2.00      -1.75  1.948096629741307E-01  8.087048945408612E-04 146645642	  11      -2.00      -1.75  1.948096629741307E-01  8.087048945408612E-04 146645642	  11      -2.00      -1.75  1.909673590405921E-01  7.672465225525567E-04 146645642
  12      -1.75      -1.50  3.359335098041233E-01  2.116639945062086E-03 209721076	  12      -1.75      -1.50  3.359335098041233E-01  2.116639945062086E-03 209721076	  12      -1.75      -1.50  3.277256679934599E-01  1.970367290308539E-03 209721076	  12      -1.75      -1.50  3.277256679934599E-01  1.970367290308539E-03 209721076	  12      -1.75      -1.50  3.432935877339979E-01  2.285286407765414E-03 209721076	  12      -1.75      -1.50  3.432935877339979E-01  2.285286407765414E-03 209721076	  12      -1.75      -1.50  3.359335098041233E-01  2.116639945062086E-03 209721076
  13      -1.50      -1.25  5.316861395496306E-01  2.427975001003983E-03 280689866	  13      -1.50      -1.25  5.316861395496306E-01  2.427975001003983E-03 280689866	  13      -1.50      -1.25  5.171900207622807E-01  2.269385628377326E-03 280689866	  13      -1.50      -1.25  5.171900207622807E-01  2.269385628377326E-03 280689866	  13      -1.50      -1.25  5.453785314053745E-01  2.610821224310917E-03 280689866	  13      -1.50      -1.25  5.453785314053745E-01  2.610821224310917E-03 280689866	  13      -1.50      -1.25  5.316861395496306E-01  2.427975001003983E-03 280689866
  14      -1.25      -1.00  7.791825491710750E-01  3.424247493668947E-03 357329527	  14      -1.25      -1.00  7.791825491710750E-01  3.424247493668947E-03 357329527	  14      -1.25      -1.00  7.549863701601878E-01  3.194655614174306E-03 357329527	  14      -1.25      -1.00  7.549863701601878E-01  3.194655614174306E-03 357329527	  14      -1.25      -1.00  8.031586525674529E-01  3.689339976185559E-03 357329527	  14      -1.25      -1.00  8.031586525674529E-01  3.689339976185559E-03 357329527	  14      -1.25      -1.00  7.791825491710750E-01  3.424247493668947E-03 357329527
  15      -1.00      -0.75  1.037666641321233E+00  5.829322059831304E-03 435681671	  15      -1.00      -0.75  1.037666641321233E+00  5.829322059831304E-03 435681671	  15      -1.00      -0.75  1.001807059179390E+00  5.368444858323313E-03 435681671	  15      -1.00      -0.75  1.001807059179390E+00  5.368444858323313E-03 435681671	  15      -1.00      -0.75  1.074421638785890E+00  6.378779461149660E-03 435681671	  15      -1.00      -0.75  1.074421638785890E+00  6.378779461149660E-03 435681671	  15      -1.00      -0.75  1.037666641321233E+00  5.829322059831304E-03 435681671
  16      -0.75      -0.50  1.330225992735507E+00  9.395329767479808E-03 511474386	  16      -0.75      -0.50  1.330225992735507E+00  9.395329767479808E-03 511474386	  16      -0.75      -0.50  1.278569079007707E+00  8.608999775028287E-03 511474386	  16      -0.75      -0.50  1.278569079007707E+00  8.608999775028287E-03 511474386	  16      -0.75      -0.50  1.384839080925429E+00  1.033377844800446E-02 511474386	  16      -0.75      -0.50  1.384839080925429E+00  1.033377844800446E-02 511474386	  16      -0.75      -0.50  1.330225992735507E+00  9.395329767479808E-03 511474386
  17      -0.50      -0.25  1.595916112861437E+00  1.201227948802529E-02 579067624	  17      -0.50      -0.25  1.595916112861437E+00  1.201227948802529E-02 579067624	  17      -0.50      -0.25  1.527399579033546E+00  1.112892635430028E-02 579067624	  17      -0.50      -0.25  1.527399579033546E+00  1.112892635430028E-02 579067624	  17      -0.50      -0.25  1.670051150917581E+00  1.304913451543895E-02 579067624	  17      -0.50      -0.25  1.670051150917581E+00  1.304913451543895E-02 579067624	  17      -0.50      -0.25  1.595916112861437E+00  1.201227948802529E-02 579067624
  18      -0.25       0.00  1.797886345408162E+00  1.174495485368907E-02 627693182	  18      -0.25       0.00  1.797886345408162E+00  1.174495485368907E-02 627693182	  18      -0.25       0.00  1.715732966283571E+00  1.083598786158016E-02 627693182	  18      -0.25       0.00  1.715732966283571E+00  1.083598786158016E-02 627693182	  18      -0.25       0.00  1.887913702054900E+00  1.282184294735508E-02 627693182	  18      -0.25       0.00  1.887913702054900E+00  1.282184294735508E-02 627693182	  18      -0.25       0.00  1.797886345408162E+00  1.174495485368907E-02 627693182
  19       0.00       0.25  1.781524426974883E+00  1.428401283628067E-02 631027669	  19       0.00       0.25  1.781524426974883E+00  1.428401283628067E-02 631027669	  19       0.00       0.25  1.700858145487730E+00  1.310249990296793E-02 631027669	  19       0.00       0.25  1.700858145487730E+00  1.310249990296793E-02 631027669	  19       0.00       0.25  1.869806252197721E+00  1.568037730335356E-02 631027669	  19       0.00       0.25  1.869806252197721E+00  1.568037730335356E-02 631027669	  19       0.00       0.25  1.781524426974883E+00  1.428401283628067E-02 631027669
  20       0.25       0.50  1.631185902520960E+00  8.744084972306377E-03 587240165	  20       0.25       0.50  1.631185902520960E+00  8.744084972306377E-03 587240165	  20       0.25       0.50  1.560077652204917E+00  8.060904978832033E-03 587240165	  20       0.25       0.50  1.560077652204917E+00  8.060904978832033E-03 587240165	  20       0.25       0.50  1.708345531555739E+00  9.552224479679336E-03 587240165	  20       0.25       0.50  1.708345531555739E+00  9.552224479679336E-03 587240165	  20       0.25       0.50  1.631185902520960E+00  8.744084972306377E-03 587240165
  21       0.50       0.75  1.348082637012608E+00  7.754400792677402E-03 522597925	  21       0.50       0.75  1.348082637012608E+00  7.754400792677402E-03 522597925	  21       0.50       0.75  1.294424373723939E+00  7.208886814473936E-03 522597925	  21       0.50       0.75  1.294424373723939E+00  7.208886814473936E-03 522597925	  21       0.50       0.75  1.405132383440244E+00  8.391029454635554E-03 522597925	  21       0.50       0.75  1.405132383440244E+00  8.391029454635554E-03 522597925	  21       0.50       0.75  1.348082637012608E+00  7.754400792677402E-03 522597925
  22       0.75       1.00  1.040158839609112E+00  9.971661522712167E-03 448101778	  22       0.75       1.00  1.040158839609112E+00  9.971661522712167E-03 448101778	  22       0.75       1.00  1.004303106370175E+00  9.093897913974476E-03 448101778	  22       0.75       1.00  1.004303106370175E+00  9.093897913974476E-03 448101778	  22       0.75       1.00  1.076893151359168E+00  1.102111977097594E-02 448101778	  22       0.75       1.00  1.076893151359168E+00  1.102111977097594E-02 448101778	  22       0.75       1.00  1.040158839609112E+00  9.971661522712167E-03 448101778
  23       1.00       1.25  7.752892046096346E-01  3.573789254177708E-03 369611464	  23       1.00       1.25  7.752892046096346E-01  3.573789254177708E-03 369611464	  23       1.00       1.25  7.513296580876458E-01  3.319468638434072E-03 369611464	  23       1.00       1.25  7.513296580876458E-01  3.319468638434072E-03 369611464	  23       1.00       1.25  7.990005373190900E-01  3.870649449047703E-03 369611464	  23       1.00       1.25  7.990005373190900E-01  3.870649449047703E-03 369611464	  23       1.00       1.25  7.752892046096346E-01  3.573789254177708E-03 369611464
  24       1.25       1.50  5.329625365560474E-01  2.555036860475757E-03 291949429	  24       1.25       1.50  5.329625365560474E-01  2.555036860475757E-03 291949429	  24       1.25       1.50  5.183460854824357E-01  2.399570097040277E-03 291949429	  24       1.25       1.50  5.183460854824357E-01  2.399570097040277E-03 291949429	  24       1.25       1.50  5.467900025525486E-01  2.731530867016174E-03 291949429	  24       1.25       1.50  5.467900025525486E-01  2.731530867016174E-03 291949429	  24       1.25       1.50  5.329625365560474E-01  2.555036860475757E-03 291949429
  25       1.50       1.75  3.378996326471022E-01  1.405390902238209E-03 219436189	  25       1.50       1.75  3.378996326471022E-01  1.405390902238209E-03 219436189	  25       1.50       1.75  3.294936399424741E-01  1.328318346967763E-03 219436189	  25       1.50       1.75  3.294936399424741E-01  1.328318346967763E-03 219436189	  25       1.50       1.75  3.454932200551956E-01  1.492337499837509E-03 219436189	  25       1.50       1.75  3.454932200551956E-01  1.492337499837509E-03 219436189	  25       1.50       1.75  3.378996326471022E-01  1.405390902238209E-03 219436189
  26       1.75       2.00  1.916328752315861E-01  7.870533842233540E-04 154572828	  26       1.75       2.00  1.916328752315861E-01  7.870533842233540E-04 154572828	  26       1.75       2.00  1.871746084594511E-01  7.460695238289886E-04 154572828	  26       1.75       2.00  1.871746084594511E-01  7.460695238289886E-04 154572828	  26       1.75       2.00  1.954891318961373E-01  8.321301789688159E-04 154572828	  26       1.75       2.00  1.954891318961373E-01  8.321301789688159E-04 154572828	  26       1.75       2.00  1.916328752315861E-01  7.870533842233540E-04 154572828
  27       2.00       2.25  9.357536650448270E-02  4.865052146868890E-04 99236259	  27       2.00       2.25  9.357536650448270E-02  4.865052146868890E-04 99236259	  27       2.00       2.25  9.135667142145275E-02  4.615990672818834E-04 99236259	  27       2.00       2.25  9.135667142145275E-02  4.615990672818834E-04 99236259	  27       2.00       2.25  9.546935676639884E-02  5.133697626881881E-04 99236259	  27       2.00       2.25  9.546935676639884E-02  5.133697626881881E-04 99236259	  27       2.00       2.25  9.357536650448270E-02  4.865052146868890E-04 99236259
  28       2.25       2.50  3.669932044440301E-02  2.664255201905797E-04 55375690	  28       2.25       2.50  3.669932044440301E-02  2.664255201905797E-04 55375690	  28       2.25       2.50  3.572974988035493E-02  2.564848735778966E-04 55375690	  28       2.25       2.50  3.572974988035493E-02  2.564848735778966E-04 55375690	  28       2.25       2.50  3.754482481285461E-02  2.767829144194445E-04 55375690	  28       2.25       2.50  3.754482481285461E-02  2.767829144194445E-04 55375690	  28       2.25       2.50  3.669932044440301E-02  2.664255201905797E-04 55375690
  29       2.50       2.75  1.045710654879414E-02  8.410553749782999E-05 24644136	  29       2.50       2.75  1.045710654879414E-02  8.410553749782999E-05 24644136	  29       2.50       2.75  1.012825512176677E-02  7.984142646315961E-05 24644136	  29       2.50       2.75  1.012825512176677E-02  7.984142646315961E-05 24644136	  29       2.50       2.75  1.075610262219594E-02  8.871245328111106E-05 24644136	  29       2.50       2.75  1.075610262219594E-02  8.871245328111106E-05 24644136	  29       2.50       2.75  1.045710654879414E-02  8.410553749782999E-05 24644136
  30       2.75       3.00  1.850973449246365E-03  2.170695596176642E-05 7954200	  30       2.75       3.00  1.850973449246365E-03  2.170695596176642E-05 7954200	  30       2.75       3.00  1.774031987994931E-03  2.043124928391138E-05 7954200	  30       2.75       3.00  1.774031987994931E-03  2.043124928391138E-05 7954200	  30       2.75       3.00  1.925974826476979E-03  2.308574975752388E-05 7954200	  30       2.75       3.00  1.925974826476979E-03  2.308574975752388E-05 7954200	  30       2.75       3.00  1.850973449246365E-03  2.170695596176642E-05 7954200
  31       3.00       3.25  1.606558551367761E-04  3.685560387915061E-06 1718749	  31       3.00       3.25  1.606558551367761E-04  3.685560387915061E-06 1718749	  31       3.00       3.25  1.512457766147786E-04  3.462347746252049E-06 1718749	  31       3.00       3.25  1.512457766147786E-04  3.462347746252049E-06 1718749	  31       3.00       3.25  1.705212305161355E-04  3.918133188947201E-06 1718749	  31       3.00       3.25  1.705212305161355E-04  3.918133188947201E-06 1718749	  31       3.00       3.25  1.606558551367761E-04  3.685560387915061E-06 1718749
  32       3.25       3.50  3.122845951047773E-06  2.305626362391446E-07 152188	  32       3.25       3.50  3.122845951047773E-06  2.305626362391446E-07 152188	  32       3.25       3.50  2.869603415622725E-06  2.043683934253198E-07 152188	  32       3.25       3.50  2.869603415622725E-06  2.043683934253198E-07 152188	  32       3.25       3.50  3.404343100843944E-06  2.615000563076999E-07 152188	  32       3.25       3.50  3.404343100843944E-06  2.615000563076999E-07 152188	  32       3.25       3.50  3.122845951047773E-06  2.305626362391446E-07 152188
  33       3.50       3.75  5.576732352806495E-10  2.084605460858659E-10 730	  33       3.50       3.75  5.576732352806495E-10  2.084605460858659E-10 730	  33       3.50       3.75  4.761087912849922E-10  1.786136893853932E-10 730	  33       3.50       3.75  4.761087912849922E-10  1.786136893853932E-10 730	  33       3.50       3.75  6.599036259651581E-10  2.457307248870009E-10 730	  33       3.50       3.75  6.599036259651581E-10  2.457307248870009E-10 730	  33       3.50       3.75  5.576732352806495E-10  2.084605460858659E-10 730
  34       3.75       4.00  0.000000000000000E+00  0.000000000000000E+00 0	  34       3.75       4.00  0.000000000000000E+00  0.000000000000000E+00 0	  34       3.75       4.00  0.000000000000000E+00  0.000000000000000E+00 0	  34       3.75       4.00  0.000000000000000E+00  0.000000000000000E+00 0	  34       3.75       4.00  0.000000000000000E+00  0.000000000000000E+00 0	  34       3.75       4.00  0.000000000000000E+00  0.000000000000000E+00 0	  34       3.75       4.00  0.000000000000000E+00  0.000000000000000E+00 0
  35       4.00       4.25  0.000000000000000E+00  0.000000000000000E+00 0	  35       4.00       4.25  0.000000000000000E+00  0.000000000000000E+00 0	  35       4.00       4.25  0.000000000000000E+00  0.000000000000000E+00 0	  35       4.00       4.25  0.000000000000000E+00  0.000000000000000E+00 0	  35       4.00       4.25  0.000000000000000E+00  0.000000000000000E+00 0	  35       4.00       4.25  0.000000000000000E+00  0.000000000000000E+00 0	  35       4.00       4.25  0.000000000000000E+00  0.000000000000000E+00 0
  36       4.25       4.50  0.000000000000000E+00  0.000000000000000E+00 0	  36       4.25       4.50  0.000000000000000E+00  0.000000000000000E+00 0	  36       4.25       4.50  0.000000000000000E+00  0.000000000000000E+00 0	  36       4.25       4.50  0.000000000000000E+00  0.000000000000000E+00 0	  36       4.25       4.50  0.000000000000000E+00  0.000000000000000E+00 0	  36       4.25       4.50  0.000000000000000E+00  0.000000000000000E+00 0	  36       4.25       4.50  0.000000000000000E+00  0.000000000000000E+00 0
# Underflow:                 0.0000000000000000E+00  0.0000000000000000E+00 0
# Overflow:                  0.0000000000000000E+00  0.0000000000000000E+00 0
#-------------------------------------------------------------------------------------	#-------------------------------------------------------------------------------------	#-------------------------------------------------------------------------------------	#-------------------------------------------------------------------------------------	#-------------------------------------------------------------------------------------	#-------------------------------------------------------------------------------------	#-------------------------------------------------------------------------------------
# Sum:                      -8.0187316171521250E-02  1.1240909625248987E-03 187000
#=====================================================================================	#=====================================================================================	#=====================================================================================	#=====================================================================================	#=====================================================================================	#=====================================================================================	#=====================================================================================
