# title = Missing Transverse Momentum
# xlabel = $p_{\text{T},\text{miss}}\,$[GeV]
# ylabel = $\frac{\text{d}\sigma}{\text{d}p_{\text{T},\text{miss}}}\,\left[\frac{\text{fb}}{\text{GeV}}\right]$
# xmin=  0.000E+00
# xmax=  5.000E+02
# ymin=  1.000E-06
# ymax=  1.000E-01
# kmin= -5.000E+01
# kmax=  1.000E+01
# logscale = true
# Renormalization and factorization scale scaled by: 1.0000000000
# Renormalization scaled by: 1.0000000000
# Number of generated events: 6885073
#	#	#	#	#	#	#
#=====================================================================================	#=====================================================================================	#=====================================================================================	#=====================================================================================	#=====================================================================================	#=====================================================================================	#=====================================================================================
# No.       Left      Right                   Value                   Error Hits
#-------------------------------------------------------------------------------------	#-------------------------------------------------------------------------------------	#-------------------------------------------------------------------------------------	#-------------------------------------------------------------------------------------	#-------------------------------------------------------------------------------------	#-------------------------------------------------------------------------------------	#-------------------------------------------------------------------------------------
   1       0.00       5.00  0.000000000000000E+00  0.000000000000000E+00 0	   1       0.00       5.00  0.000000000000000E+00  0.000000000000000E+00 0	   1       0.00       5.00  0.000000000000000E+00  0.000000000000000E+00 0	   1       0.00       5.00  0.000000000000000E+00  0.000000000000000E+00 0	   1       0.00       5.00  0.000000000000000E+00  0.000000000000000E+00 0	   1       0.00       5.00  0.000000000000000E+00  0.000000000000000E+00 0	   1       0.00       5.00  0.000000000000000E+00  0.000000000000000E+00 0
   2       5.00      10.00  0.000000000000000E+00  0.000000000000000E+00 0	   2       5.00      10.00  0.000000000000000E+00  0.000000000000000E+00 0	   2       5.00      10.00  0.000000000000000E+00  0.000000000000000E+00 0	   2       5.00      10.00  0.000000000000000E+00  0.000000000000000E+00 0	   2       5.00      10.00  0.000000000000000E+00  0.000000000000000E+00 0	   2       5.00      10.00  0.000000000000000E+00  0.000000000000000E+00 0	   2       5.00      10.00  0.000000000000000E+00  0.000000000000000E+00 0
   3      10.00      15.00  0.000000000000000E+00  0.000000000000000E+00 0	   3      10.00      15.00  0.000000000000000E+00  0.000000000000000E+00 0	   3      10.00      15.00  0.000000000000000E+00  0.000000000000000E+00 0	   3      10.00      15.00  0.000000000000000E+00  0.000000000000000E+00 0	   3      10.00      15.00  0.000000000000000E+00  0.000000000000000E+00 0	   3      10.00      15.00  0.000000000000000E+00  0.000000000000000E+00 0	   3      10.00      15.00  0.000000000000000E+00  0.000000000000000E+00 0
   4      15.00      20.00  0.000000000000000E+00  0.000000000000000E+00 0	   4      15.00      20.00  0.000000000000000E+00  0.000000000000000E+00 0	   4      15.00      20.00  0.000000000000000E+00  0.000000000000000E+00 0	   4      15.00      20.00  0.000000000000000E+00  0.000000000000000E+00 0	   4      15.00      20.00  0.000000000000000E+00  0.000000000000000E+00 0	   4      15.00      20.00  0.000000000000000E+00  0.000000000000000E+00 0	   4      15.00      20.00  0.000000000000000E+00  0.000000000000000E+00 0
   5      20.00      25.00  0.000000000000000E+00  0.000000000000000E+00 0	   5      20.00      25.00  0.000000000000000E+00  0.000000000000000E+00 0	   5      20.00      25.00  0.000000000000000E+00  0.000000000000000E+00 0	   5      20.00      25.00  0.000000000000000E+00  0.000000000000000E+00 0	   5      20.00      25.00  0.000000000000000E+00  0.000000000000000E+00 0	   5      20.00      25.00  0.000000000000000E+00  0.000000000000000E+00 0	   5      20.00      25.00  0.000000000000000E+00  0.000000000000000E+00 0
   6      25.00      30.00  0.000000000000000E+00  0.000000000000000E+00 0	   6      25.00      30.00  0.000000000000000E+00  0.000000000000000E+00 0	   6      25.00      30.00  0.000000000000000E+00  0.000000000000000E+00 0	   6      25.00      30.00  0.000000000000000E+00  0.000000000000000E+00 0	   6      25.00      30.00  0.000000000000000E+00  0.000000000000000E+00 0	   6      25.00      30.00  0.000000000000000E+00  0.000000000000000E+00 0	   6      25.00      30.00  0.000000000000000E+00  0.000000000000000E+00 0
   7      30.00      35.00  0.000000000000000E+00  0.000000000000000E+00 0	   7      30.00      35.00  0.000000000000000E+00  0.000000000000000E+00 0	   7      30.00      35.00  0.000000000000000E+00  0.000000000000000E+00 0	   7      30.00      35.00  0.000000000000000E+00  0.000000000000000E+00 0	   7      30.00      35.00  0.000000000000000E+00  0.000000000000000E+00 0	   7      30.00      35.00  0.000000000000000E+00  0.000000000000000E+00 0	   7      30.00      35.00  0.000000000000000E+00  0.000000000000000E+00 0
   8      35.00      40.00  0.000000000000000E+00  0.000000000000000E+00 0	   8      35.00      40.00  0.000000000000000E+00  0.000000000000000E+00 0	   8      35.00      40.00  0.000000000000000E+00  0.000000000000000E+00 0	   8      35.00      40.00  0.000000000000000E+00  0.000000000000000E+00 0	   8      35.00      40.00  0.000000000000000E+00  0.000000000000000E+00 0	   8      35.00      40.00  0.000000000000000E+00  0.000000000000000E+00 0	   8      35.00      40.00  0.000000000000000E+00  0.000000000000000E+00 0
   9      40.00      45.00  3.717010619393833E-02  2.195917104256498E-04 218662824	   9      40.00      45.00  3.717010619393833E-02  2.195917104256498E-04 218662824	   9      40.00      45.00  3.609104107295321E-02  2.049136187999966E-04 218662824	   9      40.00      45.00  3.609104107295321E-02  2.049136187999966E-04 218662824	   9      40.00      45.00  3.823126381897857E-02  2.365870472767113E-04 218662824	   9      40.00      45.00  3.823126381897857E-02  2.365870472767113E-04 218662824	   9      40.00      45.00  3.717010619393833E-02  2.195917104256498E-04 218662824
  10      45.00      50.00  3.803227509457597E-02  1.893597855958894E-04 223425917	  10      45.00      50.00  3.803227509457597E-02  1.893597855958894E-04 223425917	  10      45.00      50.00  3.692569152113040E-02  1.753847932520497E-04 223425917	  10      45.00      50.00  3.692569152113040E-02  1.753847932520497E-04 223425917	  10      45.00      50.00  3.912167518033374E-02  2.058388303148258E-04 223425917	  10      45.00      50.00  3.912167518033374E-02  2.058388303148258E-04 223425917	  10      45.00      50.00  3.803227509457597E-02  1.893597855958894E-04 223425917
  11      50.00      55.00  3.809873824519401E-02  2.253703585656760E-04 224425344	  11      50.00      55.00  3.809873824519401E-02  2.253703585656760E-04 224425344	  11      50.00      55.00  3.698586163896465E-02  2.069989651706002E-04 224425344	  11      50.00      55.00  3.698586163896465E-02  2.069989651706002E-04 224425344	  11      50.00      55.00  3.919518664411118E-02  2.473666225304126E-04 224425344	  11      50.00      55.00  3.919518664411118E-02  2.473666225304126E-04 224425344	  11      50.00      55.00  3.809873824519401E-02  2.253703585656760E-04 224425344
  12      55.00      60.00  3.803225160685352E-02  1.748592534815753E-04 222029534	  12      55.00      60.00  3.803225160685352E-02  1.748592534815753E-04 222029534	  12      55.00      60.00  3.689832675470220E-02  1.620237234209466E-04 222029534	  12      55.00      60.00  3.689832675470220E-02  1.620237234209466E-04 222029534	  12      55.00      60.00  3.915628648850212E-02  1.901291760448857E-04 222029534	  12      55.00      60.00  3.915628648850212E-02  1.901291760448857E-04 222029534	  12      55.00      60.00  3.803225160685352E-02  1.748592534815753E-04 222029534
  13      60.00      65.00  3.651990734882819E-02  3.120764581304199E-04 216533363	  13      60.00      65.00  3.651990734882819E-02  3.120764581304199E-04 216533363	  13      60.00      65.00  3.543998477667470E-02  2.902947219744974E-04 216533363	  13      60.00      65.00  3.543998477667470E-02  2.902947219744974E-04 216533363	  13      60.00      65.00  3.758794055093316E-02  3.373902683571779E-04 216533363	  13      60.00      65.00  3.758794055093316E-02  3.373902683571779E-04 216533363	  13      60.00      65.00  3.651990734882819E-02  3.120764581304199E-04 216533363
  14      65.00      70.00  3.563781466716515E-02  1.895950718777693E-04 208421510	  14      65.00      70.00  3.563781466716515E-02  1.895950718777693E-04 208421510	  14      65.00      70.00  3.454812184930552E-02  1.759025024177028E-04 208421510	  14      65.00      70.00  3.454812184930552E-02  1.759025024177028E-04 208421510	  14      65.00      70.00  3.672613934656680E-02  2.056728508894609E-04 208421510	  14      65.00      70.00  3.672613934656680E-02  2.056728508894609E-04 208421510	  14      65.00      70.00  3.563781466716515E-02  1.895950718777693E-04 208421510
  15      70.00      75.00  3.365441266461212E-02  2.815653327120569E-04 198461506	  15      70.00      75.00  3.365441266461212E-02  2.815653327120569E-04 198461506	  15      70.00      75.00  3.263744931223594E-02  2.609185756898460E-04 198461506	  15      70.00      75.00  3.263744931223594E-02  2.609185756898460E-04 198461506	  15      70.00      75.00  3.466591913518728E-02  3.055967043243198E-04 198461506	  15      70.00      75.00  3.466591913518728E-02  3.055967043243198E-04 198461506	  15      70.00      75.00  3.365441266461212E-02  2.815653327120569E-04 198461506
  16      75.00      80.00  3.212081237008366E-02  2.271321947649893E-04 187419583	  16      75.00      80.00  3.212081237008366E-02  2.271321947649893E-04 187419583	  16      75.00      80.00  3.112366356472482E-02  2.103748630793077E-04 187419583	  16      75.00      80.00  3.112366356472482E-02  2.103748630793077E-04 187419583	  16      75.00      80.00  3.312016714892467E-02  2.468900863757158E-04 187419583	  16      75.00      80.00  3.312016714892467E-02  2.468900863757158E-04 187419583	  16      75.00      80.00  3.212081237008366E-02  2.271321947649893E-04 187419583
  17      80.00      85.00  3.011730762831231E-02  2.559654563039809E-04 176491715	  17      80.00      85.00  3.011730762831231E-02  2.559654563039809E-04 176491715	  17      80.00      85.00  2.916297458988294E-02  2.370793388980111E-04 176491715	  17      80.00      85.00  2.916297458988294E-02  2.370793388980111E-04 176491715	  17      80.00      85.00  3.107902821924194E-02  2.781100410947004E-04 176491715	  17      80.00      85.00  3.107902821924194E-02  2.781100410947004E-04 176491715	  17      80.00      85.00  3.011730762831231E-02  2.559654563039809E-04 176491715
  18      85.00      90.00  2.803657700332606E-02  3.385729595411120E-04 166224639	  18      85.00      90.00  2.803657700332606E-02  3.385729595411120E-04 166224639	  18      85.00      90.00  2.714836108295482E-02  3.135036323532839E-04 166224639	  18      85.00      90.00  2.714836108295482E-02  3.135036323532839E-04 166224639	  18      85.00      90.00  2.893065134005958E-02  3.677928501244641E-04 166224639	  18      85.00      90.00  2.893065134005958E-02  3.677928501244641E-04 166224639	  18      85.00      90.00  2.803657700332606E-02  3.385729595411120E-04 166224639
  19      90.00      95.00  2.678890806588604E-02  1.799447360261542E-04 156735692	  19      90.00      95.00  2.678890806588604E-02  1.799447360261542E-04 156735692	  19      90.00      95.00  2.589755103157191E-02  1.657356930519585E-04 156735692	  19      90.00      95.00  2.589755103157191E-02  1.657356930519585E-04 156735692	  19      90.00      95.00  2.769744632715160E-02  1.968517293264880E-04 156735692	  19      90.00      95.00  2.769744632715160E-02  1.968517293264880E-04 156735692	  19      90.00      95.00  2.678890806588604E-02  1.799447360261542E-04 156735692
  20      95.00     100.00  2.495138986338241E-02  1.769958164215258E-04 147990106	  20      95.00     100.00  2.495138986338241E-02  1.769958164215258E-04 147990106	  20      95.00     100.00  2.410382771519032E-02  1.630463603046027E-04 147990106	  20      95.00     100.00  2.410382771519032E-02  1.630463603046027E-04 147990106	  20      95.00     100.00  2.581835302786245E-02  1.938235484589854E-04 147990106	  20      95.00     100.00  2.581835302786245E-02  1.938235484589854E-04 147990106	  20      95.00     100.00  2.495138986338241E-02  1.769958164215258E-04 147990106
  21     100.00     105.00  2.298281120233848E-02  2.790339080304515E-04 139995415	  21     100.00     105.00  2.298281120233848E-02  2.790339080304515E-04 139995415	  21     100.00     105.00  2.218881701591041E-02  2.588884653267460E-04 139995415	  21     100.00     105.00  2.218881701591041E-02  2.588884653267460E-04 139995415	  21     100.00     105.00  2.379911968691404E-02  3.023515786732339E-04 139995415	  21     100.00     105.00  2.379911968691404E-02  3.023515786732339E-04 139995415	  21     100.00     105.00  2.298281120233848E-02  2.790339080304515E-04 139995415
  22     105.00     110.00  2.141448551335727E-02  2.079266390058945E-04 132626930	  22     105.00     110.00  2.141448551335727E-02  2.079266390058945E-04 132626930	  22     105.00     110.00  2.065402560833596E-02  1.911347605758866E-04 132626930	  22     105.00     110.00  2.065402560833596E-02  1.911347605758866E-04 132626930	  22     105.00     110.00  2.220068789885667E-02  2.278889486141561E-04 132626930	  22     105.00     110.00  2.220068789885667E-02  2.278889486141561E-04 132626930	  22     105.00     110.00  2.141448551335727E-02  2.079266390058945E-04 132626930
  23     110.00     115.00  1.993522192521304E-02  2.159645101916692E-04 125932882	  23     110.00     115.00  1.993522192521304E-02  2.159645101916692E-04 125932882	  23     110.00     115.00  1.922083187815984E-02  1.977459333011345E-04 125932882	  23     110.00     115.00  1.922083187815984E-02  1.977459333011345E-04 125932882	  23     110.00     115.00  2.067483756602823E-02  2.376235133383240E-04 125932882	  23     110.00     115.00  2.067483756602823E-02  2.376235133383240E-04 125932882	  23     110.00     115.00  1.993522192521304E-02  2.159645101916692E-04 125932882
  24     115.00     120.00  1.885234200385293E-02  2.560243808191048E-04 119756600	  24     115.00     120.00  1.885234200385293E-02  2.560243808191048E-04 119756600	  24     115.00     120.00  1.814053522058781E-02  2.410667322232448E-04 119756600	  24     115.00     120.00  1.814053522058781E-02  2.410667322232448E-04 119756600	  24     115.00     120.00  1.959787494725978E-02  2.731158843407527E-04 119756600	  24     115.00     120.00  1.959787494725978E-02  2.731158843407527E-04 119756600	  24     115.00     120.00  1.885234200385293E-02  2.560243808191048E-04 119756600
  25     120.00     125.00  1.738676081208212E-02  1.613149969125307E-04 114092742	  25     120.00     125.00  1.738676081208212E-02  1.613149969125307E-04 114092742	  25     120.00     125.00  1.671170089646858E-02  1.508666715713565E-04 114092742	  25     120.00     125.00  1.671170089646858E-02  1.508666715713565E-04 114092742	  25     120.00     125.00  1.809841622842403E-02  1.733404754663396E-04 114092742	  25     120.00     125.00  1.809841622842403E-02  1.733404754663396E-04 114092742	  25     120.00     125.00  1.738676081208212E-02  1.613149969125307E-04 114092742
  26     125.00     130.00  1.598759886407090E-02  1.619652009084368E-04 108844054	  26     125.00     130.00  1.598759886407090E-02  1.619652009084368E-04 108844054	  26     125.00     130.00  1.537558416991246E-02  1.483022284470478E-04 108844054	  26     125.00     130.00  1.537558416991246E-02  1.483022284470478E-04 108844054	  26     125.00     130.00  1.662908355790364E-02  1.784184659452765E-04 108844054	  26     125.00     130.00  1.662908355790364E-02  1.784184659452765E-04 108844054	  26     125.00     130.00  1.598759886407090E-02  1.619652009084368E-04 108844054
  27     130.00     135.00  1.501531805893987E-02  1.686703342011078E-04 103995399	  27     130.00     135.00  1.501531805893987E-02  1.686703342011078E-04 103995399	  27     130.00     135.00  1.441457514797844E-02  1.567070055336180E-04 103995399	  27     130.00     135.00  1.441457514797844E-02  1.567070055336180E-04 103995399	  27     130.00     135.00  1.565184768498628E-02  1.826069409736257E-04 103995399	  27     130.00     135.00  1.565184768498628E-02  1.826069409736257E-04 103995399	  27     130.00     135.00  1.501531805893987E-02  1.686703342011078E-04 103995399
  28     135.00     140.00  1.395728368311179E-02  1.508066924962674E-04 99496478	  28     135.00     140.00  1.395728368311179E-02  1.508066924962674E-04 99496478	  28     135.00     140.00  1.339320657498082E-02  1.387121579972079E-04 99496478	  28     135.00     140.00  1.339320657498082E-02  1.387121579972079E-04 99496478	  28     135.00     140.00  1.455541120794427E-02  1.652650816734844E-04 99496478	  28     135.00     140.00  1.455541120794427E-02  1.652650816734844E-04 99496478	  28     135.00     140.00  1.395728368311179E-02  1.508066924962674E-04 99496478
  29     140.00     145.00  1.289770616284030E-02  1.584273078987246E-04 95290922	  29     140.00     145.00  1.289770616284030E-02  1.584273078987246E-04 95290922	  29     140.00     145.00  1.236925980799742E-02  1.452895734257844E-04 95290922	  29     140.00     145.00  1.236925980799742E-02  1.452895734257844E-04 95290922	  29     140.00     145.00  1.345972717722776E-02  1.740900870131770E-04 95290922	  29     140.00     145.00  1.345972717722776E-02  1.740900870131770E-04 95290922	  29     140.00     145.00  1.289770616284030E-02  1.584273078987246E-04 95290922
  30     145.00     150.00  1.197196282162685E-02  1.869341596461535E-04 91372951	  30     145.00     150.00  1.197196282162685E-02  1.869341596461535E-04 91372951	  30     145.00     150.00  1.148663588095521E-02  1.694496984784510E-04 91372951	  30     145.00     150.00  1.148663588095521E-02  1.694496984784510E-04 91372951	  30     145.00     150.00  1.248662024543256E-02  2.082308912585988E-04 91372951	  30     145.00     150.00  1.248662024543256E-02  2.082308912585988E-04 91372951	  30     145.00     150.00  1.197196282162685E-02  1.869341596461535E-04 91372951
  31     150.00     155.00  1.132315729905601E-02  2.079248939117566E-04 87705429	  31     150.00     155.00  1.132315729905601E-02  2.079248939117566E-04 87705429	  31     150.00     155.00  1.083898699056506E-02  1.936299277167056E-04 87705429	  31     150.00     155.00  1.083898699056506E-02  1.936299277167056E-04 87705429	  31     150.00     155.00  1.184263690000284E-02  2.245348139767772E-04 87705429	  31     150.00     155.00  1.184263690000284E-02  2.245348139767772E-04 87705429	  31     150.00     155.00  1.132315729905601E-02  2.079248939117566E-04 87705429
  32     155.00     160.00  1.085526399502282E-02  1.367851170951182E-04 84275090	  32     155.00     160.00  1.085526399502282E-02  1.367851170951182E-04 84275090	  32     155.00     160.00  1.037563709568381E-02  1.266547379241978E-04 84275090	  32     155.00     160.00  1.037563709568381E-02  1.266547379241978E-04 84275090	  32     155.00     160.00  1.137292840132424E-02  1.486638392540846E-04 84275090	  32     155.00     160.00  1.137292840132424E-02  1.486638392540846E-04 84275090	  32     155.00     160.00  1.085526399502282E-02  1.367851170951182E-04 84275090
  33     160.00     165.00  9.758636178624276E-03  1.841752975612804E-04 81043986	  33     160.00     165.00  9.758636178624276E-03  1.841752975612804E-04 81043986	  33     160.00     165.00  9.333307524548452E-03  1.713754357508950E-04 81043986	  33     160.00     165.00  9.333307524548452E-03  1.713754357508950E-04 81043986	  33     160.00     165.00  1.021591591517284E-02  1.993459065136051E-04 81043986	  33     160.00     165.00  1.021591591517284E-02  1.993459065136051E-04 81043986	  33     160.00     165.00  9.758636178624276E-03  1.841752975612804E-04 81043986
  34     165.00     170.00  9.433225093155358E-03  1.426242035085567E-04 77986093	  34     165.00     170.00  9.433225093155358E-03  1.426242035085567E-04 77986093	  34     165.00     170.00  9.004977858441425E-03  1.311164742301689E-04 77986093	  34     165.00     170.00  9.004977858441425E-03  1.311164742301689E-04 77986093	  34     165.00     170.00  9.897827490050831E-03  1.562438807824756E-04 77986093	  34     165.00     170.00  9.897827490050831E-03  1.562438807824756E-04 77986093	  34     165.00     170.00  9.433225093155358E-03  1.426242035085567E-04 77986093
  35     170.00     175.00  7.576430833732667E-03  6.200291174947619E-04 75114534	  35     170.00     175.00  7.576430833732667E-03  6.200291174947619E-04 75114534	  35     170.00     175.00  7.284720859138535E-03  5.632893374401171E-04 75114534	  35     170.00     175.00  7.284720859138535E-03  5.632893374401171E-04 75114534	  35     170.00     175.00  7.882055781919318E-03  6.875033280871474E-04 75114534	  35     170.00     175.00  7.882055781919318E-03  6.875033280871474E-04 75114534	  35     170.00     175.00  7.576430833732667E-03  6.200291174947619E-04 75114534
  36     175.00     180.00  8.223557703566631E-03  1.164903702934385E-04 72398281	  36     175.00     180.00  8.223557703566631E-03  1.164903702934385E-04 72398281	  36     175.00     180.00  7.850020465048279E-03  1.071150413753190E-04 72398281	  36     175.00     180.00  7.850020465048279E-03  1.071150413753190E-04 72398281	  36     175.00     180.00  8.627693768104726E-03  1.277643407368783E-04 72398281	  36     175.00     180.00  8.627693768104726E-03  1.277643407368783E-04 72398281	  36     175.00     180.00  8.223557703566631E-03  1.164903702934385E-04 72398281
  37     180.00     185.00  7.639456005305707E-03  1.364572726890381E-04 69820559	  37     180.00     185.00  7.639456005305707E-03  1.364572726890381E-04 69820559	  37     180.00     185.00  7.289562714648097E-03  1.257035926357159E-04 69820559	  37     180.00     185.00  7.289562714648097E-03  1.257035926357159E-04 69820559	  37     180.00     185.00  8.018871827996805E-03  1.492790191647820E-04 69820559	  37     180.00     185.00  8.018871827996805E-03  1.492790191647820E-04 69820559	  37     180.00     185.00  7.639456005305707E-03  1.364572726890381E-04 69820559
  38     185.00     190.00  7.220637712542210E-03  1.405256495863347E-04 67362600	  38     185.00     190.00  7.220637712542210E-03  1.405256495863347E-04 67362600	  38     185.00     190.00  6.885113952141202E-03  1.293344403729759E-04 67362600	  38     185.00     190.00  6.885113952141202E-03  1.293344403729759E-04 67362600	  38     185.00     190.00  7.585154931100721E-03  1.538801310715921E-04 67362600	  38     185.00     190.00  7.585154931100721E-03  1.538801310715921E-04 67362600	  38     185.00     190.00  7.220637712542210E-03  1.405256495863347E-04 67362600
  39     190.00     195.00  7.000124717909353E-03  1.113638169661438E-04 65040124	  39     190.00     195.00  7.000124717909353E-03  1.113638169661438E-04 65040124	  39     190.00     195.00  6.666866165705337E-03  1.015119730098368E-04 65040124	  39     190.00     195.00  6.666866165705337E-03  1.015119730098368E-04 65040124	  39     190.00     195.00  7.363895507933925E-03  1.232610442742545E-04 65040124	  39     190.00     195.00  7.363895507933925E-03  1.232610442742545E-04 65040124	  39     190.00     195.00  7.000124717909353E-03  1.113638169661438E-04 65040124
  40     195.00     200.00  6.690195791126483E-03  1.217579301090397E-04 62848132	  40     195.00     200.00  6.690195791126483E-03  1.217579301090397E-04 62848132	  40     195.00     200.00  6.363217858173473E-03  1.127461121493481E-04 62848132	  40     195.00     200.00  6.363217858173473E-03  1.127461121493481E-04 62848132	  40     195.00     200.00  7.048798486639626E-03  1.322835724900481E-04 62848132	  40     195.00     200.00  7.048798486639626E-03  1.322835724900481E-04 62848132	  40     195.00     200.00  6.690195791126483E-03  1.217579301090397E-04 62848132
  41     200.00     205.00  6.158945680590206E-03  1.169685570449914E-04 60768934	  41     200.00     205.00  6.158945680590206E-03  1.169685570449914E-04 60768934	  41     200.00     205.00  5.856197522984032E-03  1.084235155408079E-04 60768934	  41     200.00     205.00  5.856197522984032E-03  1.084235155408079E-04 60768934	  41     200.00     205.00  6.491252691283074E-03  1.270263297001174E-04 60768934	  41     200.00     205.00  6.491252691283074E-03  1.270263297001174E-04 60768934	  41     200.00     205.00  6.158945680590206E-03  1.169685570449914E-04 60768934
  42     205.00     210.00  5.764323263717055E-03  1.322622299162860E-04 58745641	  42     205.00     210.00  5.764323263717055E-03  1.322622299162860E-04 58745641	  42     205.00     210.00  5.477590683069033E-03  1.210815818241021E-04 58745641	  42     205.00     210.00  5.477590683069033E-03  1.210815818241021E-04 58745641	  42     205.00     210.00  6.079778426275986E-03  1.455655758364740E-04 58745641	  42     205.00     210.00  6.079778426275986E-03  1.455655758364740E-04 58745641	  42     205.00     210.00  5.764323263717055E-03  1.322622299162860E-04 58745641
  43     210.00     215.00  5.156889420440638E-03  1.535542243081623E-04 56854520	  43     210.00     215.00  5.156889420440638E-03  1.535542243081623E-04 56854520	  43     210.00     215.00  4.904791494563862E-03  1.403881972677457E-04 56854520	  43     210.00     215.00  4.904791494563862E-03  1.403881972677457E-04 56854520	  43     210.00     215.00  5.433488334731117E-03  1.692440021581864E-04 56854520	  43     210.00     215.00  5.433488334731117E-03  1.692440021581864E-04 56854520	  43     210.00     215.00  5.156889420440638E-03  1.535542243081623E-04 56854520
  44     215.00     220.00  5.213040936843545E-03  8.929482540318103E-05 55038343	  44     215.00     220.00  5.213040936843545E-03  8.929482540318103E-05 55038343	  44     215.00     220.00  4.943693990289911E-03  8.272357929793049E-05 55038343	  44     215.00     220.00  4.943693990289911E-03  8.272357929793049E-05 55038343	  44     215.00     220.00  5.511503545421551E-03  9.695936764073511E-05 55038343	  44     215.00     220.00  5.511503545421551E-03  9.695936764073511E-05 55038343	  44     215.00     220.00  5.213040936843545E-03  8.929482540318103E-05 55038343
  45     220.00     225.00  4.787381278391556E-03  1.138285495050393E-04 53313419	  45     220.00     225.00  4.787381278391556E-03  1.138285495050393E-04 53313419	  45     220.00     225.00  4.536494228614109E-03  1.065801589159727E-04 53313419	  45     220.00     225.00  4.536494228614109E-03  1.065801589159727E-04 53313419	  45     220.00     225.00  5.066172967864752E-03  1.221138247614594E-04 53313419	  45     220.00     225.00  5.066172967864752E-03  1.221138247614594E-04 53313419	  45     220.00     225.00  4.787381278391556E-03  1.138285495050393E-04 53313419
  46     225.00     230.00  4.528780360131679E-03  1.500038383801789E-04 51649613	  46     225.00     230.00  4.528780360131679E-03  1.500038383801789E-04 51649613	  46     225.00     230.00  4.294086462544718E-03  1.392728141285869E-04 51649613	  46     225.00     230.00  4.294086462544718E-03  1.392728141285869E-04 51649613	  46     225.00     230.00  4.789018575335479E-03  1.624102265715014E-04 51649613	  46     225.00     230.00  4.789018575335479E-03  1.624102265715014E-04 51649613	  46     225.00     230.00  4.528780360131679E-03  1.500038383801789E-04 51649613
  47     230.00     235.00  4.301935240175549E-03  1.311262254157647E-04 50061788	  47     230.00     235.00  4.301935240175549E-03  1.311262254157647E-04 50061788	  47     230.00     235.00  4.081308529362148E-03  1.199633448293893E-04 50061788	  47     230.00     235.00  4.081308529362148E-03  1.199633448293893E-04 50061788	  47     230.00     235.00  4.545788169575635E-03  1.443520641720900E-04 50061788	  47     230.00     235.00  4.545788169575635E-03  1.443520641720900E-04 50061788	  47     230.00     235.00  4.301935240175549E-03  1.311262254157647E-04 50061788
  48     235.00     240.00  4.123875571813492E-03  1.168373807480839E-04 48529967	  48     235.00     240.00  4.123875571813492E-03  1.168373807480839E-04 48529967	  48     235.00     240.00  3.898791084328664E-03  1.092168586888851E-04 48529967	  48     235.00     240.00  3.898791084328664E-03  1.092168586888851E-04 48529967	  48     235.00     240.00  4.375504035294041E-03  1.255420207056775E-04 48529967	  48     235.00     240.00  4.375504035294041E-03  1.255420207056775E-04 48529967	  48     235.00     240.00  4.123875571813492E-03  1.168373807480839E-04 48529967
  49     240.00     245.00  3.647694988929705E-03  1.223417987246066E-04 47090602	  49     240.00     245.00  3.647694988929705E-03  1.223417987246066E-04 47090602	  49     240.00     245.00  3.459543225753979E-03  1.125585979245501E-04 47090602	  49     240.00     245.00  3.459543225753979E-03  1.125585979245501E-04 47090602	  49     240.00     245.00  3.855400338246239E-03  1.339694831513702E-04 47090602	  49     240.00     245.00  3.855400338246239E-03  1.339694831513702E-04 47090602	  49     240.00     245.00  3.647694988929705E-03  1.223417987246066E-04 47090602
  50     245.00     250.00  3.545224973349158E-03  1.541923865120204E-04 45703064	  50     245.00     250.00  3.545224973349158E-03  1.541923865120204E-04 45703064	  50     245.00     250.00  3.361749271219162E-03  1.377148322013261E-04 45703064	  50     245.00     250.00  3.361749271219162E-03  1.377148322013261E-04 45703064	  50     245.00     250.00  3.748146316546439E-03  1.744937579570757E-04 45703064	  50     245.00     250.00  3.748146316546439E-03  1.744937579570757E-04 45703064	  50     245.00     250.00  3.545224973349158E-03  1.541923865120204E-04 45703064
  51     250.00     255.00  3.313153488538727E-03  1.249626486193248E-04 44372253	  51     250.00     255.00  3.313153488538727E-03  1.249626486193248E-04 44372253	  51     250.00     255.00  3.137181299061858E-03  1.133613150481869E-04 44372253	  51     250.00     255.00  3.137181299061858E-03  1.133613150481869E-04 44372253	  51     250.00     255.00  3.508523127905727E-03  1.392507136000611E-04 44372253	  51     250.00     255.00  3.508523127905727E-03  1.392507136000611E-04 44372253	  51     250.00     255.00  3.313153488538727E-03  1.249626486193248E-04 44372253
  52     255.00     260.00  3.296929890386005E-03  1.076830257309627E-04 43099688	  52     255.00     260.00  3.296929890386005E-03  1.076830257309627E-04 43099688	  52     255.00     260.00  3.113796224173221E-03  1.001593684747358E-04 43099688	  52     255.00     260.00  3.113796224173221E-03  1.001593684747358E-04 43099688	  52     255.00     260.00  3.502030477568965E-03  1.163770319317394E-04 43099688	  52     255.00     260.00  3.502030477568965E-03  1.163770319317394E-04 43099688	  52     255.00     260.00  3.296929890386005E-03  1.076830257309627E-04 43099688
  53     260.00     265.00  2.949920275868375E-03  1.048092916317986E-04 41855758	  53     260.00     265.00  2.949920275868375E-03  1.048092916317986E-04 41855758	  53     260.00     265.00  2.788041641575264E-03  9.613538587403950E-05 41855758	  53     260.00     265.00  2.788041641575264E-03  9.613538587403950E-05 41855758	  53     260.00     265.00  3.130841743251337E-03  1.151628394867502E-04 41855758	  53     260.00     265.00  3.130841743251337E-03  1.151628394867502E-04 41855758	  53     260.00     265.00  2.949920275868375E-03  1.048092916317986E-04 41855758
  54     265.00     270.00  2.857751962227138E-03  1.010192176729811E-04 40678075	  54     265.00     270.00  2.857751962227138E-03  1.010192176729811E-04 40678075	  54     265.00     270.00  2.696781640809057E-03  9.420529626045274E-05 40678075	  54     265.00     270.00  2.696781640809057E-03  9.420529626045274E-05 40678075	  54     265.00     270.00  3.038523966588581E-03  1.089125070914280E-04 40678075	  54     265.00     270.00  3.038523966588581E-03  1.089125070914280E-04 40678075	  54     265.00     270.00  2.857751962227138E-03  1.010192176729811E-04 40678075
  55     270.00     275.00  2.971629640415191E-03  6.580469242186143E-05 39549244	  55     270.00     275.00  2.971629640415191E-03  6.580469242186143E-05 39549244	  55     270.00     275.00  2.800045316010951E-03  6.104195716825270E-05 39549244	  55     270.00     275.00  2.800045316010951E-03  6.104195716825270E-05 39549244	  55     270.00     275.00  3.164950805461886E-03  7.140326745715825E-05 39549244	  55     270.00     275.00  3.164950805461886E-03  7.140326745715825E-05 39549244	  55     270.00     275.00  2.971629640415191E-03  6.580469242186143E-05 39549244
  56     275.00     280.00  2.629595811400589E-03  1.537878536306418E-04 38464591	  56     275.00     280.00  2.629595811400589E-03  1.537878536306418E-04 38464591	  56     275.00     280.00  2.483263311013905E-03  1.413097567494522E-04 38464591	  56     275.00     280.00  2.483263311013905E-03  1.413097567494522E-04 38464591	  56     275.00     280.00  2.793245926999804E-03  1.684421335998586E-04 38464591	  56     275.00     280.00  2.793245926999804E-03  1.684421335998586E-04 38464591	  56     275.00     280.00  2.629595811400589E-03  1.537878536306418E-04 38464591
  57     280.00     285.00  2.328601251987287E-03  2.812053486570872E-04 37399156	  57     280.00     285.00  2.328601251987287E-03  2.812053486570872E-04 37399156	  57     280.00     285.00  2.195114426123951E-03  2.636905333343970E-04 37399156	  57     280.00     285.00  2.195114426123951E-03  2.636905333343970E-04 37399156	  57     280.00     285.00  2.478894405891245E-03  3.009415594757201E-04 37399156	  57     280.00     285.00  2.478894405891245E-03  3.009415594757201E-04 37399156	  57     280.00     285.00  2.328601251987287E-03  2.812053486570872E-04 37399156
  58     285.00     290.00  2.118715969568844E-03  9.979045231277539E-05 36392742	  58     285.00     290.00  2.118715969568844E-03  9.979045231277539E-05 36392742	  58     285.00     290.00  2.003398863030329E-03  9.144757450969326E-05 36392742	  58     285.00     290.00  2.003398863030329E-03  9.144757450969326E-05 36392742	  58     285.00     290.00  2.247202786723827E-03  1.098464975159153E-04 36392742	  58     285.00     290.00  2.247202786723827E-03  1.098464975159153E-04 36392742	  58     285.00     290.00  2.118715969568844E-03  9.979045231277539E-05 36392742
  59     290.00     295.00  2.143577351980232E-03  9.119889418507829E-05 35437523	  59     290.00     295.00  2.143577351980232E-03  9.119889418507829E-05 35437523	  59     290.00     295.00  2.021941161839107E-03  8.413327319749863E-05 35437523	  59     290.00     295.00  2.021941161839107E-03  8.413327319749863E-05 35437523	  59     290.00     295.00  2.280235198926285E-03  9.944826124954858E-05 35437523	  59     290.00     295.00  2.280235198926285E-03  9.944826124954858E-05 35437523	  59     290.00     295.00  2.143577351980232E-03  9.119889418507829E-05 35437523
  60     295.00     300.00  2.114677816921397E-03  7.637457607408303E-05 34488381	  60     295.00     300.00  2.114677816921397E-03  7.637457607408303E-05 34488381	  60     295.00     300.00  1.990853992971261E-03  7.002566785606188E-05 34488381	  60     295.00     300.00  1.990853992971261E-03  7.002566785606188E-05 34488381	  60     295.00     300.00  2.253742277864843E-03  8.428875461116330E-05 34488381	  60     295.00     300.00  2.253742277864843E-03  8.428875461116330E-05 34488381	  60     295.00     300.00  2.114677816921397E-03  7.637457607408303E-05 34488381
  61     300.00     305.00  2.115630551250035E-03  7.910971416857598E-05 33588924	  61     300.00     305.00  2.115630551250035E-03  7.910971416857598E-05 33588924	  61     300.00     305.00  1.990564698621410E-03  7.289809580457938E-05 33588924	  61     300.00     305.00  1.990564698621410E-03  7.289809580457938E-05 33588924	  61     300.00     305.00  2.256982448852316E-03  8.642748045477341E-05 33588924	  61     300.00     305.00  2.256982448852316E-03  8.642748045477341E-05 33588924	  61     300.00     305.00  2.115630551250035E-03  7.910971416857598E-05 33588924
  62     305.00     310.00  2.058355626352907E-03  5.527162124534755E-05 32724796	  62     305.00     310.00  2.058355626352907E-03  5.527162124534755E-05 32724796	  62     305.00     310.00  1.933909025477732E-03  5.052653065219219E-05 32724796	  62     305.00     310.00  1.933909025477732E-03  5.052653065219219E-05 32724796	  62     305.00     310.00  2.199295528653872E-03  6.103672894980052E-05 32724796	  62     305.00     310.00  2.199295528653872E-03  6.103672894980052E-05 32724796	  62     305.00     310.00  2.058355626352907E-03  5.527162124534755E-05 32724796
  63     310.00     315.00  1.888031439165938E-03  7.781252252604933E-05 31897464	  63     310.00     315.00  1.888031439165938E-03  7.781252252604933E-05 31897464	  63     310.00     315.00  1.775661312969303E-03  7.156733678836674E-05 31897464	  63     310.00     315.00  1.775661312969303E-03  7.156733678836674E-05 31897464	  63     310.00     315.00  2.014919699843395E-03  8.518456946986821E-05 31897464	  63     310.00     315.00  2.014919699843395E-03  8.518456946986821E-05 31897464	  63     310.00     315.00  1.888031439165938E-03  7.781252252604933E-05 31897464
  64     315.00     320.00  1.533511962727991E-03  1.287646962042554E-04 31074981	  64     315.00     320.00  1.533511962727991E-03  1.287646962042554E-04 31074981	  64     315.00     320.00  1.446726228406945E-03  1.176856356130880E-04 31074981	  64     315.00     320.00  1.446726228406945E-03  1.176856356130880E-04 31074981	  64     315.00     320.00  1.630752255996440E-03  1.421323812655167E-04 31074981	  64     315.00     320.00  1.630752255996440E-03  1.421323812655167E-04 31074981	  64     315.00     320.00  1.533511962727991E-03  1.287646962042554E-04 31074981
  65     320.00     325.00  1.522613817860059E-03  8.267746304106752E-05 30305103	  65     320.00     325.00  1.522613817860059E-03  8.267746304106752E-05 30305103	  65     320.00     325.00  1.434154595416521E-03  7.604274888897465E-05 30305103	  65     320.00     325.00  1.434154595416521E-03  7.604274888897465E-05 30305103	  65     320.00     325.00  1.622074032556648E-03  9.055351219486478E-05 30305103	  65     320.00     325.00  1.622074032556648E-03  9.055351219486478E-05 30305103	  65     320.00     325.00  1.522613817860059E-03  8.267746304106752E-05 30305103
  66     325.00     330.00  1.463710459096591E-03  9.848799049202231E-05 29547257	  66     325.00     330.00  1.463710459096591E-03  9.848799049202231E-05 29547257	  66     325.00     330.00  1.370138060518483E-03  9.199548033475602E-05 29547257	  66     325.00     330.00  1.370138060518483E-03  9.199548033475602E-05 29547257	  66     325.00     330.00  1.570827278814105E-03  1.058880911594278E-04 29547257	  66     325.00     330.00  1.570827278814105E-03  1.058880911594278E-04 29547257	  66     325.00     330.00  1.463710459096591E-03  9.848799049202231E-05 29547257
  67     330.00     335.00  1.496878242712350E-03  7.232093142524608E-05 28817933	  67     330.00     335.00  1.496878242712350E-03  7.232093142524608E-05 28817933	  67     330.00     335.00  1.405813562857634E-03  6.646002932122921E-05 28817933	  67     330.00     335.00  1.405813562857634E-03  6.646002932122921E-05 28817933	  67     330.00     335.00  1.600033288359582E-03  7.930321069755148E-05 28817933	  67     330.00     335.00  1.600033288359582E-03  7.930321069755148E-05 28817933	  67     330.00     335.00  1.496878242712350E-03  7.232093142524608E-05 28817933
  68     335.00     340.00  1.244299488528735E-03  1.207409640037368E-04 28119426	  68     335.00     340.00  1.244299488528735E-03  1.207409640037368E-04 28119426	  68     335.00     340.00  1.173517310720701E-03  1.114008902773063E-04 28119426	  68     335.00     340.00  1.173517310720701E-03  1.114008902773063E-04 28119426	  68     335.00     340.00  1.323555049844093E-03  1.318719544186065E-04 28119426	  68     335.00     340.00  1.323555049844093E-03  1.318719544186065E-04 28119426	  68     335.00     340.00  1.244299488528735E-03  1.207409640037368E-04 28119426
  69     340.00     345.00  1.407827677389969E-03  6.185411336428303E-05 27437974	  69     340.00     345.00  1.407827677389969E-03  6.185411336428303E-05 27437974	  69     340.00     345.00  1.321911842549560E-03  5.632161123115651E-05 27437974	  69     340.00     345.00  1.321911842549560E-03  5.632161123115651E-05 27437974	  69     340.00     345.00  1.505328500061364E-03  6.850485314998610E-05 27437974	  69     340.00     345.00  1.505328500061364E-03  6.850485314998610E-05 27437974	  69     340.00     345.00  1.407827677389969E-03  6.185411336428303E-05 27437974
  70     345.00     350.00  1.215820189636639E-03  1.029205746315002E-04 26784563	  70     345.00     350.00  1.215820189636639E-03  1.029205746315002E-04 26784563	  70     345.00     350.00  1.143574341153991E-03  9.366472549136126E-05 26784563	  70     345.00     350.00  1.143574341153991E-03  9.366472549136126E-05 26784563	  70     345.00     350.00  1.297426122411789E-03  1.139265301572078E-04 26784563	  70     345.00     350.00  1.297426122411789E-03  1.139265301572078E-04 26784563	  70     345.00     350.00  1.215820189636639E-03  1.029205746315002E-04 26784563
  71     350.00     355.00  1.121161431438728E-03  1.233362074902036E-04 26141041	  71     350.00     355.00  1.121161431438728E-03  1.233362074902036E-04 26141041	  71     350.00     355.00  1.054529465004955E-03  1.135034178211970E-04 26141041	  71     350.00     355.00  1.054529465004955E-03  1.135034178211970E-04 26141041	  71     350.00     355.00  1.196480137305241E-03  1.348207152590643E-04 26141041	  71     350.00     355.00  1.196480137305241E-03  1.348207152590643E-04 26141041	  71     350.00     355.00  1.121161431438728E-03  1.233362074902036E-04 26141041
  72     355.00     360.00  1.274235070011395E-03  4.154899006777726E-05 25527161	  72     355.00     360.00  1.274235070011395E-03  4.154899006777726E-05 25527161	  72     355.00     360.00  1.193840619328337E-03  3.811355169966609E-05 25527161	  72     355.00     360.00  1.193840619328337E-03  3.811355169966609E-05 25527161	  72     355.00     360.00  1.365750823605124E-03  4.568563818808306E-05 25527161	  72     355.00     360.00  1.365750823605124E-03  4.568563818808306E-05 25527161	  72     355.00     360.00  1.274235070011395E-03  4.154899006777726E-05 25527161
  73     360.00     365.00  1.150118412624156E-03  5.877287185862871E-05 24923959	  73     360.00     365.00  1.150118412624156E-03  5.877287185862871E-05 24923959	  73     360.00     365.00  1.076475429363250E-03  5.448405389480628E-05 24923959	  73     360.00     365.00  1.076475429363250E-03  5.448405389480628E-05 24923959	  73     360.00     365.00  1.234186464311559E-03  6.381057740715792E-05 24923959	  73     360.00     365.00  1.234186464311559E-03  6.381057740715792E-05 24923959	  73     360.00     365.00  1.150118412624156E-03  5.877287185862871E-05 24923959
  74     365.00     370.00  1.052604694898673E-03  6.942502991010097E-05 24350833	  74     365.00     370.00  1.052604694898673E-03  6.942502991010097E-05 24350833	  74     365.00     370.00  9.842628745247745E-04  6.472744898329266E-05 24350833	  74     365.00     370.00  9.842628745247745E-04  6.472744898329266E-05 24350833	  74     365.00     370.00  1.130827246458377E-03  7.485502358778515E-05 24350833	  74     365.00     370.00  1.130827246458377E-03  7.485502358778515E-05 24350833	  74     365.00     370.00  1.052604694898673E-03  6.942502991010097E-05 24350833
  75     370.00     375.00  1.043947855959787E-03  6.820907251813631E-05 23804246	  75     370.00     375.00  1.043947855959787E-03  6.820907251813631E-05 23804246	  75     370.00     375.00  9.763427071646099E-04  6.291337790177645E-05 23804246	  75     370.00     375.00  9.763427071646099E-04  6.291337790177645E-05 23804246	  75     370.00     375.00  1.121262378651647E-03  7.447191370401642E-05 23804246	  75     370.00     375.00  1.121262378651647E-03  7.447191370401642E-05 23804246	  75     370.00     375.00  1.043947855959787E-03  6.820907251813631E-05 23804246
  76     375.00     380.00  1.072137802095013E-03  4.705070461635032E-05 23253960	  76     375.00     380.00  1.072137802095013E-03  4.705070461635032E-05 23253960	  76     375.00     380.00  1.003683391167535E-03  4.291857059550961E-05 23253960	  76     375.00     380.00  1.003683391167535E-03  4.291857059550961E-05 23253960	  76     375.00     380.00  1.150038093653819E-03  5.206802905248429E-05 23253960	  76     375.00     380.00  1.150038093653819E-03  5.206802905248429E-05 23253960	  76     375.00     380.00  1.072137802095013E-03  4.705070461635032E-05 23253960
  77     380.00     385.00  9.017953950252404E-04  5.255831082011144E-05 22733417	  77     380.00     385.00  9.017953950252404E-04  5.255831082011144E-05 22733417	  77     380.00     385.00  8.452460385076694E-04  4.842469341004507E-05 22733417	  77     380.00     385.00  8.452460385076694E-04  4.842469341004507E-05 22733417	  77     380.00     385.00  9.662511757191284E-04  5.740360025308897E-05 22733417	  77     380.00     385.00  9.662511757191284E-04  5.740360025308897E-05 22733417	  77     380.00     385.00  9.017953950252404E-04  5.255831082011144E-05 22733417
  78     385.00     390.00  9.792222784063044E-04  4.193503450833996E-05 22223994	  78     385.00     390.00  9.792222784063044E-04  4.193503450833996E-05 22223994	  78     385.00     390.00  9.154223794315317E-04  3.871988024408395E-05 22223994	  78     385.00     390.00  9.154223794315317E-04  3.871988024408395E-05 22223994	  78     385.00     390.00  1.052128844043630E-03  4.571254945697314E-05 22223994	  78     385.00     390.00  1.052128844043630E-03  4.571254945697314E-05 22223994	  78     385.00     390.00  9.792222784063044E-04  4.193503450833996E-05 22223994
  79     390.00     395.00  8.660130609510242E-04  4.540332216206310E-05 21739194	  79     390.00     395.00  8.660130609510242E-04  4.540332216206310E-05 21739194	  79     390.00     395.00  8.101156390798510E-04  4.193320622635196E-05 21739194	  79     390.00     395.00  8.101156390798510E-04  4.193320622635196E-05 21739194	  79     390.00     395.00  9.299862787584964E-04  4.948517967635402E-05 21739194	  79     390.00     395.00  9.299862787584964E-04  4.948517967635402E-05 21739194	  79     390.00     395.00  8.660130609510242E-04  4.540332216206310E-05 21739194
  80     395.00     400.00  8.227782277249693E-04  7.403537037193182E-05 21250404	  80     395.00     400.00  8.227782277249693E-04  7.403537037193182E-05 21250404	  80     395.00     400.00  7.696281558510024E-04  6.789196080866426E-05 21250404	  80     395.00     400.00  7.696281558510024E-04  6.789196080866426E-05 21250404	  80     395.00     400.00  8.836140788097777E-04  8.127233409579095E-05 21250404	  80     395.00     400.00  8.836140788097777E-04  8.127233409579095E-05 21250404	  80     395.00     400.00  8.227782277249693E-04  7.403537037193182E-05 21250404
  81     400.00     405.00  8.798031755590579E-04  3.859362153087141E-05 20791708	  81     400.00     405.00  8.798031755590579E-04  3.859362153087141E-05 20791708	  81     400.00     405.00  8.210161450062093E-04  3.501139398947866E-05 20791708	  81     400.00     405.00  8.210161450062093E-04  3.501139398947866E-05 20791708	  81     400.00     405.00  9.473225492985025E-04  4.290030103047405E-05 20791708	  81     400.00     405.00  9.473225492985025E-04  4.290030103047405E-05 20791708	  81     400.00     405.00  8.798031755590579E-04  3.859362153087141E-05 20791708
  82     405.00     410.00  7.248193428996542E-04  5.430552028313145E-05 20352025	  82     405.00     410.00  7.248193428996542E-04  5.430552028313145E-05 20352025	  82     405.00     410.00  6.776777037788244E-04  5.009800799449010E-05 20352025	  82     405.00     410.00  6.776777037788244E-04  5.009800799449010E-05 20352025	  82     405.00     410.00  7.786802405968663E-04  5.930127473419693E-05 20352025	  82     405.00     410.00  7.786802405968663E-04  5.930127473419693E-05 20352025	  82     405.00     410.00  7.248193428996542E-04  5.430552028313145E-05 20352025
  83     410.00     415.00  8.059095078290969E-04  4.726984517521584E-05 19910910	  83     410.00     415.00  8.059095078290969E-04  4.726984517521584E-05 19910910	  83     410.00     415.00  7.518124669568490E-04  4.262876423122003E-05 19910910	  83     410.00     415.00  7.518124669568490E-04  4.262876423122003E-05 19910910	  83     410.00     415.00  8.679794764997366E-04  5.298285477327565E-05 19910910	  83     410.00     415.00  8.679794764997366E-04  5.298285477327565E-05 19910910	  83     410.00     415.00  8.059095078290969E-04  4.726984517521584E-05 19910910
  84     415.00     420.00  8.069532026801416E-04  2.574057173521856E-05 19483934	  84     415.00     420.00  8.069532026801416E-04  2.574057173521856E-05 19483934	  84     415.00     420.00  7.508516375363308E-04  2.355920626805581E-05 19483934	  84     415.00     420.00  7.508516375363308E-04  2.355920626805581E-05 19483934	  84     415.00     420.00  8.716763355713105E-04  2.834000594442625E-05 19483934	  84     415.00     420.00  8.716763355713105E-04  2.834000594442625E-05 19483934	  84     415.00     420.00  8.069532026801416E-04  2.574057173521856E-05 19483934
  85     420.00     425.00  5.968935664162976E-04  7.043153467296292E-05 19077587	  85     420.00     425.00  5.968935664162976E-04  7.043153467296292E-05 19077587	  85     420.00     425.00  5.573721765742526E-04  6.433558659410594E-05 19077587	  85     420.00     425.00  5.573721765742526E-04  6.433558659410594E-05 19077587	  85     420.00     425.00  6.423478005757871E-04  7.764150087375835E-05 19077587	  85     420.00     425.00  6.423478005757871E-04  7.764150087375835E-05 19077587	  85     420.00     425.00  5.968935664162976E-04  7.043153467296292E-05 19077587
  86     425.00     430.00  6.466830761552764E-04  5.120929424828556E-05 18671193	  86     425.00     430.00  6.466830761552764E-04  5.120929424828556E-05 18671193	  86     425.00     430.00  6.058594620691145E-04  4.607180342424708E-05 18671193	  86     425.00     430.00  6.058594620691145E-04  4.607180342424708E-05 18671193	  86     425.00     430.00  6.931536186636898E-04  5.742694045020868E-05 18671193	  86     425.00     430.00  6.931536186636898E-04  5.742694045020868E-05 18671193	  86     425.00     430.00  6.466830761552764E-04  5.120929424828556E-05 18671193
  87     430.00     435.00  6.624792034135277E-04  2.806704551753002E-05 18285997	  87     430.00     435.00  6.624792034135277E-04  2.806704551753002E-05 18285997	  87     430.00     435.00  6.173501907572602E-04  2.571772411369164E-05 18285997	  87     430.00     435.00  6.173501907572602E-04  2.571772411369164E-05 18285997	  87     430.00     435.00  7.143246355915271E-04  3.087999857352316E-05 18285997	  87     430.00     435.00  7.143246355915271E-04  3.087999857352316E-05 18285997	  87     430.00     435.00  6.624792034135277E-04  2.806704551753002E-05 18285997
  88     435.00     440.00  6.098737625942042E-04  3.892490082743152E-05 17915680	  88     435.00     440.00  6.098737625942042E-04  3.892490082743152E-05 17915680	  88     435.00     440.00  5.698083872518223E-04  3.527535958232822E-05 17915680	  88     435.00     440.00  5.698083872518223E-04  3.527535958232822E-05 17915680	  88     435.00     440.00  6.557726669313247E-04  4.333018978546238E-05 17915680	  88     435.00     440.00  6.557726669313247E-04  4.333018978546238E-05 17915680	  88     435.00     440.00  6.098737625942042E-04  3.892490082743152E-05 17915680
  89     440.00     445.00  6.150761656218789E-04  2.824023739833627E-05 17540331	  89     440.00     445.00  6.150761656218789E-04  2.824023739833627E-05 17540331	  89     440.00     445.00  5.708673216875122E-04  2.621321362477051E-05 17540331	  89     440.00     445.00  5.708673216875122E-04  2.621321362477051E-05 17540331	  89     440.00     445.00  6.663788241686140E-04  3.060692111484780E-05 17540331	  89     440.00     445.00  6.663788241686140E-04  3.060692111484780E-05 17540331	  89     440.00     445.00  6.150761656218789E-04  2.824023739833627E-05 17540331
  90     445.00     450.00  4.645561475084804E-04  6.266863066067120E-05 17188008	  90     445.00     450.00  4.645561475084804E-04  6.266863066067120E-05 17188008	  90     445.00     450.00  4.326994837308545E-04  5.740546657719532E-05 17188008	  90     445.00     450.00  4.326994837308545E-04  5.740546657719532E-05 17188008	  90     445.00     450.00  5.013813817490032E-04  6.888524019457173E-05 17188008	  90     445.00     450.00  5.013813817490032E-04  6.888524019457173E-05 17188008	  90     445.00     450.00  4.645561475084804E-04  6.266863066067120E-05 17188008
  91     450.00     455.00  6.067141214370638E-04  2.914090457638139E-05 16832852	  91     450.00     455.00  6.067141214370638E-04  2.914090457638139E-05 16832852	  91     450.00     455.00  5.641022683859313E-04  2.655337009098334E-05 16832852	  91     450.00     455.00  5.641022683859313E-04  2.655337009098334E-05 16832852	  91     450.00     455.00  6.558854002349390E-04  3.223692600422865E-05 16832852	  91     450.00     455.00  6.558854002349390E-04  3.223692600422865E-05 16832852	  91     450.00     455.00  6.067141214370638E-04  2.914090457638139E-05 16832852
  92     455.00     460.00  5.168600483244071E-04  3.299667653410038E-05 16503573	  92     455.00     460.00  5.168600483244071E-04  3.299667653410038E-05 16503573	  92     455.00     460.00  4.833089141744654E-04  2.936570693502076E-05 16503573	  92     455.00     460.00  4.833089141744654E-04  2.936570693502076E-05 16503573	  92     455.00     460.00  5.550517020579852E-04  3.755425911333865E-05 16503573	  92     455.00     460.00  5.550517020579852E-04  3.755425911333865E-05 16503573	  92     455.00     460.00  5.168600483244071E-04  3.299667653410038E-05 16503573
  93     460.00     465.00  4.401677076563899E-04  4.026991998943713E-05 16171119	  93     460.00     465.00  4.401677076563899E-04  4.026991998943713E-05 16171119	  93     460.00     465.00  4.108190117849142E-04  3.668790209812247E-05 16171119	  93     460.00     465.00  4.108190117849142E-04  3.668790209812247E-05 16171119	  93     460.00     465.00  4.739567311525766E-04  4.452937132274631E-05 16171119	  93     460.00     465.00  4.739567311525766E-04  4.452937132274631E-05 16171119	  93     460.00     465.00  4.401677076563899E-04  4.026991998943713E-05 16171119
  94     465.00     470.00  5.036597769228960E-04  4.150986835345050E-05 15847146	  94     465.00     470.00  5.036597769228960E-04  4.150986835345050E-05 15847146	  94     465.00     470.00  4.643825562244816E-04  3.783105803482143E-05 15847146	  94     465.00     470.00  4.643825562244816E-04  3.783105803482143E-05 15847146	  94     465.00     470.00  5.498915684237705E-04  4.609916627840829E-05 15847146	  94     465.00     470.00  5.498915684237705E-04  4.609916627840829E-05 15847146	  94     465.00     470.00  5.036597769228960E-04  4.150986835345050E-05 15847146
  95     470.00     475.00  4.368313294866065E-04  4.003132181523603E-05 15539984	  95     470.00     475.00  4.368313294866065E-04  4.003132181523603E-05 15539984	  95     470.00     475.00  4.068587398824709E-04  3.615648598296205E-05 15539984	  95     470.00     475.00  4.068587398824709E-04  3.615648598296205E-05 15539984	  95     470.00     475.00  4.712902028176641E-04  4.470440169800940E-05 15539984	  95     470.00     475.00  4.712902028176641E-04  4.470440169800940E-05 15539984	  95     470.00     475.00  4.368313294866065E-04  4.003132181523603E-05 15539984
  96     475.00     480.00  4.541713977078130E-04  2.840861556040961E-05 15243132	  96     475.00     480.00  4.541713977078130E-04  2.840861556040961E-05 15243132	  96     475.00     480.00  4.216069425605649E-04  2.638112163492614E-05 15243132	  96     475.00     480.00  4.216069425605649E-04  2.638112163492614E-05 15243132	  96     475.00     480.00  4.919355409279883E-04  3.076597829266579E-05 15243132	  96     475.00     480.00  4.919355409279883E-04  3.076597829266579E-05 15243132	  96     475.00     480.00  4.541713977078130E-04  2.840861556040961E-05 15243132
  97     480.00     485.00  3.214598140269958E-04  4.688615264327229E-05 14945695	  97     480.00     485.00  3.214598140269958E-04  4.688615264327229E-05 14945695	  97     480.00     485.00  2.999760442430995E-04  4.307348465588462E-05 14945695	  97     480.00     485.00  2.999760442430995E-04  4.307348465588462E-05 14945695	  97     480.00     485.00  3.460744966957182E-04  5.142520759209413E-05 14945695	  97     480.00     485.00  3.460744966957182E-04  5.142520759209413E-05 14945695	  97     480.00     485.00  3.214598140269958E-04  4.688615264327229E-05 14945695
  98     485.00     490.00  3.845983446304441E-04  4.988628254801744E-05 14666277	  98     485.00     490.00  3.845983446304441E-04  4.988628254801744E-05 14666277	  98     485.00     490.00  3.597665508302860E-04  4.410422756808126E-05 14666277	  98     485.00     490.00  3.597665508302860E-04  4.410422756808126E-05 14666277	  98     485.00     490.00  4.128983908899549E-04  5.705361163562612E-05 14666277	  98     485.00     490.00  4.128983908899549E-04  5.705361163562612E-05 14666277	  98     485.00     490.00  3.845983446304441E-04  4.988628254801744E-05 14666277
  99     490.00     495.00  3.292131354654293E-04  8.315744542634116E-05 14381250	  99     490.00     495.00  3.292131354654293E-04  8.315744542634116E-05 14381250	  99     490.00     495.00  3.106554848547560E-04  7.296227781596776E-05 14381250	  99     490.00     495.00  3.106554848547560E-04  7.296227781596776E-05 14381250	  99     490.00     495.00  3.497519975946249E-04  9.577492994237931E-05 14381250	  99     490.00     495.00  3.497519975946249E-04  9.577492994237931E-05 14381250	  99     490.00     495.00  3.292131354654293E-04  8.315744542634116E-05 14381250
 100     495.00     500.00  3.912910956465727E-04  2.776275407390105E-05 14108605	 100     495.00     500.00  3.912910956465727E-04  2.776275407390105E-05 14108605	 100     495.00     500.00  3.628614522423829E-04  2.528099497090280E-05 14108605	 100     495.00     500.00  3.628614522423829E-04  2.528099497090280E-05 14108605	 100     495.00     500.00  4.242762269931088E-04  3.073212338644980E-05 14108605	 100     495.00     500.00  4.242762269931088E-04  3.073212338644980E-05 14108605	 100     495.00     500.00  3.912910956465727E-04  2.776275407390105E-05 14108605
# Underflow:                 0.0000000000000000E+00  0.0000000000000000E+00 0
# Overflow:                 -4.2261845366399909E-04  2.1182568751779642E-05 33186
#-------------------------------------------------------------------------------------	#-------------------------------------------------------------------------------------	#-------------------------------------------------------------------------------------	#-------------------------------------------------------------------------------------	#-------------------------------------------------------------------------------------	#-------------------------------------------------------------------------------------	#-------------------------------------------------------------------------------------
# Sum:                      -8.0187316171521153E-02  1.1241223372643399E-03 187000
#=====================================================================================	#=====================================================================================	#=====================================================================================	#=====================================================================================	#=====================================================================================	#=====================================================================================	#=====================================================================================
