# title = Rapidity anti-Muon
# xlabel = $y_{\mu^+}$
# ylabel = $\frac{\text{d}\sigma}{\text{d}y_{\mu^+}}\,[\text{fb}]$
# xmin= -2.500E+00
# xmax=  2.500E+00
# ymin=  1.000E-04
# ymax=  6.000E-01
# kmin= -2.000E+01
# kmax=  1.000E+01
# logscale = false
# Renormalization and factorization scale scaled by: 1.0000000000
# Renormalization scaled by: 1.0000000000
# Number of generated events: 6885073
#	#	#	#	#	#	#
#=====================================================================================	#=====================================================================================	#=====================================================================================	#=====================================================================================	#=====================================================================================	#=====================================================================================	#=====================================================================================
# No.       Left      Right                   Value                   Error Hits
#-------------------------------------------------------------------------------------	#-------------------------------------------------------------------------------------	#-------------------------------------------------------------------------------------	#-------------------------------------------------------------------------------------	#-------------------------------------------------------------------------------------	#-------------------------------------------------------------------------------------	#-------------------------------------------------------------------------------------
   1      -2.50      -2.25  3.257429353347667E-01  3.643536269962451E-03 151345576	   1      -2.50      -2.25  3.257429353347667E-01  3.643536269962451E-03 151345576	   1      -2.50      -2.25  3.109051464754931E-01  3.327197835959002E-03 151345576	   1      -2.50      -2.25  3.109051464754931E-01  3.327197835959002E-03 151345576	   1      -2.50      -2.25  3.417506355449302E-01  4.020645716220909E-03 151345576	   1      -2.50      -2.25  3.417506355449302E-01  4.020645716220909E-03 151345576	   1      -2.50      -2.25  3.257429353347667E-01  3.643536269962451E-03 151345576
   2      -2.25      -2.00  4.121666563091735E-01  5.738598418731715E-03 188994192	   2      -2.25      -2.00  4.121666563091735E-01  5.738598418731715E-03 188994192	   2      -2.25      -2.00  3.948678463625613E-01  5.249720020434037E-03 188994192	   2      -2.25      -2.00  3.948678463625613E-01  5.249720020434037E-03 188994192	   2      -2.25      -2.00  4.305664087494721E-01  6.322855146726997E-03 188994192	   2      -2.25      -2.00  4.305664087494721E-01  6.322855146726997E-03 188994192	   2      -2.25      -2.00  4.121666563091735E-01  5.738598418731715E-03 188994192
   3      -2.00      -1.75  5.170054948144281E-01  6.013372171526146E-03 228048748	   3      -2.00      -1.75  5.170054948144281E-01  6.013372171526146E-03 228048748	   3      -2.00      -1.75  4.959781995942409E-01  5.590324464348505E-03 228048748	   3      -2.00      -1.75  4.959781995942409E-01  5.590324464348505E-03 228048748	   3      -2.00      -1.75  5.393097129839893E-01  6.503800904353352E-03 228048748	   3      -2.00      -1.75  5.393097129839893E-01  6.503800904353352E-03 228048748	   3      -2.00      -1.75  5.170054948144281E-01  6.013372171526146E-03 228048748
   4      -1.75      -1.50  6.277660262434582E-01  5.649629008082893E-03 267175116	   4      -1.75      -1.50  6.277660262434582E-01  5.649629008082893E-03 267175116	   4      -1.75      -1.50  6.029093067512077E-01  5.258120493670291E-03 267175116	   4      -1.75      -1.50  6.029093067512077E-01  5.258120493670291E-03 267175116	   4      -1.75      -1.50  6.540458614726279E-01  6.104665752603424E-03 267175116	   4      -1.75      -1.50  6.540458614726279E-01  6.104665752603424E-03 267175116	   4      -1.75      -1.50  6.277660262434582E-01  5.649629008082893E-03 267175116
   5      -1.50      -1.25  7.070303000663548E-01  8.205815452248256E-03 304787567	   5      -1.50      -1.25  7.070303000663548E-01  8.205815452248256E-03 304787567	   5      -1.50      -1.25  6.805402996627775E-01  7.661754722767793E-03 304787567	   5      -1.50      -1.25  6.805402996627775E-01  7.661754722767793E-03 304787567	   5      -1.50      -1.25  7.347819965349148E-01  8.838298069471551E-03 304787567	   5      -1.50      -1.25  7.347819965349148E-01  8.838298069471551E-03 304787567	   5      -1.50      -1.25  7.070303000663548E-01  8.205815452248256E-03 304787567
   6      -1.25      -1.00  8.121690510001076E-01  6.389773682496429E-03 339075407	   6      -1.25      -1.00  8.121690510001076E-01  6.389773682496429E-03 339075407	   6      -1.25      -1.00  7.823062410862185E-01  5.892788871477726E-03 339075407	   6      -1.25      -1.00  7.823062410862185E-01  5.892788871477726E-03 339075407	   6      -1.25      -1.00  8.433720957611512E-01  6.975884363138182E-03 339075407	   6      -1.25      -1.00  8.433720957611512E-01  6.975884363138182E-03 339075407	   6      -1.25      -1.00  8.121690510001076E-01  6.389773682496429E-03 339075407
   7      -1.00      -0.75  8.808902040029236E-01  6.030528740647069E-03 368485783	   7      -1.00      -0.75  8.808902040029236E-01  6.030528740647069E-03 368485783	   7      -1.00      -0.75  8.495989509212295E-01  5.592907719888469E-03 368485783	   7      -1.00      -0.75  8.495989509212295E-01  5.592907719888469E-03 368485783	   7      -1.00      -0.75  9.133850100092673E-01  6.542638658962424E-03 368485783	   7      -1.00      -0.75  9.133850100092673E-01  6.542638658962424E-03 368485783	   7      -1.00      -0.75  8.808902040029236E-01  6.030528740647069E-03 368485783
   8      -0.75      -0.50  9.446208581615313E-01  6.068778030570659E-03 391828870	   8      -0.75      -0.50  9.446208581615313E-01  6.068778030570659E-03 391828870	   8      -0.75      -0.50  9.111845255545555E-01  5.640236679874180E-03 391828870	   8      -0.75      -0.50  9.111845255545555E-01  5.640236679874180E-03 391828870	   8      -0.75      -0.50  9.793525806857148E-01  6.570997759682961E-03 391828870	   8      -0.75      -0.50  9.793525806857148E-01  6.570997759682961E-03 391828870	   8      -0.75      -0.50  9.446208581615313E-01  6.068778030570659E-03 391828870
   9      -0.50      -0.25  9.855492639343361E-01  9.124959223172921E-03 408113011	   9      -0.50      -0.25  9.855492639343361E-01  9.124959223172921E-03 408113011	   9      -0.50      -0.25  9.513893652992056E-01  8.293888594049866E-03 408113011	   9      -0.50      -0.25  9.513893652992056E-01  8.293888594049866E-03 408113011	   9      -0.50      -0.25  1.020893921893107E+00  1.012183030405913E-02 408113011	   9      -0.50      -0.25  1.020893921893107E+00  1.012183030405913E-02 408113011	   9      -0.50      -0.25  9.855492639343361E-01  9.124959223172921E-03 408113011
  10      -0.25       0.00  9.956780796727905E-01  5.759226904354967E-03 416711729	  10      -0.25       0.00  9.956780796727905E-01  5.759226904354967E-03 416711729	  10      -0.25       0.00  9.614275300657493E-01  5.358058093003716E-03 416711729	  10      -0.25       0.00  9.614275300657493E-01  5.358058093003716E-03 416711729	  10      -0.25       0.00  1.031085643734846E+00  6.226489006891542E-03 416711729	  10      -0.25       0.00  1.031085643734846E+00  6.226489006891542E-03 416711729	  10      -0.25       0.00  9.956780796727905E-01  5.759226904354967E-03 416711729
  11       0.00       0.25  1.004344393657030E+00  6.313899482811937E-03 417194614	  11       0.00       0.25  1.004344393657030E+00  6.313899482811937E-03 417194614	  11       0.00       0.25  9.700162095000043E-01  5.802134261876607E-03 417194614	  11       0.00       0.25  9.700162095000043E-01  5.802134261876607E-03 417194614	  11       0.00       0.25  1.039733069234024E+00  6.922401178827797E-03 417194614	  11       0.00       0.25  1.039733069234024E+00  6.922401178827797E-03 417194614	  11       0.00       0.25  1.004344393657030E+00  6.313899482811937E-03 417194614
  12       0.25       0.50  9.821134492367266E-01  5.807893243164657E-03 409522421	  12       0.25       0.50  9.821134492367266E-01  5.807893243164657E-03 409522421	  12       0.25       0.50  9.482735735456065E-01  5.357051746863933E-03 409522421	  12       0.25       0.50  9.482735735456065E-01  5.357051746863933E-03 409522421	  12       0.25       0.50  1.017072992384716E+00  6.342431692799692E-03 409522421	  12       0.25       0.50  1.017072992384716E+00  6.342431692799692E-03 409522421	  12       0.25       0.50  9.821134492367266E-01  5.807893243164657E-03 409522421
  13       0.50       0.75  9.471317722424414E-01  5.795340007261753E-03 393879135	  13       0.50       0.75  9.471317722424414E-01  5.795340007261753E-03 393879135	  13       0.50       0.75  9.137756036665200E-01  5.349151024091849E-03 393879135	  13       0.50       0.75  9.137756036665200E-01  5.349151024091849E-03 393879135	  13       0.50       0.75  9.817299107693219E-01  6.323396668924269E-03 393879135	  13       0.50       0.75  9.817299107693219E-01  6.323396668924269E-03 393879135	  13       0.50       0.75  9.471317722424414E-01  5.795340007261753E-03 393879135
  14       0.75       1.00  8.813583304070161E-01  5.922666452042528E-03 370886875	  14       0.75       1.00  8.813583304070161E-01  5.922666452042528E-03 370886875	  14       0.75       1.00  8.499929992876285E-01  5.455358460074711E-03 370886875	  14       0.75       1.00  8.499929992876285E-01  5.455358460074711E-03 370886875	  14       0.75       1.00  9.139360783089725E-01  6.478356118191282E-03 370886875	  14       0.75       1.00  9.139360783089725E-01  6.478356118191282E-03 370886875	  14       0.75       1.00  8.813583304070161E-01  5.922666452042528E-03 370886875
  15       1.00       1.25  8.067940460084053E-01  5.595360991722048E-03 341400154	  15       1.00       1.25  8.067940460084053E-01  5.595360991722048E-03 341400154	  15       1.00       1.25  7.774397997641136E-01  5.159991857135314E-03 341400154	  15       1.00       1.25  7.774397997641136E-01  5.159991857135314E-03 341400154	  15       1.00       1.25  8.373869207101065E-01  6.111778174390041E-03 341400154	  15       1.00       1.25  8.373869207101065E-01  6.111778174390041E-03 341400154	  15       1.00       1.25  8.067940460084053E-01  5.595360991722048E-03 341400154
  16       1.25       1.50  7.175196655773708E-01  6.985138337633140E-03 306575575	  16       1.25       1.50  7.175196655773708E-01  6.985138337633140E-03 306575575	  16       1.25       1.50  6.904455987115649E-01  6.491128064253037E-03 306575575	  16       1.25       1.50  6.904455987115649E-01  6.491128064253037E-03 306575575	  16       1.25       1.50  7.459315281225759E-01  7.556970751439158E-03 306575575	  16       1.25       1.50  7.459315281225759E-01  7.556970751439158E-03 306575575	  16       1.25       1.50  7.175196655773708E-01  6.985138337633140E-03 306575575
  17       1.50       1.75  6.081931282015923E-01  1.076594094695344E-02 268050376	  17       1.50       1.75  6.081931282015923E-01  1.076594094695344E-02 268050376	  17       1.50       1.75  5.851625068203306E-01  9.840505998608822E-03 268050376	  17       1.50       1.75  5.851625068203306E-01  9.840505998608822E-03 268050376	  17       1.50       1.75  6.323057690848981E-01  1.185947572117352E-02 268050376	  17       1.50       1.75  6.323057690848981E-01  1.185947572117352E-02 268050376	  17       1.50       1.75  6.081931282015923E-01  1.076594094695344E-02 268050376
  18       1.75       2.00  5.212926940671001E-01  7.376323167267211E-03 227735865	  18       1.75       2.00  5.212926940671001E-01  7.376323167267211E-03 227735865	  18       1.75       2.00  5.003595533500368E-01  6.789926752723292E-03 227735865	  18       1.75       2.00  5.003595533500368E-01  6.789926752723292E-03 227735865	  18       1.75       2.00  5.433883150907087E-01  8.074235274389829E-03 227735865	  18       1.75       2.00  5.433883150907087E-01  8.074235274389829E-03 227735865	  18       1.75       2.00  5.212926940671001E-01  7.376323167267211E-03 227735865
  19       2.00       2.25  4.137100373149973E-01  6.616523962692205E-03 187472215	  19       2.00       2.25  4.137100373149973E-01  6.616523962692205E-03 187472215	  19       2.00       2.25  3.960884360519132E-01  6.113647533560456E-03 187472215	  19       2.00       2.25  3.960884360519132E-01  6.113647533560456E-03 187472215	  19       2.00       2.25  4.325337804839682E-01  7.200684044393914E-03 187472215	  19       2.00       2.25  4.325337804839682E-01  7.200684044393914E-03 187472215	  19       2.00       2.25  4.137100373149973E-01  6.616523962692205E-03 187472215
  20       2.25       2.50  3.245331863814281E-01  4.102353040130348E-03 148728357	  20       2.25       2.50  3.245331863814281E-01  4.102353040130348E-03 148728357	  20       2.25       2.50  3.099898717147093E-01  3.708780438570762E-03 148728357	  20       2.25       2.50  3.099898717147093E-01  3.708780438570762E-03 148728357	  20       2.25       2.50  3.401471020391248E-01  4.579860350156053E-03 148728357	  20       2.25       2.50  3.401471020391248E-01  4.579860350156053E-03 148728357	  20       2.25       2.50  3.245331863814281E-01  4.102353040130348E-03 148728357
# Underflow:                -3.3473474853250350E-03  3.2001023750265293E-04 9571
# Overflow:                 -1.7537699450799901E-02  1.0320633227236956E-03 9590
#-------------------------------------------------------------------------------------	#-------------------------------------------------------------------------------------	#-------------------------------------------------------------------------------------	#-------------------------------------------------------------------------------------	#-------------------------------------------------------------------------------------	#-------------------------------------------------------------------------------------	#-------------------------------------------------------------------------------------
# Sum:                      -8.0187316171521181E-02  1.1241092972766376E-03 187000
#=====================================================================================	#=====================================================================================	#=====================================================================================	#=====================================================================================	#=====================================================================================	#=====================================================================================	#=====================================================================================
