# title = Rapidity Neutrino mu
# xlabel = $y_{\nu_{\mu}}$
# ylabel = $\frac{\text{d}\sigma}{\text{d}y_{\nu_{\mu}}}\,[\text{fb}]$
# xmin= -2.500E+00
# xmax=  2.500E+00
# ymin=  1.000E-04
# ymax=  6.000E-01
# kmin= -2.000E+01
# kmax=  1.000E+01
# logscale = false
# Renormalization and factorization scale scaled by: 1.0000000000
# Renormalization scaled by: 1.0000000000
# Number of generated events: 6885073
#	#	#	#	#	#	#
#=====================================================================================	#=====================================================================================	#=====================================================================================	#=====================================================================================	#=====================================================================================	#=====================================================================================	#=====================================================================================
# No.       Left      Right                   Value                   Error Hits
#-------------------------------------------------------------------------------------	#-------------------------------------------------------------------------------------	#-------------------------------------------------------------------------------------	#-------------------------------------------------------------------------------------	#-------------------------------------------------------------------------------------	#-------------------------------------------------------------------------------------	#-------------------------------------------------------------------------------------
   1      -5.00      -4.90  3.305158314688297E-03  9.436630688370029E-05 1274775	   1      -5.00      -4.90  3.305158314688297E-03  9.436630688370029E-05 1274775	   1      -5.00      -4.90  3.121358383524472E-03  8.694961035115099E-05 1274775	   1      -5.00      -4.90  3.121358383524472E-03  8.694961035115099E-05 1274775	   1      -5.00      -4.90  3.509056116602458E-03  1.030892822849751E-04 1274775	   1      -5.00      -4.90  3.509056116602458E-03  1.030892822849751E-04 1274775	   1      -5.00      -4.90  3.305158314688297E-03  9.436630688370029E-05 1274775
   2      -4.90      -4.80  3.147588811560229E-03  7.022057505214233E-04 1542540	   2      -4.90      -4.80  3.147588811560229E-03  7.022057505214233E-04 1542540	   2      -4.90      -4.80  3.024284419192460E-03  6.346585537784505E-04 1542540	   2      -4.90      -4.80  3.024284419192460E-03  6.346585537784505E-04 1542540	   2      -4.90      -4.80  3.275859544913148E-03  7.841336118402010E-04 1542540	   2      -4.90      -4.80  3.275859544913148E-03  7.841336118402010E-04 1542540	   2      -4.90      -4.80  3.147588811560229E-03  7.022057505214233E-04 1542540
   3      -4.80      -4.70  4.524729584179058E-03  5.122171621707910E-04 1862841	   3      -4.80      -4.70  4.524729584179058E-03  5.122171621707910E-04 1862841	   3      -4.80      -4.70  4.330508961345893E-03  4.365556099616446E-04 1862841	   3      -4.80      -4.70  4.330508961345893E-03  4.365556099616446E-04 1862841	   3      -4.80      -4.70  4.724216935940305E-03  6.112440241903540E-04 1862841	   3      -4.80      -4.70  4.724216935940305E-03  6.112440241903540E-04 1862841	   3      -4.80      -4.70  4.524729584179058E-03  5.122171621707910E-04 1862841
   4      -4.70      -4.60  6.090041956771934E-03  3.103678734351195E-04 2254070	   4      -4.70      -4.60  6.090041956771934E-03  3.103678734351195E-04 2254070	   4      -4.70      -4.60  5.783838266004647E-03  2.782016019418837E-04 2254070	   4      -4.70      -4.60  5.783838266004647E-03  2.782016019418837E-04 2254070	   4      -4.70      -4.60  6.420337638677118E-03  3.500726603768637E-04 2254070	   4      -4.70      -4.60  6.420337638677118E-03  3.500726603768637E-04 2254070	   4      -4.70      -4.60  6.090041956771934E-03  3.103678734351195E-04 2254070
   5      -4.60      -4.50  7.917099589109161E-03  2.622539477961019E-04 2712090	   5      -4.60      -4.50  7.917099589109161E-03  2.622539477961019E-04 2712090	   5      -4.60      -4.50  7.503660725898545E-03  2.375725140071502E-04 2712090	   5      -4.60      -4.50  7.503660725898545E-03  2.375725140071502E-04 2712090	   5      -4.60      -4.50  8.369490007060758E-03  2.926915286255760E-04 2712090	   5      -4.60      -4.50  8.369490007060758E-03  2.926915286255760E-04 2712090	   5      -4.60      -4.50  7.917099589109161E-03  2.622539477961019E-04 2712090
   6      -4.50      -4.40  1.031190040594158E-02  2.350817750060294E-04 3254300	   6      -4.50      -4.40  1.031190040594158E-02  2.350817750060294E-04 3254300	   6      -4.50      -4.40  9.749758184195849E-03  2.132784886179861E-04 3254300	   6      -4.50      -4.40  9.749758184195849E-03  2.132784886179861E-04 3254300	   6      -4.50      -4.40  1.093208455709023E-02  2.617191210460736E-04 3254300	   6      -4.50      -4.40  1.093208455709023E-02  2.617191210460736E-04 3254300	   6      -4.50      -4.40  1.031190040594158E-02  2.350817750060294E-04 3254300
   7      -4.40      -4.30  1.189928307941161E-02  5.353328594980490E-04 3895841	   7      -4.40      -4.30  1.189928307941161E-02  5.353328594980490E-04 3895841	   7      -4.40      -4.30  1.130942876769616E-02  4.732848781054068E-04 3895841	   7      -4.40      -4.30  1.130942876769616E-02  4.732848781054068E-04 3895841	   7      -4.40      -4.30  1.253532730462181E-02  6.138792765703025E-04 3895841	   7      -4.40      -4.30  1.253532730462181E-02  6.138792765703025E-04 3895841	   7      -4.40      -4.30  1.189928307941161E-02  5.353328594980490E-04 3895841
   8      -4.30      -4.20  1.522363384063855E-02  5.765812851688553E-04 4649200	   8      -4.30      -4.20  1.522363384063855E-02  5.765812851688553E-04 4649200	   8      -4.30      -4.20  1.439244487348608E-02  5.390612472949392E-04 4649200	   8      -4.30      -4.20  1.439244487348608E-02  5.390612472949392E-04 4649200	   8      -4.30      -4.20  1.614143774300748E-02  6.196225007235237E-04 4649200	   8      -4.30      -4.20  1.614143774300748E-02  6.196225007235237E-04 4649200	   8      -4.30      -4.20  1.522363384063855E-02  5.765812851688553E-04 4649200
   9      -4.20      -4.10  1.904894559779562E-02  6.064333632839243E-04 5531710	   9      -4.20      -4.10  1.904894559779562E-02  6.064333632839243E-04 5531710	   9      -4.20      -4.10  1.803510507812900E-02  5.650624741801226E-04 5531710	   9      -4.20      -4.10  1.803510507812900E-02  5.650624741801226E-04 5531710	   9      -4.20      -4.10  2.016379252379039E-02  6.544387604313432E-04 5531710	   9      -4.20      -4.10  2.016379252379039E-02  6.544387604313432E-04 5531710	   9      -4.20      -4.10  1.904894559779562E-02  6.064333632839243E-04 5531710
  10      -4.10      -4.00  2.316156351881434E-02  7.810488964721139E-04 6559284	  10      -4.10      -4.00  2.316156351881434E-02  7.810488964721139E-04 6559284	  10      -4.10      -4.00  2.202169733213304E-02  6.983158501428483E-04 6559284	  10      -4.10      -4.00  2.202169733213304E-02  6.983158501428483E-04 6559284	  10      -4.10      -4.00  2.438464430210753E-02  8.877260852833623E-04 6559284	  10      -4.10      -4.00  2.438464430210753E-02  8.877260852833623E-04 6559284	  10      -4.10      -4.00  2.316156351881434E-02  7.810488964721139E-04 6559284
  11      -4.00      -3.90  2.702990984267509E-02  1.142188171466631E-03 7742286	  11      -4.00      -3.90  2.702990984267509E-02  1.142188171466631E-03 7742286	  11      -4.00      -3.90  2.570215717683070E-02  1.039302436129571E-03 7742286	  11      -4.00      -3.90  2.570215717683070E-02  1.039302436129571E-03 7742286	  11      -4.00      -3.90  2.846272401151187E-02  1.269724997433636E-03 7742286	  11      -4.00      -3.90  2.846272401151187E-02  1.269724997433636E-03 7742286	  11      -4.00      -3.90  2.702990984267509E-02  1.142188171466631E-03 7742286
  12      -3.90      -3.80  3.485091712527022E-02  7.972156508687233E-04 9101745	  12      -3.90      -3.80  3.485091712527022E-02  7.972156508687233E-04 9101745	  12      -3.90      -3.80  3.302188861157498E-02  7.418292527199044E-04 9101745	  12      -3.90      -3.80  3.302188861157498E-02  7.418292527199044E-04 9101745	  12      -3.90      -3.80  3.686019315984473E-02  8.617379545749197E-04 9101745	  12      -3.90      -3.80  3.686019315984473E-02  8.617379545749197E-04 9101745	  12      -3.90      -3.80  3.485091712527022E-02  7.972156508687233E-04 9101745
  13      -3.80      -3.70  4.259424857358535E-02  1.840044579048068E-03 10671676	  13      -3.80      -3.70  4.259424857358535E-02  1.840044579048068E-03 10671676	  13      -3.80      -3.70  4.047530016213888E-02  1.675571214734023E-03 10671676	  13      -3.80      -3.70  4.047530016213888E-02  1.675571214734023E-03 10671676	  13      -3.80      -3.70  4.490452425223444E-02  2.034281675979775E-03 10671676	  13      -3.80      -3.70  4.490452425223444E-02  2.034281675979775E-03 10671676	  13      -3.80      -3.70  4.259424857358535E-02  1.840044579048068E-03 10671676
  14      -3.70      -3.60  5.166211034559855E-02  1.674265237075536E-03 12448345	  14      -3.70      -3.60  5.166211034559855E-02  1.674265237075536E-03 12448345	  14      -3.70      -3.60  4.912662972997407E-02  1.519878247655416E-03 12448345	  14      -3.70      -3.60  4.912662972997407E-02  1.519878247655416E-03 12448345	  14      -3.70      -3.60  5.440423000179359E-02  1.864833233868032E-03 12448345	  14      -3.70      -3.60  5.440423000179359E-02  1.864833233868032E-03 12448345	  14      -3.70      -3.60  5.166211034559855E-02  1.674265237075536E-03 12448345
  15      -3.60      -3.50  6.270619416513820E-02  1.460962351119021E-03 14491231	  15      -3.60      -3.50  6.270619416513820E-02  1.460962351119021E-03 14491231	  15      -3.60      -3.50  5.956628586872771E-02  1.339924955258864E-03 14491231	  15      -3.60      -3.50  5.956628586872771E-02  1.339924955258864E-03 14491231	  15      -3.60      -3.50  6.613270176068702E-02  1.606264730045526E-03 14491231	  15      -3.60      -3.50  6.613270176068702E-02  1.606264730045526E-03 14491231	  15      -3.60      -3.50  6.270619416513820E-02  1.460962351119021E-03 14491231
  16      -3.50      -3.40  7.806034825924277E-02  2.829767248226770E-03 16791978	  16      -3.50      -3.40  7.806034825924277E-02  2.829767248226770E-03 16791978	  16      -3.50      -3.40  7.405145185873574E-02  2.688652980105183E-03 16791978	  16      -3.50      -3.40  7.405145185873574E-02  2.688652980105183E-03 16791978	  16      -3.50      -3.40  8.246305775412432E-02  2.986683552880287E-03 16791978	  16      -3.50      -3.40  8.246305775412432E-02  2.986683552880287E-03 16791978	  16      -3.50      -3.40  7.806034825924277E-02  2.829767248226770E-03 16791978
  17      -3.40      -3.30  8.916332847849530E-02  2.085781917789443E-03 19389289	  17      -3.40      -3.30  8.916332847849530E-02  2.085781917789443E-03 19389289	  17      -3.40      -3.30  8.494421000712690E-02  1.897531990001147E-03 19389289	  17      -3.40      -3.30  8.494421000712690E-02  1.897531990001147E-03 19389289	  17      -3.40      -3.30  9.371436680019010E-02  2.312263879361720E-03 19389289	  17      -3.40      -3.30  9.371436680019010E-02  2.312263879361720E-03 19389289	  17      -3.40      -3.30  8.916332847849530E-02  2.085781917789443E-03 19389289
  18      -3.30      -3.20  1.070032972848429E-01  2.541146915544564E-03 22322267	  18      -3.30      -3.20  1.070032972848429E-01  2.541146915544564E-03 22322267	  18      -3.30      -3.20  1.017526425531052E-01  2.367202211542024E-03 22322267	  18      -3.30      -3.20  1.017526425531052E-01  2.367202211542024E-03 22322267	  18      -3.30      -3.20  1.127281763973564E-01  2.743651418722311E-03 22322267	  18      -3.30      -3.20  1.127281763973564E-01  2.743651418722311E-03 22322267	  18      -3.30      -3.20  1.070032972848429E-01  2.541146915544564E-03 22322267
  19      -3.20      -3.10  1.267221972757669E-01  2.895459436186644E-03 25592296	  19      -3.20      -3.10  1.267221972757669E-01  2.895459436186644E-03 25592296	  19      -3.20      -3.10  1.206482640092102E-01  2.681339916161144E-03 25592296	  19      -3.20      -3.10  1.206482640092102E-01  2.681339916161144E-03 25592296	  19      -3.20      -3.10  1.333175944055217E-01  3.144979203497012E-03 25592296	  19      -3.20      -3.10  1.333175944055217E-01  3.144979203497012E-03 25592296	  19      -3.20      -3.10  1.267221972757669E-01  2.895459436186644E-03 25592296
  20      -3.10      -3.00  1.516055659071013E-01  2.830335499365142E-03 29224616	  20      -3.10      -3.00  1.516055659071013E-01  2.830335499365142E-03 29224616	  20      -3.10      -3.00  1.443152313046470E-01  2.597701381840040E-03 29224616	  20      -3.10      -3.00  1.443152313046470E-01  2.597701381840040E-03 29224616	  20      -3.10      -3.00  1.595230621222669E-01  3.105712759884850E-03 29224616	  20      -3.10      -3.00  1.595230621222669E-01  3.105712759884850E-03 29224616	  20      -3.10      -3.00  1.516055659071013E-01  2.830335499365142E-03 29224616
  21      -3.00      -2.90  1.723427530401821E-01  2.972327105719005E-03 33182480	  21      -3.00      -2.90  1.723427530401821E-01  2.972327105719005E-03 33182480	  21      -3.00      -2.90  1.640863152573464E-01  2.770027149216764E-03 33182480	  21      -3.00      -2.90  1.640863152573464E-01  2.770027149216764E-03 33182480	  21      -3.00      -2.90  1.813150421204051E-01  3.210827824627073E-03 33182480	  21      -3.00      -2.90  1.813150421204051E-01  3.210827824627073E-03 33182480	  21      -3.00      -2.90  1.723427530401821E-01  2.972327105719005E-03 33182480
  22      -2.90      -2.80  1.956679467003570E-01  3.300739101201521E-03 37488609	  22      -2.90      -2.80  1.956679467003570E-01  3.300739101201521E-03 37488609	  22      -2.90      -2.80  1.864964512725814E-01  3.064173075672164E-03 37488609	  22      -2.90      -2.80  1.864964512725814E-01  3.064173075672164E-03 37488609	  22      -2.90      -2.80  2.056131514157281E-01  3.575799997218424E-03 37488609	  22      -2.90      -2.80  2.056131514157281E-01  3.575799997218424E-03 37488609	  22      -2.90      -2.80  1.956679467003570E-01  3.300739101201521E-03 37488609
  23      -2.80      -2.70  2.269131341912083E-01  2.845621104126788E-03 42094119	  23      -2.80      -2.70  2.269131341912083E-01  2.845621104126788E-03 42094119	  23      -2.80      -2.70  2.165169197902916E-01  2.609081719222345E-03 42094119	  23      -2.80      -2.70  2.165169197902916E-01  2.609081719222345E-03 42094119	  23      -2.80      -2.70  2.381383112121634E-01  3.129848657335301E-03 42094119	  23      -2.80      -2.70  2.381383112121634E-01  3.129848657335301E-03 42094119	  23      -2.80      -2.70  2.269131341912083E-01  2.845621104126788E-03 42094119
  24      -2.70      -2.60  2.502710488787301E-01  4.813964615652253E-03 47006133	  24      -2.70      -2.60  2.502710488787301E-01  4.813964615652253E-03 47006133	  24      -2.70      -2.60  2.393698416585480E-01  4.365118059620436E-03 47006133	  24      -2.70      -2.60  2.393698416585480E-01  4.365118059620436E-03 47006133	  24      -2.70      -2.60  2.619242276541939E-01  5.354442008311034E-03 47006133	  24      -2.70      -2.60  2.619242276541939E-01  5.354442008311034E-03 47006133	  24      -2.70      -2.60  2.502710488787301E-01  4.813964615652253E-03 47006133
  25      -2.60      -2.50  2.775441600223483E-01  8.107237363280896E-03 52139845	  25      -2.60      -2.50  2.775441600223483E-01  8.107237363280896E-03 52139845	  25      -2.60      -2.50  2.651909026139869E-01  7.636133324865357E-03 52139845	  25      -2.60      -2.50  2.651909026139869E-01  7.636133324865357E-03 52139845	  25      -2.60      -2.50  2.908481439498197E-01  8.637683893332479E-03 52139845	  25      -2.60      -2.50  2.908481439498197E-01  8.637683893332479E-03 52139845	  25      -2.60      -2.50  2.775441600223483E-01  8.107237363280896E-03 52139845
  26      -2.50      -2.40  3.094176070911449E-01  8.143043867473696E-03 57559817	  26      -2.50      -2.40  3.094176070911449E-01  8.143043867473696E-03 57559817	  26      -2.50      -2.40  2.961883012424343E-01  7.551212485142175E-03 57559817	  26      -2.50      -2.40  2.961883012424343E-01  7.551212485142175E-03 57559817	  26      -2.50      -2.40  3.235302325835107E-01  8.840803978311393E-03 57559817	  26      -2.50      -2.40  3.235302325835107E-01  8.840803978311393E-03 57559817	  26      -2.50      -2.40  3.094176070911449E-01  8.143043867473696E-03 57559817
  27      -2.40      -2.30  3.550956272145354E-01  5.601190243988167E-03 63171702	  27      -2.40      -2.30  3.550956272145354E-01  5.601190243988167E-03 63171702	  27      -2.40      -2.30  3.395811624698230E-01  5.062346143747297E-03 63171702	  27      -2.40      -2.30  3.395811624698230E-01  5.062346143747297E-03 63171702	  27      -2.40      -2.30  3.717801673006753E-01  6.257804228491591E-03 63171702	  27      -2.40      -2.30  3.717801673006753E-01  6.257804228491591E-03 63171702	  27      -2.40      -2.30  3.550956272145354E-01  5.601190243988167E-03 63171702
  28      -2.30      -2.20  3.828866069597318E-01  6.976026084909649E-03 68940207	  28      -2.30      -2.20  3.828866069597318E-01  6.976026084909649E-03 68940207	  28      -2.30      -2.20  3.669505260663175E-01  6.313516714534329E-03 68940207	  28      -2.30      -2.20  3.669505260663175E-01  6.313516714534329E-03 68940207	  28      -2.30      -2.20  3.998359012834325E-01  7.774484137209199E-03 68940207	  28      -2.30      -2.20  3.998359012834325E-01  7.774484137209199E-03 68940207	  28      -2.30      -2.20  3.828866069597318E-01  6.976026084909649E-03 68940207
  29      -2.20      -2.10  4.363151307234036E-01  4.603518988998730E-03 74875088	  29      -2.20      -2.10  4.363151307234036E-01  4.603518988998730E-03 74875088	  29      -2.20      -2.10  4.177021804466168E-01  4.234809180842753E-03 74875088	  29      -2.20      -2.10  4.177021804466168E-01  4.234809180842753E-03 74875088	  29      -2.20      -2.10  4.562362025081856E-01  5.042350922539478E-03 74875088	  29      -2.20      -2.10  4.562362025081856E-01  5.042350922539478E-03 74875088	  29      -2.20      -2.10  4.363151307234036E-01  4.603518988998730E-03 74875088
  30      -2.10      -2.00  4.325028495190299E-01  9.569789197246827E-03 80906484	  30      -2.10      -2.00  4.325028495190299E-01  9.569789197246827E-03 80906484	  30      -2.10      -2.00  4.155433497267537E-01  8.890914505683726E-03 80906484	  30      -2.10      -2.00  4.155433497267537E-01  8.890914505683726E-03 80906484	  30      -2.10      -2.00  4.503516544001073E-01  1.037032940611011E-02 80906484	  30      -2.10      -2.00  4.503516544001073E-01  1.037032940611011E-02 80906484	  30      -2.10      -2.00  4.325028495190299E-01  9.569789197246827E-03 80906484
  31      -2.00      -1.90  4.854733377992809E-01  1.074641664741488E-02 87002819	  31      -2.00      -1.90  4.854733377992809E-01  1.074641664741488E-02 87002819	  31      -2.00      -1.90  4.660985074977055E-01  9.931030998930831E-03 87002819	  31      -2.00      -1.90  4.660985074977055E-01  9.931030998930831E-03 87002819	  31      -2.00      -1.90  5.059708595384800E-01  1.170032334791202E-02 87002819	  31      -2.00      -1.90  5.059708595384800E-01  1.170032334791202E-02 87002819	  31      -2.00      -1.90  4.854733377992809E-01  1.074641664741488E-02 87002819
  32      -1.90      -1.80  5.258668642619571E-01  7.368904466283393E-03 93100764	  32      -1.90      -1.80  5.258668642619571E-01  7.368904466283393E-03 93100764	  32      -1.90      -1.80  5.052442204076154E-01  6.773305688014128E-03 93100764	  32      -1.90      -1.80  5.052442204076154E-01  6.773305688014128E-03 93100764	  32      -1.90      -1.80  5.475831768976310E-01  8.081944615096398E-03 93100764	  32      -1.90      -1.80  5.475831768976310E-01  8.081944615096398E-03 93100764	  32      -1.90      -1.80  5.258668642619571E-01  7.368904466283393E-03 93100764
  33      -1.80      -1.70  5.671194440999126E-01  7.320203968244020E-03 99197263	  33      -1.80      -1.70  5.671194440999126E-01  7.320203968244020E-03 99197263	  33      -1.80      -1.70  5.448391642914062E-01  6.766254536744245E-03 99197263	  33      -1.80      -1.70  5.448391642914062E-01  6.766254536744245E-03 99197263	  33      -1.80      -1.70  5.906650509033851E-01  7.968693601497288E-03 99197263	  33      -1.80      -1.70  5.906650509033851E-01  7.968693601497288E-03 99197263	  33      -1.80      -1.70  5.671194440999126E-01  7.320203968244020E-03 99197263
  34      -1.70      -1.60  6.001854048171309E-01  8.620275468764305E-03 105252072	  34      -1.70      -1.60  6.001854048171309E-01  8.620275468764305E-03 105252072	  34      -1.70      -1.60  5.769678335286962E-01  7.889396176827391E-03 105252072	  34      -1.70      -1.60  5.769678335286962E-01  7.889396176827391E-03 105252072	  34      -1.70      -1.60  6.246336317998967E-01  9.486425243475729E-03 105252072	  34      -1.70      -1.60  6.246336317998967E-01  9.486425243475729E-03 105252072	  34      -1.70      -1.60  6.001854048171309E-01  8.620275468764305E-03 105252072
  35      -1.60      -1.50  6.395844910996396E-01  9.099776172302967E-03 111219089	  35      -1.60      -1.50  6.395844910996396E-01  9.099776172302967E-03 111219089	  35      -1.60      -1.50  6.150978906064288E-01  8.350337625510247E-03 111219089	  35      -1.60      -1.50  6.150978906064288E-01  8.350337625510247E-03 111219089	  35      -1.60      -1.50  6.653522064927587E-01  9.991936394098407E-03 111219089	  35      -1.60      -1.50  6.653522064927587E-01  9.991936394098407E-03 111219089	  35      -1.60      -1.50  6.395844910996396E-01  9.099776172302967E-03 111219089
  36      -1.50      -1.40  6.613507983948128E-01  1.398311588695836E-02 117008033	  36      -1.50      -1.40  6.613507983948128E-01  1.398311588695836E-02 117008033	  36      -1.50      -1.40  6.368931909494840E-01  1.289359391731824E-02 117008033	  36      -1.50      -1.40  6.368931909494840E-01  1.289359391731824E-02 117008033	  36      -1.50      -1.40  6.868954230575107E-01  1.526495601836060E-02 117008033	  36      -1.50      -1.40  6.868954230575107E-01  1.526495601836060E-02 117008033	  36      -1.50      -1.40  6.613507983948128E-01  1.398311588695836E-02 117008033
  37      -1.40      -1.30  6.994319020248014E-01  1.342598909244635E-02 122659383	  37      -1.40      -1.30  6.994319020248014E-01  1.342598909244635E-02 122659383	  37      -1.40      -1.30  6.733463452514911E-01  1.250957713313054E-02 122659383	  37      -1.40      -1.30  6.733463452514911E-01  1.250957713313054E-02 122659383	  37      -1.40      -1.30  7.267498719834172E-01  1.448032119427302E-02 122659383	  37      -1.40      -1.30  7.267498719834172E-01  1.448032119427302E-02 122659383	  37      -1.40      -1.30  6.994319020248014E-01  1.342598909244635E-02 122659383
  38      -1.30      -1.20  7.057265089639809E-01  2.158818230666877E-02 128044060	  38      -1.30      -1.20  7.057265089639809E-01  2.158818230666877E-02 128044060	  38      -1.30      -1.20  6.813356299467759E-01  1.947932521924532E-02 128044060	  38      -1.30      -1.20  6.813356299467759E-01  1.947932521924532E-02 128044060	  38      -1.30      -1.20  7.308278669958038E-01  2.412449680146519E-02 128044060	  38      -1.30      -1.20  7.308278669958038E-01  2.412449680146519E-02 128044060	  38      -1.30      -1.20  7.057265089639809E-01  2.158818230666877E-02 128044060
  39      -1.20      -1.10  7.725126091695499E-01  8.214614015121056E-03 133219109	  39      -1.20      -1.10  7.725126091695499E-01  8.214614015121056E-03 133219109	  39      -1.20      -1.10  7.437917606726213E-01  7.587871462292596E-03 133219109	  39      -1.20      -1.10  7.437917606726213E-01  7.587871462292596E-03 133219109	  39      -1.20      -1.10  8.025780326690021E-01  8.961906061783882E-03 133219109	  39      -1.20      -1.10  8.025780326690021E-01  8.961906061783882E-03 133219109	  39      -1.20      -1.10  7.725126091695499E-01  8.214614015121056E-03 133219109
  40      -1.10      -1.00  7.951889117857521E-01  8.651276755572921E-03 138100771	  40      -1.10      -1.00  7.951889117857521E-01  8.651276755572921E-03 138100771	  40      -1.10      -1.00  7.662558355026937E-01  7.962804552333030E-03 138100771	  40      -1.10      -1.00  7.662558355026937E-01  7.962804552333030E-03 138100771	  40      -1.10      -1.00  8.253542083982748E-01  9.475030637828641E-03 138100771	  40      -1.10      -1.00  8.253542083982748E-01  9.475030637828641E-03 138100771	  40      -1.10      -1.00  7.951889117857521E-01  8.651276755572921E-03 138100771
  41      -1.00      -0.90  8.283703603152391E-01  8.298302012445007E-03 142651059	  41      -1.00      -0.90  8.283703603152391E-01  8.298302012445007E-03 142651059	  41      -1.00      -0.90  7.976487923029045E-01  7.779017316263966E-03 142651059	  41      -1.00      -0.90  7.976487923029045E-01  7.779017316263966E-03 142651059	  41      -1.00      -0.90  8.605844743759878E-01  8.892854044383277E-03 142651059	  41      -1.00      -0.90  8.605844743759878E-01  8.892854044383277E-03 142651059	  41      -1.00      -0.90  8.283703603152391E-01  8.298302012445007E-03 142651059
  42      -0.90      -0.80  8.482133450498083E-01  8.341340776128523E-03 146858076	  42      -0.90      -0.80  8.482133450498083E-01  8.341340776128523E-03 146858076	  42      -0.90      -0.80  8.174412213558088E-01  7.759717453689059E-03 146858076	  42      -0.90      -0.80  8.174412213558088E-01  7.759717453689059E-03 146858076	  42      -0.90      -0.80  8.803308930335061E-01  9.019918191525646E-03 146858076	  42      -0.90      -0.80  8.803308930335061E-01  9.019918191525646E-03 146858076	  42      -0.90      -0.80  8.482133450498083E-01  8.341340776128523E-03 146858076
  43      -0.80      -0.70  8.667627810183243E-01  9.444110376133831E-03 150645061	  43      -0.80      -0.70  8.667627810183243E-01  9.444110376133831E-03 150645061	  43      -0.80      -0.70  8.357881499459632E-01  8.759113700904051E-03 150645061	  43      -0.80      -0.70  8.357881499459632E-01  8.759113700904051E-03 150645061	  43      -0.80      -0.70  8.989429904800285E-01  1.024785169950456E-02 150645061	  43      -0.80      -0.70  8.989429904800285E-01  1.024785169950456E-02 150645061	  43      -0.80      -0.70  8.667627810183243E-01  9.444110376133831E-03 150645061
  44      -0.70      -0.60  8.695734009147500E-01  1.444020336542219E-02 154043804	  44      -0.70      -0.60  8.695734009147500E-01  1.444020336542219E-02 154043804	  44      -0.70      -0.60  8.387650742385221E-01  1.365919601863159E-02 154043804	  44      -0.70      -0.60  8.387650742385221E-01  1.365919601863159E-02 154043804	  44      -0.70      -0.60  9.016102314331605E-01  1.530987233077332E-02 154043804	  44      -0.70      -0.60  9.016102314331605E-01  1.530987233077332E-02 154043804	  44      -0.70      -0.60  8.695734009147500E-01  1.444020336542219E-02 154043804
  45      -0.60      -0.50  8.995376464291998E-01  1.167754363291198E-02 157017199	  45      -0.60      -0.50  8.995376464291998E-01  1.167754363291198E-02 157017199	  45      -0.60      -0.50  8.677222458530646E-01  1.083856901849061E-02 157017199	  45      -0.60      -0.50  8.677222458530646E-01  1.083856901849061E-02 157017199	  45      -0.60      -0.50  9.325800832969442E-01  1.265081357116986E-02 157017199	  45      -0.60      -0.50  9.325800832969442E-01  1.265081357116986E-02 157017199	  45      -0.60      -0.50  8.995376464291998E-01  1.167754363291198E-02 157017199
  46      -0.50      -0.40  9.242806291922298E-01  8.749180532136983E-03 159529547	  46      -0.50      -0.40  9.242806291922298E-01  8.749180532136983E-03 159529547	  46      -0.50      -0.40  8.913001333277660E-01  8.102640456124629E-03 159529547	  46      -0.50      -0.40  8.913001333277660E-01  8.102640456124629E-03 159529547	  46      -0.50      -0.40  9.586104841436350E-01  9.504660289658387E-03 159529547	  46      -0.50      -0.40  9.586104841436350E-01  9.504660289658387E-03 159529547	  46      -0.50      -0.40  9.242806291922298E-01  8.749180532136983E-03 159529547
  47      -0.40      -0.30  9.262209309286924E-01  8.882399420163343E-03 161565521	  47      -0.40      -0.30  9.262209309286924E-01  8.882399420163343E-03 161565521	  47      -0.40      -0.30  8.940271479993860E-01  8.158148319382327E-03 161565521	  47      -0.40      -0.30  8.940271479993860E-01  8.158148319382327E-03 161565521	  47      -0.40      -0.30  9.594773124234309E-01  9.761481350334375E-03 161565521	  47      -0.40      -0.30  9.594773124234309E-01  9.761481350334375E-03 161565521	  47      -0.40      -0.30  9.262209309286924E-01  8.882399420163343E-03 161565521
  48      -0.30      -0.20  9.358284070465249E-01  9.324524222420543E-03 163130731	  48      -0.30      -0.20  9.358284070465249E-01  9.324524222420543E-03 163130731	  48      -0.30      -0.20  9.030537288211737E-01  8.637299300381516E-03 163130731	  48      -0.30      -0.20  9.030537288211737E-01  8.637299300381516E-03 163130731	  48      -0.30      -0.20  9.697946782053848E-01  1.013382847200808E-02 163130731	  48      -0.30      -0.20  9.697946782053848E-01  1.013382847200808E-02 163130731	  48      -0.30      -0.20  9.358284070465249E-01  9.324524222420543E-03 163130731
  49      -0.20      -0.10  9.454119200272640E-01  9.562661866410449E-03 164199560	  49      -0.20      -0.10  9.454119200272640E-01  9.562661866410449E-03 164199560	  49      -0.20      -0.10  9.124902489157513E-01  8.807014834631220E-03 164199560	  49      -0.20      -0.10  9.124902489157513E-01  8.807014834631220E-03 164199560	  49      -0.20      -0.10  9.795152102370994E-01  1.045194337051315E-02 164199560	  49      -0.20      -0.10  9.795152102370994E-01  1.045194337051315E-02 164199560	  49      -0.20      -0.10  9.454119200272640E-01  9.562661866410449E-03 164199560
  50      -0.10       0.00  9.531846667419265E-01  9.109904192263823E-03 164744644	  50      -0.10       0.00  9.531846667419265E-01  9.109904192263823E-03 164744644	  50      -0.10       0.00  9.197703720230809E-01  8.469317724770945E-03 164744644	  50      -0.10       0.00  9.197703720230809E-01  8.469317724770945E-03 164744644	  50      -0.10       0.00  9.878222302834047E-01  9.856314614381410E-03 164744644	  50      -0.10       0.00  9.878222302834047E-01  9.856314614381410E-03 164744644	  50      -0.10       0.00  9.531846667419265E-01  9.109904192263823E-03 164744644
  51       0.00       0.10  9.569255461072275E-01  8.678637201281883E-03 164782931	  51       0.00       0.10  9.569255461072275E-01  8.678637201281883E-03 164782931	  51       0.00       0.10  9.233628938057766E-01  7.994403711459699E-03 164782931	  51       0.00       0.10  9.233628938057766E-01  7.994403711459699E-03 164782931	  51       0.00       0.10  9.917357307001682E-01  9.485060995106232E-03 164782931	  51       0.00       0.10  9.917357307001682E-01  9.485060995106232E-03 164782931	  51       0.00       0.10  9.569255461072275E-01  8.678637201281883E-03 164782931
  52       0.10       0.20  9.568340638464848E-01  9.674667212291207E-03 164322026	  52       0.10       0.20  9.568340638464848E-01  9.674667212291207E-03 164322026	  52       0.10       0.20  9.230545803401191E-01  8.894968993108666E-03 164322026	  52       0.10       0.20  9.230545803401191E-01  8.894968993108666E-03 164322026	  52       0.10       0.20  9.919119129460849E-01  1.059578088661568E-02 164322026	  52       0.10       0.20  9.919119129460849E-01  1.059578088661568E-02 164322026	  52       0.10       0.20  9.568340638464848E-01  9.674667212291207E-03 164322026
  53       0.20       0.30  9.352278252893194E-01  8.759048034900274E-03 163332776	  53       0.20       0.30  9.352278252893194E-01  8.759048034900274E-03 163332776	  53       0.20       0.30  9.027475346421625E-01  8.132912820748163E-03 163332776	  53       0.20       0.30  9.027475346421625E-01  8.132912820748163E-03 163332776	  53       0.20       0.30  9.688103561039765E-01  9.496962348964801E-03 163332776	  53       0.20       0.30  9.688103561039765E-01  9.496962348964801E-03 163332776	  53       0.20       0.30  9.352278252893194E-01  8.759048034900274E-03 163332776
  54       0.30       0.40  9.276392581753600E-01  8.320177198155034E-03 161874921	  54       0.30       0.40  9.276392581753600E-01  8.320177198155034E-03 161874921	  54       0.30       0.40  8.954292170912411E-01  7.662060892243267E-03 161874921	  54       0.30       0.40  8.954292170912411E-01  7.662060892243267E-03 161874921	  54       0.30       0.40  9.609226169996488E-01  9.111947182155633E-03 161874921	  54       0.30       0.40  9.609226169996488E-01  9.111947182155633E-03 161874921	  54       0.30       0.40  9.276392581753600E-01  8.320177198155034E-03 161874921
  55       0.40       0.50  9.127468077680673E-01  9.586842925451707E-03 159869319	  55       0.40       0.50  9.127468077680673E-01  9.586842925451707E-03 159869319	  55       0.40       0.50  8.809411908003143E-01  8.932570786064681E-03 159869319	  55       0.40       0.50  8.809411908003143E-01  8.932570786064681E-03 159869319	  55       0.40       0.50  9.456457966897917E-01  1.034751231300382E-02 159869319	  55       0.40       0.50  9.456457966897917E-01  1.034751231300382E-02 159869319	  55       0.40       0.50  9.127468077680673E-01  9.586842925451707E-03 159869319
  56       0.50       0.60  9.184021151677405E-01  7.324757016687226E-03 157410413	  56       0.50       0.60  9.184021151677405E-01  7.324757016687226E-03 157410413	  56       0.50       0.60  8.853736906369101E-01  6.774623370004926E-03 157410413	  56       0.50       0.60  8.853736906369101E-01  6.774623370004926E-03 157410413	  56       0.50       0.60  9.528230640991253E-01  7.977238860334909E-03 157410413	  56       0.50       0.60  9.528230640991253E-01  7.977238860334909E-03 157410413	  56       0.50       0.60  9.184021151677405E-01  7.324757016687226E-03 157410413
  57       0.60       0.70  9.068174386344315E-01  7.180216836244272E-03 154484137	  57       0.60       0.70  9.068174386344315E-01  7.180216836244272E-03 154484137	  57       0.60       0.70  8.736960420635145E-01  6.687009869599919E-03 154484137	  57       0.60       0.70  8.736960420635145E-01  6.687009869599919E-03 154484137	  57       0.60       0.70  9.414492493225231E-01  7.751478461838423E-03 154484137	  57       0.60       0.70  9.414492493225231E-01  7.751478461838423E-03 154484137	  57       0.60       0.70  9.068174386344315E-01  7.180216836244272E-03 154484137
  58       0.70       0.80  8.880557788577167E-01  7.481384807074450E-03 151086685	  58       0.70       0.80  8.880557788577167E-01  7.481384807074450E-03 151086685	  58       0.70       0.80  8.554815856175735E-01  6.976682359277187E-03 151086685	  58       0.70       0.80  8.554815856175735E-01  6.976682359277187E-03 151086685	  58       0.70       0.80  9.221518536768846E-01  8.065795566069353E-03 151086685	  58       0.70       0.80  9.221518536768846E-01  8.065795566069353E-03 151086685	  58       0.70       0.80  8.880557788577167E-01  7.481384807074450E-03 151086685
  59       0.80       0.90  8.445153521558958E-01  1.205453701726119E-02 147312021	  59       0.80       0.90  8.445153521558958E-01  1.205453701726119E-02 147312021	  59       0.80       0.90  8.142070474670173E-01  1.125157402953643E-02 147312021	  59       0.80       0.90  8.142070474670173E-01  1.125157402953643E-02 147312021	  59       0.80       0.90  8.760489268296062E-01  1.297887005022711E-02 147312021	  59       0.80       0.90  8.760489268296062E-01  1.297887005022711E-02 147312021	  59       0.80       0.90  8.445153521558958E-01  1.205453701726119E-02 147312021
  60       0.90       1.00  8.267543587148263E-01  8.433358112328005E-03 143055947	  60       0.90       1.00  8.267543587148263E-01  8.433358112328005E-03 143055947	  60       0.90       1.00  7.966002369586651E-01  7.775954959105563E-03 143055947	  60       0.90       1.00  7.966002369586651E-01  7.775954959105563E-03 143055947	  60       0.90       1.00  8.581843451244866E-01  9.219841172108783E-03 143055947	  60       0.90       1.00  8.581843451244866E-01  9.219841172108783E-03 143055947	  60       0.90       1.00  8.267543587148263E-01  8.433358112328005E-03 143055947
  61       1.00       1.10  7.985508196028537E-01  7.511442901908943E-03 138467876	  61       1.00       1.10  7.985508196028537E-01  7.511442901908943E-03 138467876	  61       1.00       1.10  7.695133557665350E-01  6.944840846876531E-03 138467876	  61       1.00       1.10  7.695133557665350E-01  6.944840846876531E-03 138467876	  61       1.00       1.10  8.288160153395643E-01  8.182630455955135E-03 138467876	  61       1.00       1.10  8.288160153395643E-01  8.182630455955135E-03 138467876	  61       1.00       1.10  7.985508196028537E-01  7.511442901908943E-03 138467876
  62       1.10       1.20  7.867247774125047E-01  8.413026742582408E-03 133531655	  62       1.10       1.20  7.867247774125047E-01  8.413026742582408E-03 133531655	  62       1.10       1.20  7.569837965615990E-01  7.790466310949398E-03 133531655	  62       1.10       1.20  7.569837965615990E-01  7.790466310949398E-03 133531655	  62       1.10       1.20  8.179859620268884E-01  9.141812111681687E-03 133531655	  62       1.10       1.20  8.179859620268884E-01  9.141812111681687E-03 133531655	  62       1.10       1.20  7.867247774125047E-01  8.413026742582408E-03 133531655
  63       1.20       1.30  7.322660688445982E-01  8.443285845111370E-03 128277297	  63       1.20       1.30  7.322660688445982E-01  8.443285845111370E-03 128277297	  63       1.20       1.30  7.051649380974647E-01  7.793783913916405E-03 128277297	  63       1.20       1.30  7.051649380974647E-01  7.793783913916405E-03 128277297	  63       1.20       1.30  7.605890303667069E-01  9.222383690586162E-03 128277297	  63       1.20       1.30  7.605890303667069E-01  9.222383690586162E-03 128277297	  63       1.20       1.30  7.322660688445982E-01  8.443285845111370E-03 128277297
  64       1.30       1.40  7.134067978067290E-01  7.939786014133851E-03 122756640	  64       1.30       1.40  7.134067978067290E-01  7.939786014133851E-03 122756640	  64       1.30       1.40  6.866975828037970E-01  7.220422888241531E-03 122756640	  64       1.30       1.40  6.866975828037970E-01  7.220422888241531E-03 122756640	  64       1.30       1.40  7.413775565521127E-01  8.809941619101007E-03 122756640	  64       1.30       1.40  7.413775565521127E-01  8.809941619101007E-03 122756640	  64       1.30       1.40  7.134067978067290E-01  7.939786014133851E-03 122756640
  65       1.40       1.50  6.707133027943831E-01  8.173643136663350E-03 116987142	  65       1.40       1.50  6.707133027943831E-01  8.173643136663350E-03 116987142	  65       1.40       1.50  6.454006830142337E-01  7.479193111493066E-03 116987142	  65       1.40       1.50  6.454006830142337E-01  7.479193111493066E-03 116987142	  65       1.40       1.50  6.972617361750491E-01  9.004632539821528E-03 116987142	  65       1.40       1.50  6.972617361750491E-01  9.004632539821528E-03 116987142	  65       1.40       1.50  6.707133027943831E-01  8.173643136663350E-03 116987142
  66       1.50       1.60  6.314672719375488E-01  9.671354310366779E-03 111044818	  66       1.50       1.60  6.314672719375488E-01  9.671354310366779E-03 111044818	  66       1.50       1.60  6.077874137455161E-01  8.798805459566721E-03 111044818	  66       1.50       1.60  6.077874137455161E-01  8.798805459566721E-03 111044818	  66       1.50       1.60  6.562444441000241E-01  1.072424821041246E-02 111044818	  66       1.50       1.60  6.562444441000241E-01  1.072424821041246E-02 111044818	  66       1.50       1.60  6.314672719375488E-01  9.671354310366779E-03 111044818
  67       1.60       1.70  5.739627854758922E-01  1.623124741444916E-02 104946638	  67       1.60       1.70  5.739627854758922E-01  1.623124741444916E-02 104946638	  67       1.60       1.70  5.526653191804285E-01  1.499233692781184E-02 104946638	  67       1.60       1.70  5.526653191804285E-01  1.499233692781184E-02 104946638	  67       1.60       1.70  5.962029977543305E-01  1.767101831266354E-02 104946638	  67       1.60       1.70  5.962029977543305E-01  1.767101831266354E-02 104946638	  67       1.60       1.70  5.739627854758922E-01  1.623124741444916E-02 104946638
  68       1.70       1.80  5.577515468648315E-01  8.219852150846956E-03 98762997	  68       1.70       1.80  5.577515468648315E-01  8.219852150846956E-03 98762997	  68       1.70       1.80  5.360968983802010E-01  7.524006564822668E-03 98762997	  68       1.70       1.80  5.360968983802010E-01  7.524006564822668E-03 98762997	  68       1.70       1.80  5.805701353731284E-01  9.049958176548106E-03 98762997	  68       1.70       1.80  5.805701353731284E-01  9.049958176548106E-03 98762997	  68       1.70       1.80  5.577515468648315E-01  8.219852150846956E-03 98762997
  69       1.80       1.90  5.402291940736468E-01  5.748192085383780E-03 92502556	  69       1.80       1.90  5.402291940736468E-01  5.748192085383780E-03 92502556	  69       1.80       1.90  5.181565562100899E-01  5.318099125731001E-03 92502556	  69       1.80       1.90  5.181565562100899E-01  5.318099125731001E-03 92502556	  69       1.80       1.90  5.637128641275247E-01  6.256885582580257E-03 92502556	  69       1.80       1.90  5.637128641275247E-01  6.256885582580257E-03 92502556	  69       1.80       1.90  5.402291940736468E-01  5.748192085383780E-03 92502556
  70       1.90       2.00  4.942274183403993E-01  6.431666096484112E-03 86220228	  70       1.90       2.00  4.942274183403993E-01  6.431666096484112E-03 86220228	  70       1.90       2.00  4.742284546297555E-01  5.953776508091959E-03 86220228	  70       1.90       2.00  4.742284546297555E-01  5.953776508091959E-03 86220228	  70       1.90       2.00  5.154351842862686E-01  6.992782154189801E-03 86220228	  70       1.90       2.00  5.154351842862686E-01  6.992782154189801E-03 86220228	  70       1.90       2.00  4.942274183403993E-01  6.431666096484112E-03 86220228
  71       2.00       2.10  4.661160697346985E-01  8.012018472779917E-03 79964833	  71       2.00       2.10  4.661160697346985E-01  8.012018472779917E-03 79964833	  71       2.00       2.10  4.467478065864781E-01  7.172666803327378E-03 79964833	  71       2.00       2.10  4.467478065864781E-01  7.172666803327378E-03 79964833	  71       2.00       2.10  4.867496434067590E-01  9.039710894838040E-03 79964833	  71       2.00       2.10  4.867496434067590E-01  9.039710894838040E-03 79964833	  71       2.00       2.10  4.661160697346985E-01  8.012018472779917E-03 79964833
  72       2.10       2.20  4.268245065239112E-01  6.591468490964314E-03 73806478	  72       2.10       2.20  4.268245065239112E-01  6.591468490964314E-03 73806478	  72       2.10       2.20  4.087892378292066E-01  6.046798993409290E-03 73806478	  72       2.10       2.20  4.087892378292066E-01  6.046798993409290E-03 73806478	  72       2.10       2.20  4.461002670195800E-01  7.236308839288620E-03 73806478	  72       2.10       2.20  4.461002670195800E-01  7.236308839288620E-03 73806478	  72       2.10       2.20  4.268245065239112E-01  6.591468490964314E-03 73806478
  73       2.20       2.30  3.573278911707524E-01  2.371795578805414E-02 67735322	  73       2.20       2.30  3.573278911707524E-01  2.371795578805414E-02 67735322	  73       2.20       2.30  3.439561882176064E-01  2.162018182108181E-02 67735322	  73       2.20       2.30  3.439561882176064E-01  2.162018182108181E-02 67735322	  73       2.20       2.30  3.711859384968899E-01  2.619854520234865E-02 67735322	  73       2.20       2.30  3.711859384968899E-01  2.619854520234865E-02 67735322	  73       2.20       2.30  3.573278911707524E-01  2.371795578805414E-02 67735322
  74       2.30       2.40  3.335428090276756E-01  9.006780436880168E-03 61824794	  74       2.30       2.40  3.335428090276756E-01  9.006780436880168E-03 61824794	  74       2.30       2.40  3.197918998358905E-01  8.246018359913154E-03 61824794	  74       2.30       2.40  3.197918998358905E-01  8.246018359913154E-03 61824794	  74       2.30       2.40  3.481339289748392E-01  9.908063782257417E-03 61824794	  74       2.30       2.40  3.481339289748392E-01  9.908063782257417E-03 61824794	  74       2.30       2.40  3.335428090276756E-01  9.006780436880168E-03 61824794
  75       2.40       2.50  2.942552903435736E-01  1.463334018197651E-02 56107536	  75       2.40       2.50  2.942552903435736E-01  1.463334018197651E-02 56107536	  75       2.40       2.50  2.821555152446047E-01  1.366494722357364E-02 56107536	  75       2.40       2.50  2.821555152446047E-01  1.366494722357364E-02 56107536	  75       2.40       2.50  3.070455911009290E-01  1.574206158618674E-02 56107536	  75       2.40       2.50  3.070455911009290E-01  1.574206158618674E-02 56107536	  75       2.40       2.50  2.942552903435736E-01  1.463334018197651E-02 56107536
  76       2.50       2.60  2.807091165455547E-01  6.516332008204583E-03 50601739	  76       2.50       2.60  2.807091165455547E-01  6.516332008204583E-03 50601739	  76       2.50       2.60  2.688381154071803E-01  5.867614994234264E-03 50601739	  76       2.50       2.60  2.688381154071803E-01  5.867614994234264E-03 50601739	  76       2.50       2.60  2.933059189669414E-01  7.316550443492455E-03 50601739	  76       2.50       2.60  2.933059189669414E-01  7.316550443492455E-03 50601739	  76       2.50       2.60  2.807091165455547E-01  6.516332008204583E-03 50601739
  77       2.60       2.70  2.411702948392600E-01  6.308890131091351E-03 45377911	  77       2.60       2.70  2.411702948392600E-01  6.308890131091351E-03 45377911	  77       2.60       2.70  2.312693780600414E-01  5.683216067794648E-03 45377911	  77       2.60       2.70  2.312693780600414E-01  5.683216067794648E-03 45377911	  77       2.60       2.70  2.516069351927848E-01  7.066989860595300E-03 45377911	  77       2.60       2.70  2.516069351927848E-01  7.066989860595300E-03 45377911	  77       2.60       2.70  2.411702948392600E-01  6.308890131091351E-03 45377911
  78       2.70       2.80  2.169591727271202E-01  5.848524032281807E-03 40438611	  78       2.70       2.80  2.169591727271202E-01  5.848524032281807E-03 40438611	  78       2.70       2.80  2.076680280749271E-01  5.277299486979155E-03 40438611	  78       2.70       2.80  2.076680280749271E-01  5.277299486979155E-03 40438611	  78       2.70       2.80  2.268382748973459E-01  6.538883904379462E-03 40438611	  78       2.70       2.80  2.268382748973459E-01  6.538883904379462E-03 40438611	  78       2.70       2.80  2.169591727271202E-01  5.848524032281807E-03 40438611
  79       2.80       2.90  1.903183725611368E-01  5.033946125567604E-03 35830980	  79       2.80       2.90  1.903183725611368E-01  5.033946125567604E-03 35830980	  79       2.80       2.90  1.818114729933973E-01  4.665780601773340E-03 35830980	  79       2.80       2.90  1.818114729933973E-01  4.665780601773340E-03 35830980	  79       2.80       2.90  1.994464699535067E-01  5.462649998574482E-03 35830980	  79       2.80       2.90  1.994464699535067E-01  5.462649998574482E-03 35830980	  79       2.80       2.90  1.903183725611368E-01  5.033946125567604E-03 35830980
  80       2.90       3.00  1.717080310281276E-01  3.105873168069456E-03 31549022	  80       2.90       3.00  1.717080310281276E-01  3.105873168069456E-03 31549022	  80       2.90       3.00  1.637786350179272E-01  2.812265037099182E-03 31549022	  80       2.90       3.00  1.637786350179272E-01  2.812265037099182E-03 31549022	  80       2.90       3.00  1.802626028450492E-01  3.462837365933430E-03 31549022	  80       2.90       3.00  1.802626028450492E-01  3.462837365933430E-03 31549022	  80       2.90       3.00  1.717080310281276E-01  3.105873168069456E-03 31549022
  81       3.00       3.10  1.455044953914908E-01  3.128836557684287E-03 27610183	  81       3.00       3.10  1.455044953914908E-01  3.128836557684287E-03 27610183	  81       3.00       3.10  1.387129274602001E-01  2.873696808162880E-03 27610183	  81       3.00       3.10  1.387129274602001E-01  2.873696808162880E-03 27610183	  81       3.00       3.10  1.528290634149801E-01  3.438648967838113E-03 27610183	  81       3.00       3.10  1.528290634149801E-01  3.438648967838113E-03 27610183	  81       3.00       3.10  1.455044953914908E-01  3.128836557684287E-03 27610183
  82       3.10       3.20  1.217063935116385E-01  3.411976094333449E-03 24044569	  82       3.10       3.20  1.217063935116385E-01  3.411976094333449E-03 24044569	  82       3.10       3.20  1.162216907719893E-01  3.093305212317836E-03 24044569	  82       3.10       3.20  1.162216907719893E-01  3.093305212317836E-03 24044569	  82       3.10       3.20  1.275664772751159E-01  3.799894758124160E-03 24044569	  82       3.10       3.20  1.275664772751159E-01  3.799894758124160E-03 24044569	  82       3.10       3.20  1.217063935116385E-01  3.411976094333449E-03 24044569
  83       3.20       3.30  1.076635654742643E-01  1.806161711390433E-03 20841613	  83       3.20       3.30  1.076635654742643E-01  1.806161711390433E-03 20841613	  83       3.20       3.30  1.024122082125808E-01  1.666613903418540E-03 20841613	  83       3.20       3.30  1.024122082125808E-01  1.666613903418540E-03 20841613	  83       3.20       3.30  1.133702626412580E-01  1.973536734399335E-03 20841613	  83       3.20       3.30  1.133702626412580E-01  1.973536734399335E-03 20841613	  83       3.20       3.30  1.076635654742643E-01  1.806161711390433E-03 20841613
  84       3.30       3.40  8.847208033962646E-02  2.498480837576370E-03 17994129	  84       3.30       3.40  8.847208033962646E-02  2.498480837576370E-03 17994129	  84       3.30       3.40  8.429302201642240E-02  2.295694646757538E-03 17994129	  84       3.30       3.40  8.429302201642240E-02  2.295694646757538E-03 17994129	  84       3.30       3.40  9.297908330038025E-02  2.739446995629941E-03 17994129	  84       3.30       3.40  9.297908330038025E-02  2.739446995629941E-03 17994129	  84       3.30       3.40  8.847208033962646E-02  2.498480837576370E-03 17994129
  85       3.40       3.50  7.583525029473299E-02  3.040856648365213E-03 15478126	  85       3.40       3.50  7.583525029473299E-02  3.040856648365213E-03 15478126	  85       3.40       3.50  7.217074894425947E-02  2.727269709422259E-03 15478126	  85       3.40       3.50  7.217074894425947E-02  2.727269709422259E-03 15478126	  85       3.40       3.50  7.980517708061481E-02  3.420961459870726E-03 15478126	  85       3.40       3.50  7.980517708061481E-02  3.420961459870726E-03 15478126	  85       3.40       3.50  7.583525029473299E-02  3.040856648365213E-03 15478126
  86       3.50       3.60  6.175454695861592E-02  2.429113221086608E-03 13269934	  86       3.50       3.60  6.175454695861592E-02  2.429113221086608E-03 13269934	  86       3.50       3.60  5.882960685284694E-02  2.173343088010312E-03 13269934	  86       3.50       3.60  5.882960685284694E-02  2.173343088010312E-03 13269934	  86       3.50       3.60  6.490289253322654E-02  2.743209572264263E-03 13269934	  86       3.50       3.60  6.490289253322654E-02  2.743209572264263E-03 13269934	  86       3.50       3.60  6.175454695861592E-02  2.429113221086608E-03 13269934
  87       3.60       3.70  5.165419889926914E-02  1.704658435123112E-03 11342972	  87       3.60       3.70  5.165419889926914E-02  1.704658435123112E-03 11342972	  87       3.60       3.70  4.914752957880261E-02  1.526182354565911E-03 11342972	  87       3.60       3.70  4.914752957880261E-02  1.526182354565911E-03 11342972	  87       3.60       3.70  5.436511763793467E-02  1.922003380817912E-03 11342972	  87       3.60       3.70  5.436511763793467E-02  1.922003380817912E-03 11342972	  87       3.60       3.70  5.165419889926914E-02  1.704658435123112E-03 11342972
  88       3.70       3.80  4.337987993172163E-02  1.204430304923499E-03 9644326	  88       3.70       3.80  4.337987993172163E-02  1.204430304923499E-03 9644326	  88       3.70       3.80  4.117236681966044E-02  1.109450718496237E-03 9644326	  88       3.70       3.80  4.117236681966044E-02  1.109450718496237E-03 9644326	  88       3.70       3.80  4.578956610666821E-02  1.319299597809508E-03 9644326	  88       3.70       3.80  4.578956610666821E-02  1.319299597809508E-03 9644326	  88       3.70       3.80  4.337987993172163E-02  1.204430304923499E-03 9644326
  89       3.80       3.90  3.537804913125142E-02  1.195947602165542E-03 8182586	  89       3.80       3.90  3.537804913125142E-02  1.195947602165542E-03 8182586	  89       3.80       3.90  3.353525758107028E-02  1.086247359132530E-03 8182586	  89       3.80       3.90  3.353525758107028E-02  1.086247359132530E-03 8182586	  89       3.80       3.90  3.739737106587671E-02  1.328587515379591E-03 8182586	  89       3.80       3.90  3.739737106587671E-02  1.328587515379591E-03 8182586	  89       3.80       3.90  3.537804913125142E-02  1.195947602165542E-03 8182586
  90       3.90       4.00  2.883631570984067E-02  1.154133016777921E-03 6912225	  90       3.90       4.00  2.883631570984067E-02  1.154133016777921E-03 6912225	  90       3.90       4.00  2.733850350044387E-02  1.052850879407312E-03 6912225	  90       3.90       4.00  2.733850350044387E-02  1.052850879407312E-03 6912225	  90       3.90       4.00  3.047823184170957E-02  1.275262544602861E-03 6912225	  90       3.90       4.00  3.047823184170957E-02  1.275262544602861E-03 6912225	  90       3.90       4.00  2.883631570984067E-02  1.154133016777921E-03 6912225
  91       4.00       4.10  2.400509114468133E-02  6.606211923153901E-04 5815822	  91       4.00       4.10  2.400509114468133E-02  6.606211923153901E-04 5815822	  91       4.00       4.10  2.276421508923598E-02  5.866414415555604E-04 5815822	  91       4.00       4.10  2.276421508923598E-02  5.866414415555604E-04 5815822	  91       4.00       4.10  2.535829081404155E-02  7.538203512001240E-04 5815822	  91       4.00       4.10  2.535829081404155E-02  7.538203512001240E-04 5815822	  91       4.00       4.10  2.400509114468133E-02  6.606211923153901E-04 5815822
  92       4.10       4.20  1.925255238737754E-02  4.247728993364817E-04 4875263	  92       4.10       4.20  1.925255238737754E-02  4.247728993364817E-04 4875263	  92       4.10       4.20  1.824018280333281E-02  3.873029324765282E-04 4875263	  92       4.10       4.20  1.824018280333281E-02  3.873029324765282E-04 4875263	  92       4.10       4.20  2.036284821630620E-02  4.699691049526767E-04 4875263	  92       4.10       4.20  2.036284821630620E-02  4.699691049526767E-04 4875263	  92       4.10       4.20  1.925255238737754E-02  4.247728993364817E-04 4875263
  93       4.20       4.30  1.577999264697693E-02  3.366628244787391E-04 4080611	  93       4.20       4.30  1.577999264697693E-02  3.366628244787391E-04 4080611	  93       4.20       4.30  1.493731742172122E-02  3.056937989063205E-04 4080611	  93       4.20       4.30  1.493731742172122E-02  3.056937989063205E-04 4080611	  93       4.20       4.30  1.670592956965102E-02  3.748121502466122E-04 4080611	  93       4.20       4.30  1.670592956965102E-02  3.748121502466122E-04 4080611	  93       4.20       4.30  1.577999264697693E-02  3.366628244787391E-04 4080611
  94       4.30       4.40  1.141744638576025E-02  9.019237061371263E-04 3396305	  94       4.30       4.40  1.141744638576025E-02  9.019237061371263E-04 3396305	  94       4.30       4.40  1.085813853931452E-02  8.091384465825507E-04 3396305	  94       4.30       4.40  1.085813853931452E-02  8.091384465825507E-04 3396305	  94       4.30       4.40  1.202208097047269E-02  1.013976403267743E-03 3396305	  94       4.30       4.40  1.202208097047269E-02  1.013976403267743E-03 3396305	  94       4.30       4.40  1.141744638576025E-02  9.019237061371263E-04 3396305
  95       4.40       4.50  1.002644620297362E-02  3.009274718509564E-04 2828091	  95       4.40       4.50  1.002644620297362E-02  3.009274718509564E-04 2828091	  95       4.40       4.50  9.487180490718139E-03  2.751399706136935E-04 2828091	  95       4.40       4.50  9.487180490718139E-03  2.751399706136935E-04 2828091	  95       4.40       4.50  1.062044518290379E-02  3.315821557709690E-04 2828091	  95       4.40       4.50  1.062044518290379E-02  3.315821557709690E-04 2828091	  95       4.40       4.50  1.002644620297362E-02  3.009274718509564E-04 2828091
  96       4.50       4.60  7.457234786003311E-03  2.383483894384831E-04 2344671	  96       4.50       4.60  7.457234786003311E-03  2.383483894384831E-04 2344671	  96       4.50       4.60  7.072794943753944E-03  2.166315451455330E-04 2344671	  96       4.50       4.60  7.072794943753944E-03  2.166315451455330E-04 2344671	  96       4.50       4.60  7.875717941903043E-03  2.653894778515231E-04 2344671	  96       4.50       4.60  7.875717941903043E-03  2.653894778515231E-04 2344671	  96       4.50       4.60  7.457234786003311E-03  2.383483894384831E-04 2344671
  97       4.60       4.70  6.756834047466767E-03  1.256294885888054E-04 1939614	  97       4.60       4.70  6.756834047466767E-03  1.256294885888054E-04 1939614	  97       4.60       4.70  6.382451622280460E-03  1.165355557910987E-04 1939614	  97       4.60       4.70  6.382451622280460E-03  1.165355557910987E-04 1939614	  97       4.60       4.70  7.170680262133538E-03  1.363114822625852E-04 1939614	  97       4.60       4.70  7.170680262133538E-03  1.363114822625852E-04 1939614	  97       4.60       4.70  6.756834047466767E-03  1.256294885888054E-04 1939614
  98       4.70       4.80  5.158680009480433E-03  1.284979393097369E-04 1601483	  98       4.70       4.80  5.158680009480433E-03  1.284979393097369E-04 1601483	  98       4.70       4.80  4.878103160394737E-03  1.167199844699027E-04 1601483	  98       4.70       4.80  4.878103160394737E-03  1.167199844699027E-04 1601483	  98       4.70       4.80  5.467775959776089E-03  1.431841693533057E-04 1601483	  98       4.70       4.80  5.467775959776089E-03  1.431841693533057E-04 1601483	  98       4.70       4.80  5.158680009480433E-03  1.284979393097369E-04 1601483
  99       4.80       4.90  3.685890249846844E-03  2.611693208588298E-04 1323709	  99       4.80       4.90  3.685890249846844E-03  2.611693208588298E-04 1323709	  99       4.80       4.90  3.481347733111346E-03  2.444358796187222E-04 1323709	  99       4.80       4.90  3.481347733111346E-03  2.444358796187222E-04 1323709	  99       4.80       4.90  3.912636705183687E-03  2.801355441542460E-04 1323709	  99       4.80       4.90  3.912636705183687E-03  2.801355441542460E-04 1323709	  99       4.80       4.90  3.685890249846844E-03  2.611693208588298E-04 1323709
 100       4.90       5.00  3.179183872918233E-03  1.778032111333809E-04 1089654	 100       4.90       5.00  3.179183872918233E-03  1.778032111333809E-04 1089654	 100       4.90       5.00  3.000169547138993E-03  1.688262272353202E-04 1089654	 100       4.90       5.00  3.000169547138993E-03  1.688262272353202E-04 1089654	 100       4.90       5.00  3.378412588097026E-03  1.876901764878334E-04 1089654	 100       4.90       5.00  3.378412588097026E-03  1.876901764878334E-04 1089654	 100       4.90       5.00  3.179183872918233E-03  1.778032111333809E-04 1089654
# Underflow:                -1.0213979104186414E-04  3.6710785132646904E-05 217
# Overflow:                 -1.8814706185854454E-04  5.1464938930161364E-05 202
#-------------------------------------------------------------------------------------	#-------------------------------------------------------------------------------------	#-------------------------------------------------------------------------------------	#-------------------------------------------------------------------------------------	#-------------------------------------------------------------------------------------	#-------------------------------------------------------------------------------------	#-------------------------------------------------------------------------------------
# Sum:                      -8.0187316171521195E-02  1.1241237695451449E-03 187000
#=====================================================================================	#=====================================================================================	#=====================================================================================	#=====================================================================================	#=====================================================================================	#=====================================================================================	#=====================================================================================
