# title = Rapidity Softer Jet
# xlabel = $y_{\text{j}_1}$
# ylabel = $\frac{\text{d}\sigma}{\text{d}y_{\text{j}_1}}\,[\text{fb}]$
# xmin= -4.500E+00
# xmax=  4.500E+00
# ymin=  1.000E-04
# ymax=  4.000E-01
# kmin= -2.000E+01
# kmax=  1.000E+01
# logscale = false
# Renormalization and factorization scale scaled by: 1.0000000000
# Renormalization scaled by: 1.0000000000
# Number of generated events: 7099658501
#	#	#	#	#	#	#
#=====================================================================================	#=====================================================================================	#=====================================================================================	#=====================================================================================	#=====================================================================================	#=====================================================================================	#=====================================================================================
# No.       Left      Right                   Value                   Error Hits
#-------------------------------------------------------------------------------------	#-------------------------------------------------------------------------------------	#-------------------------------------------------------------------------------------	#-------------------------------------------------------------------------------------	#-------------------------------------------------------------------------------------	#-------------------------------------------------------------------------------------	#-------------------------------------------------------------------------------------
   1      -5.00      -4.90  0.000000000000000E+00  0.000000000000000E+00 0	   1      -5.00      -4.90  0.000000000000000E+00  0.000000000000000E+00 0	   1      -5.00      -4.90  0.000000000000000E+00  0.000000000000000E+00 0	   1      -5.00      -4.90  0.000000000000000E+00  0.000000000000000E+00 0	   1      -5.00      -4.90  0.000000000000000E+00  0.000000000000000E+00 0	   1      -5.00      -4.90  0.000000000000000E+00  0.000000000000000E+00 0	   1      -5.00      -4.90  0.000000000000000E+00  0.000000000000000E+00 0
   2      -4.90      -4.80  0.000000000000000E+00  0.000000000000000E+00 0	   2      -4.90      -4.80  0.000000000000000E+00  0.000000000000000E+00 0	   2      -4.90      -4.80  0.000000000000000E+00  0.000000000000000E+00 0	   2      -4.90      -4.80  0.000000000000000E+00  0.000000000000000E+00 0	   2      -4.90      -4.80  0.000000000000000E+00  0.000000000000000E+00 0	   2      -4.90      -4.80  0.000000000000000E+00  0.000000000000000E+00 0	   2      -4.90      -4.80  0.000000000000000E+00  0.000000000000000E+00 0
   3      -4.80      -4.70  0.000000000000000E+00  0.000000000000000E+00 0	   3      -4.80      -4.70  0.000000000000000E+00  0.000000000000000E+00 0	   3      -4.80      -4.70  0.000000000000000E+00  0.000000000000000E+00 0	   3      -4.80      -4.70  0.000000000000000E+00  0.000000000000000E+00 0	   3      -4.80      -4.70  0.000000000000000E+00  0.000000000000000E+00 0	   3      -4.80      -4.70  0.000000000000000E+00  0.000000000000000E+00 0	   3      -4.80      -4.70  0.000000000000000E+00  0.000000000000000E+00 0
   4      -4.70      -4.60  0.000000000000000E+00  0.000000000000000E+00 0	   4      -4.70      -4.60  0.000000000000000E+00  0.000000000000000E+00 0	   4      -4.70      -4.60  0.000000000000000E+00  0.000000000000000E+00 0	   4      -4.70      -4.60  0.000000000000000E+00  0.000000000000000E+00 0	   4      -4.70      -4.60  0.000000000000000E+00  0.000000000000000E+00 0	   4      -4.70      -4.60  0.000000000000000E+00  0.000000000000000E+00 0	   4      -4.70      -4.60  0.000000000000000E+00  0.000000000000000E+00 0
   5      -4.60      -4.50  0.000000000000000E+00  0.000000000000000E+00 0	   5      -4.60      -4.50  0.000000000000000E+00  0.000000000000000E+00 0	   5      -4.60      -4.50  0.000000000000000E+00  0.000000000000000E+00 0	   5      -4.60      -4.50  0.000000000000000E+00  0.000000000000000E+00 0	   5      -4.60      -4.50  0.000000000000000E+00  0.000000000000000E+00 0	   5      -4.60      -4.50  0.000000000000000E+00  0.000000000000000E+00 0	   5      -4.60      -4.50  0.000000000000000E+00  0.000000000000000E+00 0
   6      -4.50      -4.40  0.000000000000000E+00  0.000000000000000E+00 0	   6      -4.50      -4.40  0.000000000000000E+00  0.000000000000000E+00 0	   6      -4.50      -4.40  0.000000000000000E+00  0.000000000000000E+00 0	   6      -4.50      -4.40  0.000000000000000E+00  0.000000000000000E+00 0	   6      -4.50      -4.40  0.000000000000000E+00  0.000000000000000E+00 0	   6      -4.50      -4.40  0.000000000000000E+00  0.000000000000000E+00 0	   6      -4.50      -4.40  0.000000000000000E+00  0.000000000000000E+00 0
   7      -4.40      -4.30  0.000000000000000E+00  0.000000000000000E+00 0	   7      -4.40      -4.30  0.000000000000000E+00  0.000000000000000E+00 0	   7      -4.40      -4.30  0.000000000000000E+00  0.000000000000000E+00 0	   7      -4.40      -4.30  0.000000000000000E+00  0.000000000000000E+00 0	   7      -4.40      -4.30  0.000000000000000E+00  0.000000000000000E+00 0	   7      -4.40      -4.30  0.000000000000000E+00  0.000000000000000E+00 0	   7      -4.40      -4.30  0.000000000000000E+00  0.000000000000000E+00 0
   8      -4.30      -4.20  0.000000000000000E+00  0.000000000000000E+00 0	   8      -4.30      -4.20  0.000000000000000E+00  0.000000000000000E+00 0	   8      -4.30      -4.20  0.000000000000000E+00  0.000000000000000E+00 0	   8      -4.30      -4.20  0.000000000000000E+00  0.000000000000000E+00 0	   8      -4.30      -4.20  0.000000000000000E+00  0.000000000000000E+00 0	   8      -4.30      -4.20  0.000000000000000E+00  0.000000000000000E+00 0	   8      -4.30      -4.20  0.000000000000000E+00  0.000000000000000E+00 0
   9      -4.20      -4.10  0.000000000000000E+00  0.000000000000000E+00 0	   9      -4.20      -4.10  0.000000000000000E+00  0.000000000000000E+00 0	   9      -4.20      -4.10  0.000000000000000E+00  0.000000000000000E+00 0	   9      -4.20      -4.10  0.000000000000000E+00  0.000000000000000E+00 0	   9      -4.20      -4.10  0.000000000000000E+00  0.000000000000000E+00 0	   9      -4.20      -4.10  0.000000000000000E+00  0.000000000000000E+00 0	   9      -4.20      -4.10  0.000000000000000E+00  0.000000000000000E+00 0
  10      -4.10      -4.00  0.000000000000000E+00  0.000000000000000E+00 0	  10      -4.10      -4.00  0.000000000000000E+00  0.000000000000000E+00 0	  10      -4.10      -4.00  0.000000000000000E+00  0.000000000000000E+00 0	  10      -4.10      -4.00  0.000000000000000E+00  0.000000000000000E+00 0	  10      -4.10      -4.00  0.000000000000000E+00  0.000000000000000E+00 0	  10      -4.10      -4.00  0.000000000000000E+00  0.000000000000000E+00 0	  10      -4.10      -4.00  0.000000000000000E+00  0.000000000000000E+00 0
  11      -4.00      -3.90  7.979193755623941E-01  7.860862903245214E-04 91061565	  11      -4.00      -3.90  7.979193755623941E-01  7.860862903245214E-04 91061565	  11      -4.00      -3.90  7.474347097923062E-01  7.185701882607213E-04 91061565	  11      -4.00      -3.90  7.474347097923062E-01  7.185701882607213E-04 91061565	  11      -4.00      -3.90  8.550674596580150E-01  8.673104886666073E-04 91061565	  11      -4.00      -3.90  8.550674596580150E-01  8.673104886666073E-04 91061565	  11      -4.00      -3.90  7.979193755623941E-01  7.860862903245214E-04 91061565
  12      -3.90      -3.80  8.410188389490019E-01  7.861456909635102E-04 92311254	  12      -3.90      -3.80  8.410188389490019E-01  7.861456909635102E-04 92311254	  12      -3.90      -3.80  7.893813034674364E-01  7.205120626424632E-04 92311254	  12      -3.90      -3.80  7.893813034674364E-01  7.205120626424632E-04 92311254	  12      -3.90      -3.80  8.992412693719216E-01  8.648998679789674E-04 92311254	  12      -3.90      -3.80  8.992412693719216E-01  8.648998679789674E-04 92311254	  12      -3.90      -3.80  8.410188389490019E-01  7.861456909635102E-04 92311254
  13      -3.80      -3.70  8.781584684287206E-01  8.061830441609942E-04 93230674	  13      -3.80      -3.70  8.781584684287206E-01  8.061830441609942E-04 93230674	  13      -3.80      -3.70  8.258079723153247E-01  7.405403653670365E-04 93230674	  13      -3.80      -3.70  8.258079723153247E-01  7.405403653670365E-04 93230674	  13      -3.80      -3.70  9.369534285815134E-01  8.846017245299052E-04 93230674	  13      -3.80      -3.70  9.369534285815134E-01  8.846017245299052E-04 93230674	  13      -3.80      -3.70  8.781584684287206E-01  8.061830441609942E-04 93230674
  14      -3.70      -3.60  9.092941720300272E-01  8.042557465328127E-04 93773098	  14      -3.70      -3.60  9.092941720300272E-01  8.042557465328127E-04 93773098	  14      -3.70      -3.60  8.566736068477836E-01  7.404433012794503E-04 93773098	  14      -3.70      -3.60  8.566736068477836E-01  7.404433012794503E-04 93773098	  14      -3.70      -3.60  9.681593074876091E-01  8.803399110413622E-04 93773098	  14      -3.70      -3.60  9.681593074876091E-01  8.803399110413622E-04 93773098	  14      -3.70      -3.60  9.092941720300272E-01  8.042557465328127E-04 93773098
  15      -3.60      -3.50  9.337167351843997E-01  8.259010315432008E-04 93982889	  15      -3.60      -3.50  9.337167351843997E-01  8.259010315432008E-04 93982889	  15      -3.60      -3.50  8.812957087059228E-01  7.613064257345079E-04 93982889	  15      -3.60      -3.50  8.812957087059228E-01  7.613064257345079E-04 93982889	  15      -3.60      -3.50  9.921190558526483E-01  9.027151252647462E-04 93982889	  15      -3.60      -3.50  9.921190558526483E-01  9.027151252647462E-04 93982889	  15      -3.60      -3.50  9.337167351843997E-01  8.259010315432008E-04 93982889
  16      -3.50      -3.40  9.500056941614092E-01  8.118435627509187E-04 93905558	  16      -3.50      -3.40  9.500056941614092E-01  8.118435627509187E-04 93905558	  16      -3.50      -3.40  8.982522607613568E-01  7.505375232748357E-04 93905558	  16      -3.50      -3.40  8.982522607613568E-01  7.505375232748357E-04 93905558	  16      -3.50      -3.40  1.007420511046123E+00  8.843961941411682E-04 93905558	  16      -3.50      -3.40  1.007420511046123E+00  8.843961941411682E-04 93905558	  16      -3.50      -3.40  9.500056941614092E-01  8.118435627509187E-04 93905558
  17      -3.40      -3.30  9.614820436571706E-01  8.307334997881044E-04 93514501	  17      -3.40      -3.30  9.614820436571706E-01  8.307334997881044E-04 93514501	  17      -3.40      -3.30  9.105803736599634E-01  7.694343793070202E-04 93514501	  17      -3.40      -3.30  9.105803736599634E-01  7.694343793070202E-04 93514501	  17      -3.40      -3.30  1.017727902938078E+00  9.029876863473195E-04 93514501	  17      -3.40      -3.30  1.017727902938078E+00  9.029876863473195E-04 93514501	  17      -3.40      -3.30  9.614820436571706E-01  8.307334997881044E-04 93514501
  18      -3.30      -3.20  9.645664321638427E-01  7.910556457315236E-04 92868862	  18      -3.30      -3.20  9.645664321638427E-01  7.910556457315236E-04 92868862	  18      -3.30      -3.20  9.150518461797083E-01  7.348514199450371E-04 92868862	  18      -3.30      -3.20  9.150518461797083E-01  7.348514199450371E-04 92868862	  18      -3.30      -3.20  1.019034523617030E+00  8.570326601748011E-04 92868862	  18      -3.30      -3.20  1.019034523617030E+00  8.570326601748011E-04 92868862	  18      -3.30      -3.20  9.645664321638427E-01  7.910556457315236E-04 92868862
  19      -3.20      -3.10  9.601601235177736E-01  7.787117412185151E-04 91998297	  19      -3.20      -3.10  9.601601235177736E-01  7.787117412185151E-04 91998297	  19      -3.20      -3.10  9.123521830595589E-01  7.244410110075519E-04 91998297	  19      -3.20      -3.10  9.123521830595589E-01  7.244410110075519E-04 91998297	  19      -3.20      -3.10  1.012512886127991E+00  8.422443423814504E-04 91998297	  19      -3.20      -3.10  1.012512886127991E+00  8.422443423814504E-04 91998297	  19      -3.20      -3.10  9.601601235177736E-01  7.787117412185151E-04 91998297
  20      -3.10      -3.00  9.504074446062655E-01  7.503398106774634E-04 90883475	  20      -3.10      -3.00  9.504074446062655E-01  7.503398106774634E-04 90883475	  20      -3.10      -3.00  9.044754949580920E-01  6.995046553835898E-04 90883475	  20      -3.10      -3.00  9.044754949580920E-01  6.995046553835898E-04 90883475	  20      -3.10      -3.00  1.000476992756038E+00  8.096843019727869E-04 90883475	  20      -3.10      -3.00  1.000476992756038E+00  8.096843019727869E-04 90883475	  20      -3.10      -3.00  9.504074446062655E-01  7.503398106774634E-04 90883475
  21      -3.00      -2.90  9.349625193802186E-01  7.252410557808411E-04 89561974	  21      -3.00      -2.90  9.349625193802186E-01  7.252410557808411E-04 89561974	  21      -3.00      -2.90  8.911127357301056E-01  6.772109529939503E-04 89561974	  21      -3.00      -2.90  8.911127357301056E-01  6.772109529939503E-04 89561974	  21      -3.00      -2.90  9.825370524635698E-01  7.811409485201608E-04 89561974	  21      -3.00      -2.90  9.825370524635698E-01  7.811409485201608E-04 89561974	  21      -3.00      -2.90  9.349625193802186E-01  7.252410557808411E-04 89561974
  22      -2.90      -2.80  9.174836878565226E-01  6.975468305080955E-04 88083268	  22      -2.90      -2.80  9.174836878565226E-01  6.975468305080955E-04 88083268	  22      -2.90      -2.80  8.757603760876433E-01  6.533131389696893E-04 88083268	  22      -2.90      -2.80  8.757603760876433E-01  6.533131389696893E-04 88083268	  22      -2.90      -2.80  9.625207469494542E-01  7.487298206005798E-04 88083268	  22      -2.90      -2.80  9.625207469494542E-01  7.487298206005798E-04 88083268	  22      -2.90      -2.80  9.174836878565226E-01  6.975468305080955E-04 88083268
  23      -2.80      -2.70  8.933775711874886E-01  6.779992703858925E-04 86367210	  23      -2.80      -2.70  8.933775711874886E-01  6.779992703858925E-04 86367210	  23      -2.80      -2.70  8.539515589076280E-01  6.358302573345093E-04 86367210	  23      -2.80      -2.70  8.539515589076280E-01  6.358302573345093E-04 86367210	  23      -2.80      -2.70  9.357182529252401E-01  7.266551898214714E-04 86367210	  23      -2.80      -2.70  9.357182529252401E-01  7.266551898214714E-04 86367210	  23      -2.80      -2.70  8.933775711874886E-01  6.779992703858925E-04 86367210
  24      -2.70      -2.60  8.659784272149664E-01  6.394135344187747E-04 84550076	  24      -2.70      -2.60  8.659784272149664E-01  6.394135344187747E-04 84550076	  24      -2.70      -2.60  8.289325694993084E-01  6.011248067177805E-04 84550076	  24      -2.70      -2.60  8.289325694993084E-01  6.011248067177805E-04 84550076	  24      -2.70      -2.60  9.055433530095330E-01  6.833828520009488E-04 84550076	  24      -2.70      -2.60  9.055433530095330E-01  6.833828520009488E-04 84550076	  24      -2.70      -2.60  8.659784272149664E-01  6.394135344187747E-04 84550076
  25      -2.60      -2.50  8.350691952547683E-01  6.083269284286308E-04 82562451	  25      -2.60      -2.50  8.350691952547683E-01  6.083269284286308E-04 82562451	  25      -2.60      -2.50  8.004436297734286E-01  5.727657007380896E-04 82562451	  25      -2.60      -2.50  8.004436297734286E-01  5.727657007380896E-04 82562451	  25      -2.60      -2.50  8.718357302977648E-01  6.490455073041419E-04 82562451	  25      -2.60      -2.50  8.718357302977648E-01  6.490455073041419E-04 82562451	  25      -2.60      -2.50  8.350691952547683E-01  6.083269284286308E-04 82562451
  26      -2.50      -2.40  8.022083689085698E-01  5.729156922580222E-04 80450952	  26      -2.50      -2.40  8.022083689085698E-01  5.729156922580222E-04 80450952	  26      -2.50      -2.40  7.699730645067363E-01  5.406165066610153E-04 80450952	  26      -2.50      -2.40  7.699730645067363E-01  5.406165066610153E-04 80450952	  26      -2.50      -2.40  8.362287324587787E-01  6.097177848164752E-04 80450952	  26      -2.50      -2.40  8.362287324587787E-01  6.097177848164752E-04 80450952	  26      -2.50      -2.40  8.022083689085698E-01  5.729156922580222E-04 80450952
  27      -2.40      -2.30  7.683121847977111E-01  5.411660501974198E-04 78210377	  27      -2.40      -2.30  7.683121847977111E-01  5.411660501974198E-04 78210377	  27      -2.40      -2.30  7.383924091548393E-01  5.114969437091343E-04 78210377	  27      -2.40      -2.30  7.383924091548393E-01  5.114969437091343E-04 78210377	  27      -2.40      -2.30  7.996901061449165E-01  5.748457144508701E-04 78210377	  27      -2.40      -2.30  7.996901061449165E-01  5.748457144508701E-04 78210377	  27      -2.40      -2.30  7.683121847977111E-01  5.411660501974198E-04 78210377
  28      -2.30      -2.20  7.321741897160915E-01  5.143768349552138E-04 75881445	  28      -2.30      -2.20  7.321741897160915E-01  5.143768349552138E-04 75881445	  28      -2.30      -2.20  7.045546578739060E-01  4.869518754386578E-04 75881445	  28      -2.30      -2.20  7.045546578739060E-01  4.869518754386578E-04 75881445	  28      -2.30      -2.20  7.609437212381869E-01  5.453565506003946E-04 75881445	  28      -2.30      -2.20  7.609437212381869E-01  5.453565506003946E-04 75881445	  28      -2.30      -2.20  7.321741897160915E-01  5.143768349552138E-04 75881445
  29      -2.20      -2.10  6.953661829337978E-01  4.859384380592155E-04 73428070	  29      -2.20      -2.10  6.953661829337978E-01  4.859384380592155E-04 73428070	  29      -2.20      -2.10  6.699648136730825E-01  4.601857997930400E-04 73428070	  29      -2.20      -2.10  6.699648136730825E-01  4.601857997930400E-04 73428070	  29      -2.20      -2.10  7.216361616861803E-01  5.151032327215465E-04 73428070	  29      -2.20      -2.10  7.216361616861803E-01  5.151032327215465E-04 73428070	  29      -2.20      -2.10  6.953661829337978E-01  4.859384380592155E-04 73428070
  30      -2.10      -2.00  6.585980003387669E-01  4.451208153574668E-04 70902999	  30      -2.10      -2.00  6.585980003387669E-01  4.451208153574668E-04 70902999	  30      -2.10      -2.00  6.353022237868221E-01  4.231179623875980E-04 70902999	  30      -2.10      -2.00  6.353022237868221E-01  4.231179623875980E-04 70902999	  30      -2.10      -2.00  6.825107427732694E-01  4.697194138896407E-04 70902999	  30      -2.10      -2.00  6.825107427732694E-01  4.697194138896407E-04 70902999	  30      -2.10      -2.00  6.585980003387669E-01  4.451208153574668E-04 70902999
  31      -2.00      -1.90  6.209361421787190E-01  4.161089129871934E-04 68283557	  31      -2.00      -1.90  6.209361421787190E-01  4.161089129871934E-04 68283557	  31      -2.00      -1.90  5.996832086705040E-01  3.961774861405820E-04 68283557	  31      -2.00      -1.90  5.996832086705040E-01  3.961774861405820E-04 68283557	  31      -2.00      -1.90  6.425761383969367E-01  4.382876905625254E-04 68283557	  31      -2.00      -1.90  6.425761383969367E-01  4.382876905625254E-04 68283557	  31      -2.00      -1.90  6.209361421787190E-01  4.161089129871934E-04 68283557
  32      -1.90      -1.80  5.838354937186646E-01  3.899359354447864E-04 65623292	  32      -1.90      -1.80  5.838354937186646E-01  3.899359354447864E-04 65623292	  32      -1.90      -1.80  5.645129957857692E-01  3.716616584303935E-04 65623292	  32      -1.90      -1.80  5.645129957857692E-01  3.716616584303935E-04 65623292	  32      -1.90      -1.80  6.033422260208896E-01  4.102356726641674E-04 65623292	  32      -1.90      -1.80  6.033422260208896E-01  4.102356726641674E-04 65623292	  32      -1.90      -1.80  5.838354937186646E-01  3.899359354447864E-04 65623292
  33      -1.80      -1.70  5.464757864021540E-01  3.611243304365934E-04 62897287	  33      -1.80      -1.70  5.464757864021540E-01  3.611243304365934E-04 62897287	  33      -1.80      -1.70  5.289996784654931E-01  3.450198167160568E-04 62897287	  33      -1.80      -1.70  5.289996784654931E-01  3.450198167160568E-04 62897287	  33      -1.80      -1.70  5.639550873791289E-01  3.788430392486507E-04 62897287	  33      -1.80      -1.70  5.639550873791289E-01  3.788430392486507E-04 62897287	  33      -1.80      -1.70  5.464757864021540E-01  3.611243304365934E-04 62897287
  34      -1.70      -1.60  5.105223862116640E-01  3.345388232993364E-04 60121063	  34      -1.70      -1.60  5.105223862116640E-01  3.345388232993364E-04 60121063	  34      -1.70      -1.60  4.947243558402935E-01  3.201560641324185E-04 60121063	  34      -1.70      -1.60  4.947243558402935E-01  3.201560641324185E-04 60121063	  34      -1.70      -1.60  5.261756078315185E-01  3.502618118946522E-04 60121063	  34      -1.70      -1.60  5.261756078315185E-01  3.502618118946522E-04 60121063	  34      -1.70      -1.60  5.105223862116640E-01  3.345388232993364E-04 60121063
  35      -1.60      -1.50  4.757030010875344E-01  3.217219131730567E-04 57342455	  35      -1.60      -1.50  4.757030010875344E-01  3.217219131730567E-04 57342455	  35      -1.60      -1.50  4.614714785427200E-01  3.077598877823353E-04 57342455	  35      -1.60      -1.50  4.614714785427200E-01  3.077598877823353E-04 57342455	  35      -1.60      -1.50  4.896643714553225E-01  3.370339416467363E-04 57342455	  35      -1.60      -1.50  4.896643714553225E-01  3.370339416467363E-04 57342455	  35      -1.60      -1.50  4.757030010875344E-01  3.217219131730567E-04 57342455
  36      -1.50      -1.40  4.400970647427787E-01  2.875377617990286E-04 54699012	  36      -1.50      -1.40  4.400970647427787E-01  2.875377617990286E-04 54699012	  36      -1.50      -1.40  4.273670167792409E-01  2.760665582577887E-04 54699012	  36      -1.50      -1.40  4.273670167792409E-01  2.760665582577887E-04 54699012	  36      -1.50      -1.40  4.524526027297240E-01  2.999044965866110E-04 54699012	  36      -1.50      -1.40  4.524526027297240E-01  2.999044965866110E-04 54699012	  36      -1.50      -1.40  4.400970647427787E-01  2.875377617990286E-04 54699012
  37      -1.40      -1.30  4.071314893874652E-01  2.841207474891745E-04 52300361	  37      -1.40      -1.30  4.071314893874652E-01  2.841207474891745E-04 52300361	  37      -1.40      -1.30  3.957406728241967E-01  2.729042341086249E-04 52300361	  37      -1.40      -1.30  3.957406728241967E-01  2.729042341086249E-04 52300361	  37      -1.40      -1.30  4.180639026671346E-01  2.961549087717361E-04 52300361	  37      -1.40      -1.30  4.180639026671346E-01  2.961549087717361E-04 52300361	  37      -1.40      -1.30  4.071314893874652E-01  2.841207474891745E-04 52300361
  38      -1.30      -1.20  3.754046866968545E-01  2.532711260137871E-04 50031921	  38      -1.30      -1.20  3.754046866968545E-01  2.532711260137871E-04 50031921	  38      -1.30      -1.20  3.652376663438682E-01  2.434796189123960E-04 50031921	  38      -1.30      -1.20  3.652376663438682E-01  2.434796189123960E-04 50031921	  38      -1.30      -1.20  3.850494580905891E-01  2.637705035481470E-04 50031921	  38      -1.30      -1.20  3.850494580905891E-01  2.637705035481470E-04 50031921	  38      -1.30      -1.20  3.754046866968545E-01  2.532711260137871E-04 50031921
  39      -1.20      -1.10  3.441981799650167E-01  2.260046534324396E-04 47901166	  39      -1.20      -1.10  3.441981799650167E-01  2.260046534324396E-04 47901166	  39      -1.20      -1.10  3.351814425555807E-01  2.180801093943285E-04 47901166	  39      -1.20      -1.10  3.351814425555807E-01  2.180801093943285E-04 47901166	  39      -1.20      -1.10  3.526429908885848E-01  2.343192566824956E-04 47901166	  39      -1.20      -1.10  3.526429908885848E-01  2.343192566824956E-04 47901166	  39      -1.20      -1.10  3.441981799650167E-01  2.260046534324396E-04 47901166
  40      -1.10      -1.00  3.153872370559209E-01  2.091526421237074E-04 45909481	  40      -1.10      -1.00  3.153872370559209E-01  2.091526421237074E-04 45909481	  40      -1.10      -1.00  3.073658272785632E-01  2.020660724081358E-04 45909481	  40      -1.10      -1.00  3.073658272785632E-01  2.020660724081358E-04 45909481	  40      -1.10      -1.00  3.228082092820556E-01  2.165290047561175E-04 45909481	  40      -1.10      -1.00  3.228082092820556E-01  2.165290047561175E-04 45909481	  40      -1.10      -1.00  3.153872370559209E-01  2.091526421237074E-04 45909481
  41      -1.00      -0.90  2.884137144779740E-01  1.918527730497124E-04 44081636	  41      -1.00      -0.90  2.884137144779740E-01  1.918527730497124E-04 44081636	  41      -1.00      -0.90  2.812948161048817E-01  1.856525907719729E-04 44081636	  41      -1.00      -0.90  2.812948161048817E-01  1.856525907719729E-04 44081636	  41      -1.00      -0.90  2.949120609726552E-01  1.982313753320862E-04 44081636	  41      -1.00      -0.90  2.949120609726552E-01  1.982313753320862E-04 44081636	  41      -1.00      -0.90  2.884137144779740E-01  1.918527730497124E-04 44081636
  42      -0.90      -0.80  2.632915067808591E-01  1.752525852820757E-04 42423450	  42      -0.90      -0.80  2.632915067808591E-01  1.752525852820757E-04 42423450	  42      -0.90      -0.80  2.569653786028183E-01  1.698443004250953E-04 42423450	  42      -0.90      -0.80  2.569653786028183E-01  1.698443004250953E-04 42423450	  42      -0.90      -0.80  2.689902757474262E-01  1.807505400655263E-04 42423450	  42      -0.90      -0.80  2.689902757474262E-01  1.807505400655263E-04 42423450	  42      -0.90      -0.80  2.632915067808591E-01  1.752525852820757E-04 42423450
  43      -0.80      -0.70  2.406858335155030E-01  1.612678283566699E-04 40937625	  43      -0.80      -0.70  2.406858335155030E-01  1.612678283566699E-04 40937625	  43      -0.80      -0.70  2.350514502194694E-01  1.564967495921797E-04 40937625	  43      -0.80      -0.70  2.350514502194694E-01  1.564967495921797E-04 40937625	  43      -0.80      -0.70  2.456914737748141E-01  1.660577064183110E-04 40937625	  43      -0.80      -0.70  2.456914737748141E-01  1.660577064183110E-04 40937625	  43      -0.80      -0.70  2.406858335155030E-01  1.612678283566699E-04 40937625
  44      -0.70      -0.60  2.201637460046147E-01  1.492047047070031E-04 39632964	  44      -0.70      -0.60  2.201637460046147E-01  1.492047047070031E-04 39632964	  44      -0.70      -0.60  2.151220734020412E-01  1.448739030071206E-04 39632964	  44      -0.70      -0.60  2.151220734020412E-01  1.448739030071206E-04 39632964	  44      -0.70      -0.60  2.245833288001708E-01  1.535222891696352E-04 39632964	  44      -0.70      -0.60  2.245833288001708E-01  1.535222891696352E-04 39632964	  44      -0.70      -0.60  2.201637460046147E-01  1.492047047070031E-04 39632964
  45      -0.60      -0.50  2.022978603145600E-01  1.362718091775500E-04 38490488	  45      -0.60      -0.50  2.022978603145600E-01  1.362718091775500E-04 38490488	  45      -0.60      -0.50  1.977482113916512E-01  1.325682774654067E-04 38490488	  45      -0.60      -0.50  1.977482113916512E-01  1.325682774654067E-04 38490488	  45      -0.60      -0.50  2.062379003665621E-01  1.398858898946150E-04 38490488	  45      -0.60      -0.50  2.062379003665621E-01  1.398858898946150E-04 38490488	  45      -0.60      -0.50  2.022978603145600E-01  1.362718091775500E-04 38490488
  46      -0.50      -0.40  1.871784891349560E-01  1.257915703717729E-04 37524745	  46      -0.50      -0.40  1.871784891349560E-01  1.257915703717729E-04 37524745	  46      -0.50      -0.40  1.830402919466414E-01  1.225001775260498E-04 37524745	  46      -0.50      -0.40  1.830402919466414E-01  1.225001775260498E-04 37524745	  46      -0.50      -0.40  1.907178659603526E-01  1.289597106805435E-04 37524745	  46      -0.50      -0.40  1.907178659603526E-01  1.289597106805435E-04 37524745	  46      -0.50      -0.40  1.871784891349560E-01  1.257915703717729E-04 37524745
  47      -0.40      -0.30  1.749006242213396E-01  1.168373851593688E-04 36738008	  47      -0.40      -0.30  1.749006242213396E-01  1.168373851593688E-04 36738008	  47      -0.40      -0.30  1.710798986454388E-01  1.139019176616616E-04 36738008	  47      -0.40      -0.30  1.710798986454388E-01  1.139019176616616E-04 36738008	  47      -0.40      -0.30  1.781353245904344E-01  1.196151630341540E-04 36738008	  47      -0.40      -0.30  1.781353245904344E-01  1.196151630341540E-04 36738008	  47      -0.40      -0.30  1.749006242213396E-01  1.168373851593688E-04 36738008
  48      -0.30      -0.20  1.657018287289991E-01  1.094779869575014E-04 36123495	  48      -0.30      -0.20  1.657018287289991E-01  1.094779869575014E-04 36123495	  48      -0.30      -0.20  1.621293105634151E-01  1.068943557396659E-04 36123495	  48      -0.30      -0.20  1.621293105634151E-01  1.068943557396659E-04 36123495	  48      -0.30      -0.20  1.686952694145341E-01  1.118577924647510E-04 36123495	  48      -0.30      -0.20  1.686952694145341E-01  1.118577924647510E-04 36123495	  48      -0.30      -0.20  1.657018287289991E-01  1.094779869575014E-04 36123495
  49      -0.20      -0.10  1.593004899885121E-01  1.050888337158979E-04 35691555	  49      -0.20      -0.10  1.593004899885121E-01  1.050888337158979E-04 35691555	  49      -0.20      -0.10  1.558830574536475E-01  1.026579456635149E-04 35691555	  49      -0.20      -0.10  1.558830574536475E-01  1.026579456635149E-04 35691555	  49      -0.20      -0.10  1.621479710879533E-01  1.073037518229975E-04 35691555	  49      -0.20      -0.10  1.621479710879533E-01  1.073037518229975E-04 35691555	  49      -0.20      -0.10  1.593004899885121E-01  1.050888337158979E-04 35691555
  50      -0.10       0.00  1.562420065403390E-01  1.028679282452751E-04 35444971	  50      -0.10       0.00  1.562420065403390E-01  1.028679282452751E-04 35444971	  50      -0.10       0.00  1.528992130208977E-01  1.005249556777256E-04 35444971	  50      -0.10       0.00  1.528992130208977E-01  1.005249556777256E-04 35444971	  50      -0.10       0.00  1.590192230856090E-01  1.049890634619292E-04 35444971	  50      -0.10       0.00  1.590192230856090E-01  1.049890634619292E-04 35444971	  50      -0.10       0.00  1.562420065403390E-01  1.028679282452751E-04 35444971
  51       0.00       0.10  1.561742729666138E-01  1.038556644253373E-04 35368555	  51       0.00       0.10  1.561742729666138E-01  1.038556644253373E-04 35368555	  51       0.00       0.10  1.528339024071955E-01  1.014991662186833E-04 35368555	  51       0.00       0.10  1.528339024071955E-01  1.014991662186833E-04 35368555	  51       0.00       0.10  1.589490614245268E-01  1.059842356930929E-04 35368555	  51       0.00       0.10  1.589490614245268E-01  1.059842356930929E-04 35368555	  51       0.00       0.10  1.561742729666138E-01  1.038556644253373E-04 35368555
  52       0.10       0.20  1.591943052685841E-01  1.070682733836596E-04 35469058	  52       0.10       0.20  1.591943052685841E-01  1.070682733836596E-04 35469058	  52       0.10       0.20  1.557784879806667E-01  1.046125556782681E-04 35469058	  52       0.10       0.20  1.557784879806667E-01  1.046125556782681E-04 35469058	  52       0.10       0.20  1.620409005424346E-01  1.093004828393655E-04 35469058	  52       0.10       0.20  1.620409005424346E-01  1.093004828393655E-04 35469058	  52       0.10       0.20  1.591943052685841E-01  1.070682733836596E-04 35469058
  53       0.20       0.30  1.654876641474344E-01  1.128756948819127E-04 35741569	  53       0.20       0.30  1.654876641474344E-01  1.128756948819127E-04 35741569	  53       0.20       0.30  1.619100349209696E-01  1.102187388703268E-04 35741569	  53       0.20       0.30  1.619100349209696E-01  1.102187388703268E-04 35741569	  53       0.20       0.30  1.684894338008318E-01  1.153224237290037E-04 35741569	  53       0.20       0.30  1.684894338008318E-01  1.153224237290037E-04 35741569	  53       0.20       0.30  1.654876641474344E-01  1.128756948819127E-04 35741569
  54       0.30       0.40  1.748285610662213E-01  1.212698593251036E-04 36217416	  54       0.30       0.40  1.748285610662213E-01  1.212698593251036E-04 36217416	  54       0.30       0.40  1.710161500191906E-01  1.182862334865976E-04 36217416	  54       0.30       0.40  1.710161500191906E-01  1.182862334865976E-04 36217416	  54       0.30       0.40  1.780537922317082E-01  1.240716820699761E-04 36217416	  54       0.30       0.40  1.780537922317082E-01  1.240716820699761E-04 36217416	  54       0.30       0.40  1.748285610662213E-01  1.212698593251036E-04 36217416
  55       0.40       0.50  1.872354972996750E-01  1.315095337054022E-04 36854093	  55       0.40       0.50  1.872354972996750E-01  1.315095337054022E-04 36854093	  55       0.40       0.50  1.830960172336155E-01  1.281218235657822E-04 36854093	  55       0.40       0.50  1.830960172336155E-01  1.281218235657822E-04 36854093	  55       0.40       0.50  1.907759225844229E-01  1.347516875400074E-04 36854093	  55       0.40       0.50  1.907759225844229E-01  1.347516875400074E-04 36854093	  55       0.40       0.50  1.872354972996750E-01  1.315095337054022E-04 36854093
  56       0.50       0.60  2.024115215833131E-01  1.428497926763110E-04 37684841	  56       0.50       0.60  2.024115215833131E-01  1.428497926763110E-04 37684841	  56       0.50       0.60  1.978676788324193E-01  1.390518172954543E-04 37684841	  56       0.50       0.60  1.978676788324193E-01  1.390518172954543E-04 37684841	  56       0.50       0.60  2.063426029084764E-01  1.465309842302936E-04 37684841	  56       0.50       0.60  2.063426029084764E-01  1.465309842302936E-04 37684841	  56       0.50       0.60  2.024115215833131E-01  1.428497926763110E-04 37684841
  57       0.60       0.70  2.200159342358714E-01  1.552061982366634E-04 38674836	  57       0.60       0.70  2.200159342358714E-01  1.552061982366634E-04 38674836	  57       0.60       0.70  2.149814869738463E-01  1.508835081516351E-04 38674836	  57       0.60       0.70  2.149814869738463E-01  1.508835081516351E-04 38674836	  57       0.60       0.70  2.244279153833861E-01  1.594656239169623E-04 38674836	  57       0.60       0.70  2.244279153833861E-01  1.594656239169623E-04 38674836	  57       0.60       0.70  2.200159342358714E-01  1.552061982366634E-04 38674836
  58       0.70       0.80  2.406334463182991E-01  1.699052031818290E-04 39869625	  58       0.70       0.80  2.406334463182991E-01  1.699052031818290E-04 39869625	  58       0.70       0.80  2.349982381344788E-01  1.649477380039282E-04 39869625	  58       0.70       0.80  2.349982381344788E-01  1.649477380039282E-04 39869625	  58       0.70       0.80  2.456407018505418E-01  1.748631174316841E-04 39869625	  58       0.70       0.80  2.456407018505418E-01  1.748631174316841E-04 39869625	  58       0.70       0.80  2.406334463182991E-01  1.699052031818290E-04 39869625
  59       0.80       0.90  2.632042582243150E-01  1.852537606489328E-04 41217732	  59       0.80       0.90  2.632042582243150E-01  1.852537606489328E-04 41217732	  59       0.80       0.90  2.568825629831248E-01  1.796116489187706E-04 41217732	  59       0.80       0.90  2.568825629831248E-01  1.796116489187706E-04 41217732	  59       0.80       0.90  2.688981145841668E-01  1.909655074862585E-04 41217732	  59       0.80       0.90  2.688981145841668E-01  1.909655074862585E-04 41217732	  59       0.80       0.90  2.632042582243150E-01  1.852537606489328E-04 41217732
  60       0.90       1.00  2.882043183555267E-01  2.015391650893901E-04 42743344	  60       0.90       1.00  2.882043183555267E-01  2.015391650893901E-04 42743344	  60       0.90       1.00  2.810889880352815E-01  1.950987606500571E-04 42743344	  60       0.90       1.00  2.810889880352815E-01  1.950987606500571E-04 42743344	  60       0.90       1.00  2.947005392869273E-01  2.081501242418466E-04 42743344	  60       0.90       1.00  2.947005392869273E-01  2.081501242418466E-04 42743344	  60       0.90       1.00  2.882043183555267E-01  2.015391650893901E-04 42743344
  61       1.00       1.10  3.157223864898941E-01  2.193419538742225E-04 44466587	  61       1.00       1.10  3.157223864898941E-01  2.193419538742225E-04 44466587	  61       1.00       1.10  3.076972161282171E-01  2.120334825742564E-04 44466587	  61       1.00       1.10  3.076972161282171E-01  2.120334825742564E-04 44466587	  61       1.00       1.10  3.231452939730213E-01  2.269193891561136E-04 44466587	  61       1.00       1.10  3.231452939730213E-01  2.269193891561136E-04 44466587	  61       1.00       1.10  3.157223864898941E-01  2.193419538742225E-04 44466587
  62       1.10       1.20  3.445207489963501E-01  2.386796632650749E-04 46328621	  62       1.10       1.20  3.445207489963501E-01  2.386796632650749E-04 46328621	  62       1.10       1.20  3.354873959412598E-01  2.303540774818030E-04 46328621	  62       1.10       1.20  3.354873959412598E-01  2.303540774818030E-04 46328621	  62       1.10       1.20  3.529845360809740E-01  2.474047365609137E-04 46328621	  62       1.10       1.20  3.529845360809740E-01  2.474047365609137E-04 46328621	  62       1.10       1.20  3.445207489963501E-01  2.386796632650749E-04 46328621
  63       1.20       1.30  3.750117152396156E-01  2.584080616713722E-04 48351374	  63       1.20       1.30  3.750117152396156E-01  2.584080616713722E-04 48351374	  63       1.20       1.30  3.648635006302030E-01  2.490104505091252E-04 48351374	  63       1.20       1.30  3.648635006302030E-01  2.490104505091252E-04 48351374	  63       1.20       1.30  3.846358042032041E-01  2.683498209869584E-04 48351374	  63       1.20       1.30  3.846358042032041E-01  2.683498209869584E-04 48351374	  63       1.20       1.30  3.750117152396156E-01  2.584080616713722E-04 48351374
  64       1.30       1.40  4.070485409851788E-01  2.790408341941748E-04 50542347	  64       1.30       1.40  4.070485409851788E-01  2.790408341941748E-04 50542347	  64       1.30       1.40  3.956503732736745E-01  2.684568554514065E-04 50542347	  64       1.30       1.40  3.956503732736745E-01  2.684568554514065E-04 50542347	  64       1.30       1.40  4.179902677983275E-01  2.903354378313503E-04 50542347	  64       1.30       1.40  4.179902677983275E-01  2.903354378313503E-04 50542347	  64       1.30       1.40  4.070485409851788E-01  2.790408341941748E-04 50542347
  65       1.40       1.50  4.410209042771714E-01  3.024212289581520E-04 52850473	  65       1.40       1.50  4.410209042771714E-01  3.024212289581520E-04 52850473	  65       1.40       1.50  4.282640682491120E-01  2.905166177804661E-04 52850473	  65       1.40       1.50  4.282640682491120E-01  2.905166177804661E-04 52850473	  65       1.40       1.50  4.534014568714382E-01  3.152159703554077E-04 52850473	  65       1.40       1.50  4.534014568714382E-01  3.152159703554077E-04 52850473	  65       1.40       1.50  4.410209042771714E-01  3.024212289581520E-04 52850473
  66       1.50       1.60  4.752016409051867E-01  3.254639009478510E-04 55413165	  66       1.50       1.60  4.752016409051867E-01  3.254639009478510E-04 55413165	  66       1.50       1.60  4.610058899521380E-01  3.120897964521196E-04 55413165	  66       1.50       1.60  4.610058899521380E-01  3.120897964521196E-04 55413165	  66       1.50       1.60  4.891207275292148E-01  3.399677086718832E-04 55413165	  66       1.50       1.60  4.891207275292148E-01  3.399677086718832E-04 55413165	  66       1.50       1.60  4.752016409051867E-01  3.254639009478510E-04 55413165
  67       1.60       1.70  5.110822018831818E-01  3.508001708510045E-04 58151194	  67       1.60       1.70  5.110822018831818E-01  3.508001708510045E-04 58151194	  67       1.60       1.70  4.952616512495810E-01  3.358337108313791E-04 58151194	  67       1.60       1.70  4.952616512495810E-01  3.358337108313791E-04 58151194	  67       1.60       1.70  5.267609153856028E-01  3.671386357037989E-04 58151194	  67       1.60       1.70  5.267609153856028E-01  3.671386357037989E-04 58151194	  67       1.60       1.70  5.110822018831818E-01  3.508001708510045E-04 58151194
  68       1.70       1.80  5.473649125626084E-01  3.759876614086687E-04 60830971	  68       1.70       1.80  5.473649125626084E-01  3.759876614086687E-04 60830971	  68       1.70       1.80  5.298452865649531E-01  3.594187488585463E-04 60830971	  68       1.70       1.80  5.298452865649531E-01  3.594187488585463E-04 60830971	  68       1.70       1.80  5.648915832309799E-01  3.941801237898041E-04 60830971	  68       1.70       1.80  5.648915832309799E-01  3.941801237898041E-04 60830971	  68       1.70       1.80  5.473649125626084E-01  3.759876614086687E-04 60830971
  69       1.80       1.90  5.841222781004716E-01  4.044055226627835E-04 63514398	  69       1.80       1.90  5.841222781004716E-01  4.044055226627835E-04 63514398	  69       1.80       1.90  5.647883424473051E-01  3.858657887509339E-04 63514398	  69       1.80       1.90  5.647883424473051E-01  3.858657887509339E-04 63514398	  69       1.80       1.90  6.036400132056599E-01  4.248912979596057E-04 63514398	  69       1.80       1.90  6.036400132056599E-01  4.248912979596057E-04 63514398	  69       1.80       1.90  5.841222781004716E-01  4.044055226627835E-04 63514398
  70       1.90       2.00  6.217825388316226E-01  4.324351547714651E-04 66135737	  70       1.90       2.00  6.217825388316226E-01  4.324351547714651E-04 66135737	  70       1.90       2.00  6.005250807476221E-01  4.119692480200569E-04 66135737	  70       1.90       2.00  6.005250807476221E-01  4.119692480200569E-04 66135737	  70       1.90       2.00  6.434220011787316E-01  4.551719892045129E-04 66135737	  70       1.90       2.00  6.434220011787316E-01  4.551719892045129E-04 66135737	  70       1.90       2.00  6.217825388316226E-01  4.324351547714651E-04 66135737
  71       2.00       2.10  6.586361989448996E-01  4.610309449647377E-04 68647862	  71       2.00       2.10  6.586361989448996E-01  4.610309449647377E-04 68647862	  71       2.00       2.10  6.353783355469574E-01  4.385913552177345E-04 68647862	  71       2.00       2.10  6.353783355469574E-01  4.385913552177345E-04 68647862	  71       2.00       2.10  6.825004548311874E-01  4.860629899122270E-04 68647862	  71       2.00       2.10  6.825004548311874E-01  4.860629899122270E-04 68647862	  71       2.00       2.10  6.586361989448996E-01  4.610309449647377E-04 68647862
  72       2.10       2.20  6.950163732239099E-01  4.923692113695772E-04 71115132	  72       2.10       2.20  6.950163732239099E-01  4.923692113695772E-04 71115132	  72       2.10       2.20  6.696393219633288E-01  4.674384303506163E-04 71115132	  72       2.10       2.20  6.696393219633288E-01  4.674384303506163E-04 71115132	  72       2.10       2.20  7.212597912307244E-01  5.203493788841200E-04 71115132	  72       2.10       2.20  7.212597912307244E-01  5.203493788841200E-04 71115132	  72       2.10       2.20  6.950163732239099E-01  4.923692113695772E-04 71115132
  73       2.20       2.30  7.327028638587899E-01  5.235962230085448E-04 73504326	  73       2.20       2.30  7.327028638587899E-01  5.235962230085448E-04 73504326	  73       2.20       2.30  7.050420125848882E-01  4.962299533216894E-04 73504326	  73       2.20       2.30  7.050420125848882E-01  4.962299533216894E-04 73504326	  73       2.20       2.30  7.615208117359568E-01  5.544575370382936E-04 73504326	  73       2.20       2.30  7.615208117359568E-01  5.544575370382936E-04 73504326	  73       2.20       2.30  7.327028638587899E-01  5.235962230085448E-04 73504326
  74       2.30       2.40  7.666882525430615E-01  5.553861147160047E-04 75772136	  74       2.30       2.40  7.666882525430615E-01  5.553861147160047E-04 75772136	  74       2.30       2.40  7.368362964785080E-01  5.254042182388332E-04 75772136	  74       2.30       2.40  7.368362964785080E-01  5.254042182388332E-04 75772136	  74       2.30       2.40  7.979939077393933E-01  5.893487656952414E-04 75772136	  74       2.30       2.40  7.979939077393933E-01  5.893487656952414E-04 75772136	  74       2.30       2.40  7.666882525430615E-01  5.553861147160047E-04 75772136
  75       2.40       2.50  8.027360782364520E-01  5.881828545543380E-04 77941085	  75       2.40       2.50  8.027360782364520E-01  5.881828545543380E-04 77941085	  75       2.40       2.50  7.704869557015069E-01  5.554310689959756E-04 77941085	  75       2.40       2.50  7.704869557015069E-01  5.554310689959756E-04 77941085	  75       2.40       2.50  8.367686073128130E-01  6.254509307667947E-04 77941085	  75       2.40       2.50  8.367686073128130E-01  6.254509307667947E-04 77941085	  75       2.40       2.50  8.027360782364520E-01  5.881828545543380E-04 77941085
  76       2.50       2.60  8.345931934686673E-01  6.204413860793238E-04 79983499	  76       2.50       2.60  8.345931934686673E-01  6.204413860793238E-04 79983499	  76       2.50       2.60  7.999737944499065E-01  5.847613314611893E-04 79983499	  76       2.50       2.60  7.999737944499065E-01  5.847613314611893E-04 79983499	  76       2.50       2.60  8.713574400015769E-01  6.612196299475104E-04 79983499	  76       2.50       2.60  8.713574400015769E-01  6.612196299475104E-04 79983499	  76       2.50       2.60  8.345931934686673E-01  6.204413860793238E-04 79983499
  77       2.60       2.70  8.643176009596687E-01  6.508264021073219E-04 81889187	  77       2.60       2.70  8.643176009596687E-01  6.508264021073219E-04 81889187	  77       2.60       2.70  8.273464438182492E-01  6.124654197446285E-04 81889187	  77       2.60       2.70  8.273464438182492E-01  6.124654197446285E-04 81889187	  77       2.60       2.70  9.038018071650756E-01  6.947928654363018E-04 81889187	  77       2.60       2.70  9.038018071650756E-01  6.947928654363018E-04 81889187	  77       2.60       2.70  8.643176009596687E-01  6.508264021073219E-04 81889187
  78       2.70       2.80  8.918482366976963E-01  6.799574678399477E-04 83635322	  78       2.70       2.80  8.918482366976963E-01  6.799574678399477E-04 83635322	  78       2.70       2.80  8.525234686438706E-01  6.386210767574808E-04 83635322	  78       2.70       2.80  8.525234686438706E-01  6.386210767574808E-04 83635322	  78       2.70       2.80  9.340736659287689E-01  7.275283031183915E-04 83635322	  78       2.70       2.80  9.340736659287689E-01  7.275283031183915E-04 83635322	  78       2.70       2.80  8.918482366976963E-01  6.799574678399477E-04 83635322
  79       2.80       2.90  9.166524910158229E-01  7.081007257938190E-04 85229064	  79       2.80       2.90  9.166524910158229E-01  7.081007257938190E-04 85229064	  79       2.80       2.90  8.749748823022210E-01  6.640908753167746E-04 85229064	  79       2.80       2.90  8.749748823022210E-01  6.640908753167746E-04 85229064	  79       2.80       2.90  9.616402279757305E-01  7.588764529807967E-04 85229064	  79       2.80       2.90  9.616402279757305E-01  7.588764529807967E-04 85229064	  79       2.80       2.90  9.166524910158229E-01  7.081007257938190E-04 85229064
  80       2.90       3.00  9.356136932531556E-01  7.400176150805925E-04 86625030	  80       2.90       3.00  9.356136932531556E-01  7.400176150805925E-04 86625030	  80       2.90       3.00  8.917924705726227E-01  6.925757804156615E-04 86625030	  80       2.90       3.00  8.917924705726227E-01  6.925757804156615E-04 86625030	  80       2.90       3.00  9.831445165850712E-01  7.949893111824074E-04 86625030	  80       2.90       3.00  9.831445165850712E-01  7.949893111824074E-04 86625030	  80       2.90       3.00  9.356136932531556E-01  7.400176150805925E-04 86625030
  81       3.00       3.10  9.506792341636027E-01  7.642151457922702E-04 87834613	  81       3.00       3.10  9.506792341636027E-01  7.642151457922702E-04 87834613	  81       3.00       3.10  9.047346917780581E-01  7.136819224658566E-04 87834613	  81       3.00       3.10  9.047346917780581E-01  7.136819224658566E-04 87834613	  81       3.00       3.10  1.000763454857628E+00  8.229813074357089E-04 87834613	  81       3.00       3.10  1.000763454857628E+00  8.229813074357089E-04 87834613	  81       3.00       3.10  9.506792341636027E-01  7.642151457922702E-04 87834613
  82       3.10       3.20  9.593934311066681E-01  7.843973656053348E-04 88836475	  82       3.10       3.20  9.593934311066681E-01  7.843973656053348E-04 88836475	  82       3.10       3.20  9.116259799403430E-01  7.310579921003460E-04 88836475	  82       3.10       3.20  9.116259799403430E-01  7.310579921003460E-04 88836475	  82       3.10       3.20  1.011702085044521E+00  8.466666455046051E-04 88836475	  82       3.10       3.20  1.011702085044521E+00  8.466666455046051E-04 88836475	  82       3.10       3.20  9.593934311066681E-01  7.843973656053348E-04 88836475
  83       3.20       3.30  9.630519820818025E-01  8.056590981997233E-04 89600817	  83       3.20       3.30  9.630519820818025E-01  8.056590981997233E-04 89600817	  83       3.20       3.30  9.136702473359556E-01  7.494409001155273E-04 89600817	  83       3.20       3.30  9.136702473359556E-01  7.494409001155273E-04 89600817	  83       3.20       3.30  1.017362521583498E+00  8.714760507554699E-04 89600817	  83       3.20       3.30  1.017362521583498E+00  8.714760507554699E-04 89600817	  83       3.20       3.30  9.630519820818025E-01  8.056590981997233E-04 89600817
  84       3.30       3.40  9.592968371361602E-01  8.192955014097913E-04 90107631	  84       3.30       3.40  9.592968371361602E-01  8.192955014097913E-04 90107631	  84       3.30       3.40  9.085649966739943E-01  7.604863222038669E-04 90107631	  84       3.30       3.40  9.085649966739943E-01  7.604863222038669E-04 90107631	  84       3.30       3.40  1.015344638855691E+00  8.884285600529264E-04 90107631	  84       3.30       3.40  1.015344638855691E+00  8.884285600529264E-04 90107631	  84       3.30       3.40  9.592968371361602E-01  8.192955014097913E-04 90107631
  85       3.40       3.50  9.496652360859170E-01  8.310426304713579E-04 90354713	  85       3.40       3.50  9.496652360859170E-01  8.310426304713579E-04 90354713	  85       3.40       3.50  8.979619233763664E-01  7.699052700905357E-04 90354713	  85       3.40       3.50  8.979619233763664E-01  7.699052700905357E-04 90354713	  85       3.40       3.50  1.007018770608205E+00  9.031528300232019E-04 90354713	  85       3.40       3.50  1.007018770608205E+00  9.031528300232019E-04 90354713	  85       3.40       3.50  9.496652360859170E-01  8.310426304713579E-04 90354713
  86       3.50       3.60  9.333804778364294E-01  8.705526663899649E-04 90312089	  86       3.50       3.60  9.333804778364294E-01  8.705526663899649E-04 90312089	  86       3.50       3.60  8.809603415537567E-01  8.008204032166794E-04 90312089	  86       3.50       3.60  8.809603415537567E-01  8.008204032166794E-04 90312089	  86       3.50       3.60  9.917826909628511E-01  9.540870117996235E-04 90312089	  86       3.50       3.60  9.917826909628511E-01  9.540870117996235E-04 90312089	  86       3.50       3.60  9.333804778364294E-01  8.705526663899649E-04 90312089
  87       3.60       3.70  9.089826718016070E-01  8.331440077789010E-04 89949138	  87       3.60       3.70  9.089826718016070E-01  8.331440077789010E-04 89949138	  87       3.60       3.70  8.563759472063028E-01  7.683818844355459E-04 89949138	  87       3.60       3.70  8.563759472063028E-01  7.683818844355459E-04 89949138	  87       3.60       3.70  9.678349373911722E-01  9.100857643160235E-04 89949138	  87       3.60       3.70  9.678349373911722E-01  9.100857643160235E-04 89949138	  87       3.60       3.70  9.089826718016070E-01  8.331440077789010E-04 89949138
  88       3.70       3.80  8.789907222029552E-01  8.345468333835718E-04 89257043	  88       3.70       3.80  8.789907222029552E-01  8.345468333835718E-04 89257043	  88       3.70       3.80  8.266233843068812E-01  7.682105852843122E-04 89257043	  88       3.70       3.80  8.266233843068812E-01  7.682105852843122E-04 89257043	  88       3.70       3.80  9.377974722709191E-01  9.135627710817305E-04 89257043	  88       3.70       3.80  9.377974722709191E-01  9.135627710817305E-04 89257043	  88       3.70       3.80  8.789907222029552E-01  8.345468333835718E-04 89257043
  89       3.80       3.90  8.413524090430845E-01  8.234833623789841E-04 88210135	  89       3.80       3.90  8.413524090430845E-01  8.234833623789841E-04 88210135	  89       3.80       3.90  7.897159838233123E-01  7.566831063155417E-04 88210135	  89       3.80       3.90  7.897159838233123E-01  7.566831063155417E-04 88210135	  89       3.80       3.90  8.995663080019963E-01  9.032317993242003E-04 88210135	  89       3.80       3.90  8.995663080019963E-01  9.032317993242003E-04 88210135	  89       3.80       3.90  8.413524090430845E-01  8.234833623789841E-04 88210135
  90       3.90       4.00  7.964374570307057E-01  8.252476406833915E-04 86789240	  90       3.90       4.00  7.964374570307057E-01  8.252476406833915E-04 86789240	  90       3.90       4.00  7.460519887995193E-01  7.562638080817458E-04 86789240	  90       3.90       4.00  7.460519887995193E-01  7.562638080817458E-04 86789240	  90       3.90       4.00  8.534750991613416E-01  9.079333984322882E-04 86789240	  90       3.90       4.00  8.534750991613416E-01  9.079333984322882E-04 86789240	  90       3.90       4.00  7.964374570307057E-01  8.252476406833915E-04 86789240
  91       4.00       4.10  0.000000000000000E+00  0.000000000000000E+00 0	  91       4.00       4.10  0.000000000000000E+00  0.000000000000000E+00 0	  91       4.00       4.10  0.000000000000000E+00  0.000000000000000E+00 0	  91       4.00       4.10  0.000000000000000E+00  0.000000000000000E+00 0	  91       4.00       4.10  0.000000000000000E+00  0.000000000000000E+00 0	  91       4.00       4.10  0.000000000000000E+00  0.000000000000000E+00 0	  91       4.00       4.10  0.000000000000000E+00  0.000000000000000E+00 0
  92       4.10       4.20  0.000000000000000E+00  0.000000000000000E+00 0	  92       4.10       4.20  0.000000000000000E+00  0.000000000000000E+00 0	  92       4.10       4.20  0.000000000000000E+00  0.000000000000000E+00 0	  92       4.10       4.20  0.000000000000000E+00  0.000000000000000E+00 0	  92       4.10       4.20  0.000000000000000E+00  0.000000000000000E+00 0	  92       4.10       4.20  0.000000000000000E+00  0.000000000000000E+00 0	  92       4.10       4.20  0.000000000000000E+00  0.000000000000000E+00 0
  93       4.20       4.30  0.000000000000000E+00  0.000000000000000E+00 0	  93       4.20       4.30  0.000000000000000E+00  0.000000000000000E+00 0	  93       4.20       4.30  0.000000000000000E+00  0.000000000000000E+00 0	  93       4.20       4.30  0.000000000000000E+00  0.000000000000000E+00 0	  93       4.20       4.30  0.000000000000000E+00  0.000000000000000E+00 0	  93       4.20       4.30  0.000000000000000E+00  0.000000000000000E+00 0	  93       4.20       4.30  0.000000000000000E+00  0.000000000000000E+00 0
  94       4.30       4.40  0.000000000000000E+00  0.000000000000000E+00 0	  94       4.30       4.40  0.000000000000000E+00  0.000000000000000E+00 0	  94       4.30       4.40  0.000000000000000E+00  0.000000000000000E+00 0	  94       4.30       4.40  0.000000000000000E+00  0.000000000000000E+00 0	  94       4.30       4.40  0.000000000000000E+00  0.000000000000000E+00 0	  94       4.30       4.40  0.000000000000000E+00  0.000000000000000E+00 0	  94       4.30       4.40  0.000000000000000E+00  0.000000000000000E+00 0
  95       4.40       4.50  0.000000000000000E+00  0.000000000000000E+00 0	  95       4.40       4.50  0.000000000000000E+00  0.000000000000000E+00 0	  95       4.40       4.50  0.000000000000000E+00  0.000000000000000E+00 0	  95       4.40       4.50  0.000000000000000E+00  0.000000000000000E+00 0	  95       4.40       4.50  0.000000000000000E+00  0.000000000000000E+00 0	  95       4.40       4.50  0.000000000000000E+00  0.000000000000000E+00 0	  95       4.40       4.50  0.000000000000000E+00  0.000000000000000E+00 0
  96       4.50       4.60  0.000000000000000E+00  0.000000000000000E+00 0	  96       4.50       4.60  0.000000000000000E+00  0.000000000000000E+00 0	  96       4.50       4.60  0.000000000000000E+00  0.000000000000000E+00 0	  96       4.50       4.60  0.000000000000000E+00  0.000000000000000E+00 0	  96       4.50       4.60  0.000000000000000E+00  0.000000000000000E+00 0	  96       4.50       4.60  0.000000000000000E+00  0.000000000000000E+00 0	  96       4.50       4.60  0.000000000000000E+00  0.000000000000000E+00 0
  97       4.60       4.70  0.000000000000000E+00  0.000000000000000E+00 0	  97       4.60       4.70  0.000000000000000E+00  0.000000000000000E+00 0	  97       4.60       4.70  0.000000000000000E+00  0.000000000000000E+00 0	  97       4.60       4.70  0.000000000000000E+00  0.000000000000000E+00 0	  97       4.60       4.70  0.000000000000000E+00  0.000000000000000E+00 0	  97       4.60       4.70  0.000000000000000E+00  0.000000000000000E+00 0	  97       4.60       4.70  0.000000000000000E+00  0.000000000000000E+00 0
  98       4.70       4.80  0.000000000000000E+00  0.000000000000000E+00 0	  98       4.70       4.80  0.000000000000000E+00  0.000000000000000E+00 0	  98       4.70       4.80  0.000000000000000E+00  0.000000000000000E+00 0	  98       4.70       4.80  0.000000000000000E+00  0.000000000000000E+00 0	  98       4.70       4.80  0.000000000000000E+00  0.000000000000000E+00 0	  98       4.70       4.80  0.000000000000000E+00  0.000000000000000E+00 0	  98       4.70       4.80  0.000000000000000E+00  0.000000000000000E+00 0
  99       4.80       4.90  0.000000000000000E+00  0.000000000000000E+00 0	  99       4.80       4.90  0.000000000000000E+00  0.000000000000000E+00 0	  99       4.80       4.90  0.000000000000000E+00  0.000000000000000E+00 0	  99       4.80       4.90  0.000000000000000E+00  0.000000000000000E+00 0	  99       4.80       4.90  0.000000000000000E+00  0.000000000000000E+00 0	  99       4.80       4.90  0.000000000000000E+00  0.000000000000000E+00 0	  99       4.80       4.90  0.000000000000000E+00  0.000000000000000E+00 0
 100       4.90       5.00  0.000000000000000E+00  0.000000000000000E+00 0	 100       4.90       5.00  0.000000000000000E+00  0.000000000000000E+00 0	 100       4.90       5.00  0.000000000000000E+00  0.000000000000000E+00 0	 100       4.90       5.00  0.000000000000000E+00  0.000000000000000E+00 0	 100       4.90       5.00  0.000000000000000E+00  0.000000000000000E+00 0	 100       4.90       5.00  0.000000000000000E+00  0.000000000000000E+00 0	 100       4.90       5.00  0.000000000000000E+00  0.000000000000000E+00 0
# Underflow:                 0.0000000000000000E+00  0.0000000000000000E+00 0
# Overflow:                  0.0000000000000000E+00  0.0000000000000000E+00 0
#-------------------------------------------------------------------------------------	#-------------------------------------------------------------------------------------	#-------------------------------------------------------------------------------------	#-------------------------------------------------------------------------------------	#-------------------------------------------------------------------------------------	#-------------------------------------------------------------------------------------	#-------------------------------------------------------------------------------------
# Sum:                       5.2751646661200824E-01  8.4880907925640974E-05 508479000
#=====================================================================================	#=====================================================================================	#=====================================================================================	#=====================================================================================	#=====================================================================================	#=====================================================================================	#=====================================================================================
