# title = CMS Energy
# xlabel = $\sqrt{\hat{s}}\,$[GeV]
# ylabel = $\frac{\text{d}\sigma}{\text{d}\sqrt{\hat{s}}}\,\left[\frac{\text{fb}}{\text{GeV}}\right]$
# xmin=  5.000E+02
# xmax=  4.000E+03
# ymin=  1.000E-07
# ymax=  1.000E-03
# kmin= -2.000E+01
# kmax=  1.000E+01
# logscale = true
# Renormalization and factorization scale scaled by: 1.0000000000
# Renormalization scaled by: 1.0000000000
# Number of generated events: 6885073
#	#	#	#	#	#	#
#=====================================================================================	#=====================================================================================	#=====================================================================================	#=====================================================================================	#=====================================================================================	#=====================================================================================	#=====================================================================================
# No.       Left      Right                   Value                   Error Hits
#-------------------------------------------------------------------------------------	#-------------------------------------------------------------------------------------	#-------------------------------------------------------------------------------------	#-------------------------------------------------------------------------------------	#-------------------------------------------------------------------------------------	#-------------------------------------------------------------------------------------	#-------------------------------------------------------------------------------------
   1       0.00     100.00  0.000000000000000E+00  0.000000000000000E+00 0	   1       0.00     100.00  0.000000000000000E+00  0.000000000000000E+00 0	   1       0.00     100.00  0.000000000000000E+00  0.000000000000000E+00 0	   1       0.00     100.00  0.000000000000000E+00  0.000000000000000E+00 0	   1       0.00     100.00  0.000000000000000E+00  0.000000000000000E+00 0	   1       0.00     100.00  0.000000000000000E+00  0.000000000000000E+00 0	   1       0.00     100.00  0.000000000000000E+00  0.000000000000000E+00 0
   2     100.00     200.00  0.000000000000000E+00  0.000000000000000E+00 0	   2     100.00     200.00  0.000000000000000E+00  0.000000000000000E+00 0	   2     100.00     200.00  0.000000000000000E+00  0.000000000000000E+00 0	   2     100.00     200.00  0.000000000000000E+00  0.000000000000000E+00 0	   2     100.00     200.00  0.000000000000000E+00  0.000000000000000E+00 0	   2     100.00     200.00  0.000000000000000E+00  0.000000000000000E+00 0	   2     100.00     200.00  0.000000000000000E+00  0.000000000000000E+00 0
   3     200.00     300.00  0.000000000000000E+00  0.000000000000000E+00 0	   3     200.00     300.00  0.000000000000000E+00  0.000000000000000E+00 0	   3     200.00     300.00  0.000000000000000E+00  0.000000000000000E+00 0	   3     200.00     300.00  0.000000000000000E+00  0.000000000000000E+00 0	   3     200.00     300.00  0.000000000000000E+00  0.000000000000000E+00 0	   3     200.00     300.00  0.000000000000000E+00  0.000000000000000E+00 0	   3     200.00     300.00  0.000000000000000E+00  0.000000000000000E+00 0
   4     300.00     400.00  0.000000000000000E+00  0.000000000000000E+00 0	   4     300.00     400.00  0.000000000000000E+00  0.000000000000000E+00 0	   4     300.00     400.00  0.000000000000000E+00  0.000000000000000E+00 0	   4     300.00     400.00  0.000000000000000E+00  0.000000000000000E+00 0	   4     300.00     400.00  0.000000000000000E+00  0.000000000000000E+00 0	   4     300.00     400.00  0.000000000000000E+00  0.000000000000000E+00 0	   4     300.00     400.00  0.000000000000000E+00  0.000000000000000E+00 0
   5     400.00     500.00  0.000000000000000E+00  0.000000000000000E+00 0	   5     400.00     500.00  0.000000000000000E+00  0.000000000000000E+00 0	   5     400.00     500.00  0.000000000000000E+00  0.000000000000000E+00 0	   5     400.00     500.00  0.000000000000000E+00  0.000000000000000E+00 0	   5     400.00     500.00  0.000000000000000E+00  0.000000000000000E+00 0	   5     400.00     500.00  0.000000000000000E+00  0.000000000000000E+00 0	   5     400.00     500.00  0.000000000000000E+00  0.000000000000000E+00 0
   6     500.00     600.00  0.000000000000000E+00  0.000000000000000E+00 0	   6     500.00     600.00  0.000000000000000E+00  0.000000000000000E+00 0	   6     500.00     600.00  0.000000000000000E+00  0.000000000000000E+00 0	   6     500.00     600.00  0.000000000000000E+00  0.000000000000000E+00 0	   6     500.00     600.00  0.000000000000000E+00  0.000000000000000E+00 0	   6     500.00     600.00  0.000000000000000E+00  0.000000000000000E+00 0	   6     500.00     600.00  0.000000000000000E+00  0.000000000000000E+00 0
   7     600.00     700.00  4.115914167317669E-06  3.519407771385201E-08 9607929	   7     600.00     700.00  4.115914167317669E-06  3.519407771385201E-08 9607929	   7     600.00     700.00  4.305041935390500E-06  3.639493292462943E-08 9607929	   7     600.00     700.00  4.305041935390500E-06  3.639493292462943E-08 9607929	   7     600.00     700.00  3.872295541838944E-06  3.359417229455937E-08 9607929	   7     600.00     700.00  3.872295541838944E-06  3.359417229455937E-08 9607929	   7     600.00     700.00  4.115914167317669E-06  3.519407771385201E-08 9607929
   8     700.00     800.00  2.015189121337250E-04  3.824761583399240E-07 85805482	   8     700.00     800.00  2.015189121337250E-04  3.824761583399240E-07 85805482	   8     700.00     800.00  2.091161981782619E-04  3.901196126190711E-07 85805482	   8     700.00     800.00  2.091161981782619E-04  3.901196126190711E-07 85805482	   8     700.00     800.00  1.914023888722911E-04  3.715190038897172E-07 85805482	   8     700.00     800.00  1.914023888722911E-04  3.715190038897172E-07 85805482	   8     700.00     800.00  2.015189121337250E-04  3.824761583399240E-07 85805482
   9     800.00     900.00  6.062385018180171E-04  8.772750574243272E-07 146363396	   9     800.00     900.00  6.062385018180171E-04  8.772750574243272E-07 146363396	   9     800.00     900.00  6.240802179385792E-04  8.922312604721165E-07 146363396	   9     800.00     900.00  6.240802179385792E-04  8.922312604721165E-07 146363396	   9     800.00     900.00  5.813332762115862E-04  8.541474970646741E-07 146363396	   9     800.00     900.00  5.813332762115862E-04  8.541474970646741E-07 146363396	   9     800.00     900.00  6.062385018180171E-04  8.772750574243272E-07 146363396
  10     900.00    1000.00  9.373220033984797E-04  1.324599039757552E-06 180264389	  10     900.00    1000.00  9.373220033984797E-04  1.324599039757552E-06 180264389	  10     900.00    1000.00  9.575978610118428E-04  1.341529236686694E-06 180264389	  10     900.00    1000.00  9.575978610118428E-04  1.341529236686694E-06 180264389	  10     900.00    1000.00  9.069925726168636E-04  1.295931254778399E-06 180264389	  10     900.00    1000.00  9.069925726168636E-04  1.295931254778399E-06 180264389	  10     900.00    1000.00  9.373220033984797E-04  1.324599039757552E-06 180264389
  11    1000.00    1100.00  1.159723952909757E-03  2.060065042958268E-06 196172364	  11    1000.00    1100.00  1.159723952909757E-03  2.060065042958268E-06 196172364	  11    1000.00    1100.00  1.176900111145927E-03  2.058403273207591E-06 196172364	  11    1000.00    1100.00  1.176900111145927E-03  2.058403273207591E-06 196172364	  11    1000.00    1100.00  1.131175603302139E-03  2.048533970330145E-06 196172364	  11    1000.00    1100.00  1.131175603302139E-03  2.048533970330145E-06 196172364	  11    1000.00    1100.00  1.159723952909757E-03  2.060065042958268E-06 196172364
  12    1100.00    1200.00  1.301440808297752E-03  2.115267573266203E-06 201138533	  12    1100.00    1200.00  1.301440808297752E-03  2.115267573266203E-06 201138533	  12    1100.00    1200.00  1.312689814337491E-03  2.115471891132594E-06 201138533	  12    1100.00    1200.00  1.312689814337491E-03  2.115471891132594E-06 201138533	  12    1100.00    1200.00  1.278625522260906E-03  2.100900266259521E-06 201138533	  12    1100.00    1200.00  1.278625522260906E-03  2.100900266259521E-06 201138533	  12    1100.00    1200.00  1.301440808297752E-03  2.115267573266203E-06 201138533
  13    1200.00    1300.00  1.379509866335145E-03  2.643114486379264E-06 200249759	  13    1200.00    1300.00  1.379509866335145E-03  2.643114486379264E-06 200249759	  13    1200.00    1300.00  1.383879108017862E-03  2.632115763948960E-06 200249759	  13    1200.00    1300.00  1.383879108017862E-03  2.632115763948960E-06 200249759	  13    1200.00    1300.00  1.364101692737854E-03  2.638803547505931E-06 200249759	  13    1200.00    1300.00  1.364101692737854E-03  2.638803547505931E-06 200249759	  13    1200.00    1300.00  1.379509866335145E-03  2.643114486379264E-06 200249759
  14    1300.00    1400.00  1.426308623068415E-03  3.060528300244849E-06 196279454	  14    1300.00    1400.00  1.426308623068415E-03  3.060528300244849E-06 196279454	  14    1300.00    1400.00  1.423559951204362E-03  3.031120627382558E-06 196279454	  14    1300.00    1400.00  1.423559951204362E-03  3.031120627382558E-06 196279454	  14    1300.00    1400.00  1.418883011225650E-03  3.075939234994838E-06 196279454	  14    1300.00    1400.00  1.418883011225650E-03  3.075939234994838E-06 196279454	  14    1300.00    1400.00  1.426308623068415E-03  3.060528300244849E-06 196279454
  15    1400.00    1500.00  1.432347637761353E-03  3.576811676625703E-06 190667550	  15    1400.00    1500.00  1.432347637761353E-03  3.576811676625703E-06 190667550	  15    1400.00    1500.00  1.423128681620862E-03  3.529628980868452E-06 190667550	  15    1400.00    1500.00  1.423128681620862E-03  3.529628980868452E-06 190667550	  15    1400.00    1500.00  1.432529872028935E-03  3.609819430324278E-06 190667550	  15    1400.00    1500.00  1.432529872028935E-03  3.609819430324278E-06 190667550	  15    1400.00    1500.00  1.432347637761353E-03  3.576811676625703E-06 190667550
  16    1500.00    1600.00  1.427626378045529E-03  3.659877338307797E-06 184280972	  16    1500.00    1600.00  1.427626378045529E-03  3.659877338307797E-06 184280972	  16    1500.00    1600.00  1.412438028747013E-03  3.594008446892842E-06 184280972	  16    1500.00    1600.00  1.412438028747013E-03  3.594008446892842E-06 184280972	  16    1500.00    1600.00  1.434937333150049E-03  3.714555801963618E-06 184280972	  16    1500.00    1600.00  1.434937333150049E-03  3.714555801963618E-06 184280972	  16    1500.00    1600.00  1.427626378045529E-03  3.659877338307797E-06 184280972
  17    1600.00    1700.00  1.404928046869614E-03  4.073083608981814E-06 177551293	  17    1600.00    1700.00  1.404928046869614E-03  4.073083608981814E-06 177551293	  17    1600.00    1700.00  1.384416813518562E-03  3.991441325580156E-06 177551293	  17    1600.00    1700.00  1.384416813518562E-03  3.991441325580156E-06 177551293	  17    1600.00    1700.00  1.418806788991970E-03  4.144158494742578E-06 177551293	  17    1600.00    1700.00  1.418806788991970E-03  4.144158494742578E-06 177551293	  17    1600.00    1700.00  1.404928046869614E-03  4.073083608981814E-06 177551293
  18    1700.00    1800.00  1.371372097957303E-03  4.210170556176941E-06 170732818	  18    1700.00    1800.00  1.371372097957303E-03  4.210170556176941E-06 170732818	  18    1700.00    1800.00  1.346453897521007E-03  4.097888235164690E-06 170732818	  18    1700.00    1800.00  1.346453897521007E-03  4.097888235164690E-06 170732818	  18    1700.00    1800.00  1.390839853347225E-03  4.319620405240346E-06 170732818	  18    1700.00    1800.00  1.390839853347225E-03  4.319620405240346E-06 170732818	  18    1700.00    1800.00  1.371372097957303E-03  4.210170556176941E-06 170732818
  19    1800.00    1900.00  1.324918271531094E-03  4.822614342773363E-06 164016015	  19    1800.00    1900.00  1.324918271531094E-03  4.822614342773363E-06 164016015	  19    1800.00    1900.00  1.296282242297011E-03  4.695883286162258E-06 164016015	  19    1800.00    1900.00  1.296282242297011E-03  4.695883286162258E-06 164016015	  19    1800.00    1900.00  1.349266989661094E-03  4.943888765841894E-06 164016015	  19    1800.00    1900.00  1.349266989661094E-03  4.943888765841894E-06 164016015	  19    1800.00    1900.00  1.324918271531094E-03  4.822614342773363E-06 164016015
  20    1900.00    2000.00  1.264701886575824E-03  6.083487380607090E-06 157463779	  20    1900.00    2000.00  1.264701886575824E-03  6.083487380607090E-06 157463779	  20    1900.00    2000.00  1.233464475426294E-03  5.874432171055180E-06 157463779	  20    1900.00    2000.00  1.233464475426294E-03  5.874432171055180E-06 157463779	  20    1900.00    2000.00  1.292696495900240E-03  6.298785501338507E-06 157463779	  20    1900.00    2000.00  1.292696495900240E-03  6.298785501338507E-06 157463779	  20    1900.00    2000.00  1.264701886575824E-03  6.083487380607090E-06 157463779
  21    2000.00    2100.00  1.227362585587955E-03  6.305252138043240E-06 151175326	  21    2000.00    2100.00  1.227362585587955E-03  6.305252138043240E-06 151175326	  21    2000.00    2100.00  1.193327536177866E-03  6.060339984764684E-06 151175326	  21    2000.00    2100.00  1.193327536177866E-03  6.060339984764684E-06 151175326	  21    2000.00    2100.00  1.259092785957904E-03  6.566636674312975E-06 151175326	  21    2000.00    2100.00  1.259092785957904E-03  6.566636674312975E-06 151175326	  21    2000.00    2100.00  1.227362585587955E-03  6.305252138043240E-06 151175326
  22    2100.00    2200.00  1.178803112746425E-03  5.698898881880081E-06 145100334	  22    2100.00    2200.00  1.178803112746425E-03  5.698898881880081E-06 145100334	  22    2100.00    2200.00  1.142712533203425E-03  5.500332687947207E-06 145100334	  22    2100.00    2200.00  1.142712533203425E-03  5.500332687947207E-06 145100334	  22    2100.00    2200.00  1.213489848774945E-03  5.901621252250761E-06 145100334	  22    2100.00    2200.00  1.213489848774945E-03  5.901621252250761E-06 145100334	  22    2100.00    2200.00  1.178803112746425E-03  5.698898881880081E-06 145100334
  23    2200.00    2300.00  1.126115928544030E-03  6.610443998507489E-06 139327358	  23    2200.00    2300.00  1.126115928544030E-03  6.610443998507489E-06 139327358	  23    2200.00    2300.00  1.088389781608492E-03  6.373011066316038E-06 139327358	  23    2200.00    2300.00  1.088389781608492E-03  6.373011066316038E-06 139327358	  23    2200.00    2300.00  1.163276404128909E-03  6.855051948737126E-06 139327358	  23    2200.00    2300.00  1.163276404128909E-03  6.855051948737126E-06 139327358	  23    2200.00    2300.00  1.126115928544030E-03  6.610443998507489E-06 139327358
  24    2300.00    2400.00  1.078103325193896E-03  7.161401157442497E-06 133803594	  24    2300.00    2400.00  1.078103325193896E-03  7.161401157442497E-06 133803594	  24    2300.00    2400.00  1.039140847983728E-03  6.900479316529767E-06 133803594	  24    2300.00    2400.00  1.039140847983728E-03  6.900479316529767E-06 133803594	  24    2300.00    2400.00  1.117231367322098E-03  7.430292657393268E-06 133803594	  24    2300.00    2400.00  1.117231367322098E-03  7.430292657393268E-06 133803594	  24    2300.00    2400.00  1.078103325193896E-03  7.161401157442497E-06 133803594
  25    2400.00    2500.00  1.026844359574067E-03  7.348755871041886E-06 128550733	  25    2400.00    2500.00  1.026844359574067E-03  7.348755871041886E-06 128550733	  25    2400.00    2500.00  9.873803947564683E-04  7.029226732094971E-06 128550733	  25    2400.00    2500.00  9.873803947564683E-04  7.029226732094971E-06 128550733	  25    2400.00    2500.00  1.067055142845360E-03  7.688319527887269E-06 128550733	  25    2400.00    2500.00  1.067055142845360E-03  7.688319527887269E-06 128550733	  25    2400.00    2500.00  1.026844359574067E-03  7.348755871041886E-06 128550733
  26    2500.00    2600.00  9.727739754621657E-04  8.372916035326469E-06 123594752	  26    2500.00    2600.00  9.727739754621657E-04  8.372916035326469E-06 123594752	  26    2500.00    2600.00  9.330448766485692E-04  8.020991542908179E-06 123594752	  26    2500.00    2600.00  9.330448766485692E-04  8.020991542908179E-06 123594752	  26    2500.00    2600.00  1.013799633040682E-03  8.746416286445930E-06 123594752	  26    2500.00    2600.00  1.013799633040682E-03  8.746416286445930E-06 123594752	  26    2500.00    2600.00  9.727739754621657E-04  8.372916035326469E-06 123594752
  27    2600.00    2700.00  9.427537579038881E-04  6.642474307185454E-06 118855720	  27    2600.00    2700.00  9.427537579038881E-04  6.642474307185454E-06 118855720	  27    2600.00    2700.00  9.018498552975738E-04  6.345772677097579E-06 118855720	  27    2600.00    2700.00  9.018498552975738E-04  6.345772677097579E-06 118855720	  27    2600.00    2700.00  9.855379957391143E-04  6.960855112344100E-06 118855720	  27    2600.00    2700.00  9.855379957391143E-04  6.960855112344100E-06 118855720	  27    2600.00    2700.00  9.427537579038881E-04  6.642474307185454E-06 118855720
  28    2700.00    2800.00  8.887422488005777E-04  7.937941370703022E-06 114352326	  28    2700.00    2800.00  8.887422488005777E-04  7.937941370703022E-06 114352326	  28    2700.00    2800.00  8.483487034032042E-04  7.567560225398428E-06 114352326	  28    2700.00    2800.00  8.483487034032042E-04  7.567560225398428E-06 114352326	  28    2700.00    2800.00  9.314025449187039E-04  8.336731275222205E-06 114352326	  28    2700.00    2800.00  9.314025449187039E-04  8.336731275222205E-06 114352326	  28    2700.00    2800.00  8.887422488005777E-04  7.937941370703022E-06 114352326
  29    2800.00    2900.00  8.207311130874972E-04  1.302223860833562E-05 110091901	  29    2800.00    2900.00  8.207311130874972E-04  1.302223860833562E-05 110091901	  29    2800.00    2900.00  7.816309701853319E-04  1.241103012596930E-05 110091901	  29    2800.00    2900.00  7.816309701853319E-04  1.241103012596930E-05 110091901	  29    2800.00    2900.00  8.624033816234292E-04  1.367911054813235E-05 110091901	  29    2800.00    2900.00  8.624033816234292E-04  1.367911054813235E-05 110091901	  29    2800.00    2900.00  8.207311130874972E-04  1.302223860833562E-05 110091901
  30    2900.00    3000.00  8.015771206149370E-04  7.697161826059632E-06 106035547	  30    2900.00    3000.00  8.015771206149370E-04  7.697161826059632E-06 106035547	  30    2900.00    3000.00  7.617528950327686E-04  7.307357410902568E-06 106035547	  30    2900.00    3000.00  7.617528950327686E-04  7.307357410902568E-06 106035547	  30    2900.00    3000.00  8.443625051763694E-04  8.123402096999829E-06 106035547	  30    2900.00    3000.00  8.443625051763694E-04  8.123402096999829E-06 106035547	  30    2900.00    3000.00  8.015771206149370E-04  7.697161826059632E-06 106035547
  31    3000.00    3100.00  7.499555920951358E-04  8.358228188769841E-06 102181864	  31    3000.00    3100.00  7.499555920951358E-04  8.358228188769841E-06 102181864	  31    3000.00    3100.00  7.113363654856349E-04  7.906052335850175E-06 102181864	  31    3000.00    3100.00  7.113363654856349E-04  7.906052335850175E-06 102181864	  31    3000.00    3100.00  7.917304998396429E-04  8.856216280672709E-06 102181864	  31    3000.00    3100.00  7.917304998396429E-04  8.856216280672709E-06 102181864	  31    3000.00    3100.00  7.499555920951358E-04  8.358228188769841E-06 102181864
  32    3100.00    3200.00  7.098218249628285E-04  9.828529677535465E-06 98517737	  32    3100.00    3200.00  7.098218249628285E-04  9.828529677535465E-06 98517737	  32    3100.00    3200.00  6.717371298568762E-04  9.302932515908433E-06 98517737	  32    3100.00    3200.00  6.717371298568762E-04  9.302932515908433E-06 98517737	  32    3100.00    3200.00  7.513168064943906E-04  1.040752407979635E-05 98517737	  32    3100.00    3200.00  7.513168064943906E-04  1.040752407979635E-05 98517737	  32    3100.00    3200.00  7.098218249628285E-04  9.828529677535465E-06 98517737
  33    3200.00    3300.00  6.873273557573265E-04  7.417295385656808E-06 95052102	  33    3200.00    3300.00  6.873273557573265E-04  7.417295385656808E-06 95052102	  33    3200.00    3300.00  6.491915738040001E-04  6.972888232392404E-06 95052102	  33    3200.00    3300.00  6.491915738040001E-04  6.972888232392404E-06 95052102	  33    3200.00    3300.00  7.291377098726176E-04  7.913817191845328E-06 95052102	  33    3200.00    3300.00  7.291377098726176E-04  7.913817191845328E-06 95052102	  33    3200.00    3300.00  6.873273557573265E-04  7.417295385656808E-06 95052102
  34    3300.00    3400.00  6.488797290151020E-04  7.505196269084373E-06 91727766	  34    3300.00    3400.00  6.488797290151020E-04  7.505196269084373E-06 91727766	  34    3300.00    3400.00  6.116899996394566E-04  7.039137852806913E-06 91727766	  34    3300.00    3400.00  6.116899996394566E-04  7.039137852806913E-06 91727766	  34    3300.00    3400.00  6.898745370675377E-04  8.028102659864657E-06 91727766	  34    3300.00    3400.00  6.898745370675377E-04  8.028102659864657E-06 91727766	  34    3300.00    3400.00  6.488797290151020E-04  7.505196269084373E-06 91727766
  35    3400.00    3500.00  6.090798790704565E-04  1.014264044717939E-05 88576680	  35    3400.00    3500.00  6.090798790704565E-04  1.014264044717939E-05 88576680	  35    3400.00    3500.00  5.728862394831886E-04  9.571716133152931E-06 88576680	  35    3400.00    3500.00  5.728862394831886E-04  9.571716133152931E-06 88576680	  35    3400.00    3500.00  6.492123067716711E-04  1.077605560011045E-05 88576680	  35    3400.00    3500.00  6.492123067716711E-04  1.077605560011045E-05 88576680	  35    3400.00    3500.00  6.090798790704565E-04  1.014264044717939E-05 88576680
  36    3500.00    3600.00  5.765400276160933E-04  1.055120988523213E-05 85579709	  36    3500.00    3600.00  5.765400276160933E-04  1.055120988523213E-05 85579709	  36    3500.00    3600.00  5.413936261067224E-04  9.894391748705129E-06 85579709	  36    3500.00    3600.00  5.413936261067224E-04  9.894391748705129E-06 85579709	  36    3500.00    3600.00  6.156901407344891E-04  1.128885057043440E-05 85579709	  36    3500.00    3600.00  6.156901407344891E-04  1.128885057043440E-05 85579709	  36    3500.00    3600.00  5.765400276160933E-04  1.055120988523213E-05 85579709
  37    3600.00    3700.00  5.175041312314080E-04  1.536930093119042E-05 82702797	  37    3600.00    3700.00  5.175041312314080E-04  1.536930093119042E-05 82702797	  37    3600.00    3700.00  4.848777597959754E-04  1.443312897976628E-05 82702797	  37    3600.00    3700.00  4.848777597959754E-04  1.443312897976628E-05 82702797	  37    3600.00    3700.00  5.540164287640002E-04  1.641820252954805E-05 82702797	  37    3600.00    3700.00  5.540164287640002E-04  1.641820252954805E-05 82702797	  37    3600.00    3700.00  5.175041312314080E-04  1.536930093119042E-05 82702797
  38    3700.00    3800.00  4.946572959337082E-04  1.118211985339476E-05 79994045	  38    3700.00    3800.00  4.946572959337082E-04  1.118211985339476E-05 79994045	  38    3700.00    3800.00  4.628580157846091E-04  1.045199426238254E-05 79994045	  38    3700.00    3800.00  4.628580157846091E-04  1.045199426238254E-05 79994045	  38    3700.00    3800.00  5.303828707665039E-04  1.200770680082657E-05 79994045	  38    3700.00    3800.00  5.303828707665039E-04  1.200770680082657E-05 79994045	  38    3700.00    3800.00  4.946572959337082E-04  1.118211985339476E-05 79994045
  39    3800.00    3900.00  4.794323543644291E-04  1.598959125742724E-05 77382623	  39    3800.00    3900.00  4.794323543644291E-04  1.598959125742724E-05 77382623	  39    3800.00    3900.00  4.477803174923075E-04  1.495860230069289E-05 77382623	  39    3800.00    3900.00  4.477803174923075E-04  1.495860230069289E-05 77382623	  39    3800.00    3900.00  5.151282421686732E-04  1.715625457768125E-05 77382623	  39    3800.00    3900.00  5.151282421686732E-04  1.715625457768125E-05 77382623	  39    3800.00    3900.00  4.794323543644291E-04  1.598959125742724E-05 77382623
  40    3900.00    4000.00  4.821791198673743E-04  7.258724685654037E-06 74891710	  40    3900.00    4000.00  4.821791198673743E-04  7.258724685654037E-06 74891710	  40    3900.00    4000.00  4.495161433175972E-04  6.768307986307340E-06 74891710	  40    3900.00    4000.00  4.495161433175972E-04  6.768307986307340E-06 74891710	  40    3900.00    4000.00  5.191902089439983E-04  7.816373884398432E-06 74891710	  40    3900.00    4000.00  5.191902089439983E-04  7.816373884398432E-06 74891710	  40    3900.00    4000.00  4.821791198673743E-04  7.258724685654037E-06 74891710
  41    4000.00    4100.00  4.444357703847371E-04  8.479166823829200E-06 72521341	  41    4000.00    4100.00  4.444357703847371E-04  8.479166823829200E-06 72521341	  41    4000.00    4100.00  4.136219873379780E-04  7.873657414228752E-06 72521341	  41    4000.00    4100.00  4.136219873379780E-04  7.873657414228752E-06 72521341	  41    4000.00    4100.00  4.794640569062091E-04  9.172662479908477E-06 72521341	  41    4000.00    4100.00  4.794640569062091E-04  9.172662479908477E-06 72521341	  41    4000.00    4100.00  4.444357703847371E-04  8.479166823829200E-06 72521341
  42    4100.00    4200.00  4.140445541422034E-04  9.966305673051431E-06 70234149	  42    4100.00    4200.00  4.140445541422034E-04  9.966305673051431E-06 70234149	  42    4100.00    4200.00  3.845741965471769E-04  9.260852349898292E-06 70234149	  42    4100.00    4200.00  3.845741965471769E-04  9.260852349898292E-06 70234149	  42    4100.00    4200.00  4.476915656701822E-04  1.077264221363797E-05 70234149	  42    4100.00    4200.00  4.476915656701822E-04  1.077264221363797E-05 70234149	  42    4100.00    4200.00  4.140445541422034E-04  9.966305673051431E-06 70234149
  43    4200.00    4300.00  3.868839720367320E-04  1.087263390663304E-05 68055450	  43    4200.00    4300.00  3.868839720367320E-04  1.087263390663304E-05 68055450	  43    4200.00    4300.00  3.587577159165463E-04  1.010043134442339E-05 68055450	  43    4200.00    4300.00  3.587577159165463E-04  1.010043134442339E-05 68055450	  43    4200.00    4300.00  4.190980003965796E-04  1.175609064441761E-05 68055450	  43    4200.00    4300.00  4.190980003965796E-04  1.175609064441761E-05 68055450	  43    4200.00    4300.00  3.868839720367320E-04  1.087263390663304E-05 68055450
  44    4300.00    4400.00  3.578956519987812E-04  1.404185211155342E-05 65979340	  44    4300.00    4400.00  3.578956519987812E-04  1.404185211155342E-05 65979340	  44    4300.00    4400.00  3.313491256222373E-04  1.303836034174970E-05 65979340	  44    4300.00    4400.00  3.313491256222373E-04  1.303836034174970E-05 65979340	  44    4300.00    4400.00  3.883843951731201E-04  1.519076459932183E-05 65979340	  44    4300.00    4400.00  3.883843951731201E-04  1.519076459932183E-05 65979340	  44    4300.00    4400.00  3.578956519987812E-04  1.404185211155342E-05 65979340
  45    4400.00    4500.00  3.375680594292663E-04  1.434854464765243E-05 63992263	  45    4400.00    4500.00  3.375680594292663E-04  1.434854464765243E-05 63992263	  45    4400.00    4500.00  3.120207680378711E-04  1.328869651317638E-05 63992263	  45    4400.00    4500.00  3.120207680378711E-04  1.328869651317638E-05 63992263	  45    4400.00    4500.00  3.670110568519132E-04  1.556684696792132E-05 63992263	  45    4400.00    4500.00  3.670110568519132E-04  1.556684696792132E-05 63992263	  45    4400.00    4500.00  3.375680594292663E-04  1.434854464765243E-05 63992263
  46    4500.00    4600.00  3.187186820474431E-04  2.023192064468572E-05 62053314	  46    4500.00    4600.00  3.187186820474431E-04  2.023192064468572E-05 62053314	  46    4500.00    4600.00  2.945677149680478E-04  1.821501067456286E-05 62053314	  46    4500.00    4600.00  2.945677149680478E-04  1.821501067456286E-05 62053314	  46    4500.00    4600.00  3.465280649729571E-04  2.265699717788140E-05 62053314	  46    4500.00    4600.00  3.465280649729571E-04  2.265699717788140E-05 62053314	  46    4500.00    4600.00  3.187186820474431E-04  2.023192064468572E-05 62053314
  47    4600.00    4700.00  3.015882754339793E-04  1.192274991875773E-05 60217324	  47    4600.00    4700.00  3.015882754339793E-04  1.192274991875773E-05 60217324	  47    4600.00    4700.00  2.778816036675261E-04  1.096997933421821E-05 60217324	  47    4600.00    4700.00  2.778816036675261E-04  1.096997933421821E-05 60217324	  47    4600.00    4700.00  3.290580114783877E-04  1.303010144640697E-05 60217324	  47    4600.00    4700.00  3.290580114783877E-04  1.303010144640697E-05 60217324	  47    4600.00    4700.00  3.015882754339793E-04  1.192274991875773E-05 60217324
  48    4700.00    4800.00  2.670496580333044E-04  1.380902971319723E-05 58449351	  48    4700.00    4800.00  2.670496580333044E-04  1.380902971319723E-05 58449351	  48    4700.00    4800.00  2.456341285157857E-04  1.273091164003144E-05 58449351	  48    4700.00    4800.00  2.456341285157857E-04  1.273091164003144E-05 58449351	  48    4700.00    4800.00  2.919356741440153E-04  1.505976929516422E-05 58449351	  48    4700.00    4800.00  2.919356741440153E-04  1.505976929516422E-05 58449351	  48    4700.00    4800.00  2.670496580333044E-04  1.380902971319723E-05 58449351
  49    4800.00    4900.00  2.802170634812822E-04  8.249020642817525E-06 56774267	  49    4800.00    4900.00  2.802170634812822E-04  8.249020642817525E-06 56774267	  49    4800.00    4900.00  2.574571607135695E-04  7.570798310697757E-06 56774267	  49    4800.00    4900.00  2.574571607135695E-04  7.570798310697757E-06 56774267	  49    4800.00    4900.00  3.067261386161459E-04  9.040126001838407E-06 56774267	  49    4800.00    4900.00  3.067261386161459E-04  9.040126001838407E-06 56774267	  49    4800.00    4900.00  2.802170634812822E-04  8.249020642817525E-06 56774267
  50    4900.00    5000.00  2.610359230757612E-04  8.631741935638895E-06 55148479	  50    4900.00    5000.00  2.610359230757612E-04  8.631741935638895E-06 55148479	  50    4900.00    5000.00  2.395154190774762E-04  7.874064367935967E-06 55148479	  50    4900.00    5000.00  2.395154190774762E-04  7.874064367935967E-06 55148479	  50    4900.00    5000.00  2.861446925743839E-04  9.524874834075378E-06 55148479	  50    4900.00    5000.00  2.861446925743839E-04  9.524874834075378E-06 55148479	  50    4900.00    5000.00  2.610359230757612E-04  8.631741935638895E-06 55148479
  51    5000.00    5100.00  2.481554645159612E-04  7.662803665513043E-06 53597157	  51    5000.00    5100.00  2.481554645159612E-04  7.662803665513043E-06 53597157	  51    5000.00    5100.00  2.272939579843308E-04  7.019470261573880E-06 53597157	  51    5000.00    5100.00  2.272939579843308E-04  7.019470261573880E-06 53597157	  51    5000.00    5100.00  2.725815547869496E-04  8.415686201166271E-06 53597157	  51    5000.00    5100.00  2.725815547869496E-04  8.415686201166271E-06 53597157	  51    5000.00    5100.00  2.481554645159612E-04  7.662803665513043E-06 53597157
  52    5100.00    5200.00  2.505685299220037E-04  6.850069345657150E-06 52082697	  52    5100.00    5200.00  2.505685299220037E-04  6.850069345657150E-06 52082697	  52    5100.00    5200.00  2.291257974545080E-04  6.258361764965784E-06 52082697	  52    5100.00    5200.00  2.291257974545080E-04  6.258361764965784E-06 52082697	  52    5100.00    5200.00  2.757418289567358E-04  7.544756209184729E-06 52082697	  52    5100.00    5200.00  2.757418289567358E-04  7.544756209184729E-06 52082697	  52    5100.00    5200.00  2.505685299220037E-04  6.850069345657150E-06 52082697
  53    5200.00    5300.00  2.095485993054956E-04  2.343761399536952E-05 50634235	  53    5200.00    5300.00  2.095485993054956E-04  2.343761399536952E-05 50634235	  53    5200.00    5300.00  1.912319234093868E-04  2.141428739748783E-05 50634235	  53    5200.00    5300.00  1.912319234093868E-04  2.141428739748783E-05 50634235	  53    5200.00    5300.00  2.311237148037457E-04  2.581327641733024E-05 50634235	  53    5200.00    5300.00  2.311237148037457E-04  2.581327641733024E-05 50634235	  53    5200.00    5300.00  2.095485993054956E-04  2.343761399536952E-05 50634235
  54    5300.00    5400.00  1.908994002013050E-04  8.724180570850689E-06 49234615	  54    5300.00    5400.00  1.908994002013050E-04  8.724180570850689E-06 49234615	  54    5300.00    5400.00  1.740389462579674E-04  7.954878025592603E-06 49234615	  54    5300.00    5400.00  1.740389462579674E-04  7.954878025592603E-06 49234615	  54    5300.00    5400.00  2.107849520467650E-04  9.630423607018191E-06 49234615	  54    5300.00    5400.00  2.107849520467650E-04  9.630423607018191E-06 49234615	  54    5300.00    5400.00  1.908994002013050E-04  8.724180570850689E-06 49234615
  55    5400.00    5500.00  2.072585624374453E-04  8.144667331947523E-06 47902050	  55    5400.00    5500.00  2.072585624374453E-04  8.144667331947523E-06 47902050	  55    5400.00    5500.00  1.886128393193076E-04  7.400383039045539E-06 47902050	  55    5400.00    5500.00  1.886128393193076E-04  7.400383039045539E-06 47902050	  55    5400.00    5500.00  2.293041102008105E-04  9.026424087725982E-06 47902050	  55    5400.00    5500.00  2.293041102008105E-04  9.026424087725982E-06 47902050	  55    5400.00    5500.00  2.072585624374453E-04  8.144667331947523E-06 47902050
  56    5500.00    5600.00  1.950691055131604E-04  7.403508278793860E-06 46617421	  56    5500.00    5600.00  1.950691055131604E-04  7.403508278793860E-06 46617421	  56    5500.00    5600.00  1.772483943944774E-04  6.751521566484599E-06 46617421	  56    5500.00    5600.00  1.772483943944774E-04  6.751521566484599E-06 46617421	  56    5500.00    5600.00  2.161920623796011E-04  8.170385144998272E-06 46617421	  56    5500.00    5600.00  2.161920623796011E-04  8.170385144998272E-06 46617421	  56    5500.00    5600.00  1.950691055131604E-04  7.403508278793860E-06 46617421
  57    5600.00    5700.00  1.734670743963327E-04  8.080945421645062E-06 45359104	  57    5600.00    5700.00  1.734670743963327E-04  8.080945421645062E-06 45359104	  57    5600.00    5700.00  1.575054152798643E-04  7.290042104182165E-06 45359104	  57    5600.00    5700.00  1.575054152798643E-04  7.290042104182165E-06 45359104	  57    5600.00    5700.00  1.924047197586438E-04  9.026770865880610E-06 45359104	  57    5600.00    5700.00  1.924047197586438E-04  9.026770865880610E-06 45359104	  57    5600.00    5700.00  1.734670743963327E-04  8.080945421645062E-06 45359104
  58    5700.00    5800.00  1.632862828711961E-04  7.148924699093504E-06 44156866	  58    5700.00    5800.00  1.632862828711961E-04  7.148924699093504E-06 44156866	  58    5700.00    5800.00  1.481235571286535E-04  6.452164362608752E-06 44156866	  58    5700.00    5800.00  1.481235571286535E-04  6.452164362608752E-06 44156866	  58    5700.00    5800.00  1.813012714902094E-04  7.982217863130461E-06 44156866	  58    5700.00    5800.00  1.813012714902094E-04  7.982217863130461E-06 44156866	  58    5700.00    5800.00  1.632862828711961E-04  7.148924699093504E-06 44156866
  59    5800.00    5900.00  1.498018676702761E-04  8.522605428673446E-06 43010367	  59    5800.00    5900.00  1.498018676702761E-04  8.522605428673446E-06 43010367	  59    5800.00    5900.00  1.355696898278413E-04  7.726327664038863E-06 43010367	  59    5800.00    5900.00  1.355696898278413E-04  7.726327664038863E-06 43010367	  59    5800.00    5900.00  1.667793579874501E-04  9.467657557273520E-06 43010367	  59    5800.00    5900.00  1.667793579874501E-04  9.467657557273520E-06 43010367	  59    5800.00    5900.00  1.498018676702761E-04  8.522605428673446E-06 43010367
  60    5900.00    6000.00  1.579050841950121E-04  6.413642138813324E-06 41885319	  60    5900.00    6000.00  1.579050841950121E-04  6.413642138813324E-06 41885319	  60    5900.00    6000.00  1.426591169818164E-04  5.785636355898212E-06 41885319	  60    5900.00    6000.00  1.426591169818164E-04  5.785636355898212E-06 41885319	  60    5900.00    6000.00  1.761197979226155E-04  7.164396717447982E-06 41885319	  60    5900.00    6000.00  1.761197979226155E-04  7.164396717447982E-06 41885319	  60    5900.00    6000.00  1.579050841950121E-04  6.413642138813324E-06 41885319
  61    6000.00    6100.00  1.323248761810063E-04  1.066785103826567E-05 40799269	  61    6000.00    6100.00  1.323248761810063E-04  1.066785103826567E-05 40799269	  61    6000.00    6100.00  1.195198372134876E-04  9.578598101350346E-06 40799269	  61    6000.00    6100.00  1.195198372134876E-04  9.578598101350346E-06 40799269	  61    6000.00    6100.00  1.476358577332280E-04  1.197864791709699E-05 40799269	  61    6000.00    6100.00  1.476358577332280E-04  1.197864791709699E-05 40799269	  61    6000.00    6100.00  1.323248761810063E-04  1.066785103826567E-05 40799269
  62    6100.00    6200.00  1.306666175291577E-04  8.732810331506554E-06 39751180	  62    6100.00    6200.00  1.306666175291577E-04  8.732810331506554E-06 39751180	  62    6100.00    6200.00  1.177410890232912E-04  7.872142683404348E-06 39751180	  62    6100.00    6200.00  1.177410890232912E-04  7.872142683404348E-06 39751180	  62    6100.00    6200.00  1.461725092020298E-04  9.760961186120364E-06 39751180	  62    6100.00    6200.00  1.461725092020298E-04  9.760961186120364E-06 39751180	  62    6100.00    6200.00  1.306666175291577E-04  8.732810331506554E-06 39751180
  63    6200.00    6300.00  1.215540268171876E-04  6.683480172947075E-06 38757988	  63    6200.00    6300.00  1.215540268171876E-04  6.683480172947075E-06 38757988	  63    6200.00    6300.00  1.094313474957065E-04  6.006157184952532E-06 38757988	  63    6200.00    6300.00  1.094313474957065E-04  6.006157184952532E-06 38757988	  63    6200.00    6300.00  1.361116018593444E-04  7.496985981664062E-06 38757988	  63    6200.00    6300.00  1.361116018593444E-04  7.496985981664062E-06 38757988	  63    6200.00    6300.00  1.215540268171876E-04  6.683480172947075E-06 38757988
  64    6300.00    6400.00  1.178123559870093E-04  7.185097705454029E-06 37765463	  64    6300.00    6400.00  1.178123559870093E-04  7.185097705454029E-06 37765463	  64    6300.00    6400.00  1.059475667987456E-04  6.439567077351052E-06 37765463	  64    6300.00    6400.00  1.059475667987456E-04  6.439567077351052E-06 37765463	  64    6300.00    6400.00  1.320853964339979E-04  8.083049956791212E-06 37765463	  64    6300.00    6400.00  1.320853964339979E-04  8.083049956791212E-06 37765463	  64    6300.00    6400.00  1.178123559870093E-04  7.185097705454029E-06 37765463
  65    6400.00    6500.00  1.138014900208678E-04  5.290791098680776E-06 36823300	  65    6400.00    6500.00  1.138014900208678E-04  5.290791098680776E-06 36823300	  65    6400.00    6500.00  1.021499860684562E-04  4.745739214492507E-06 36823300	  65    6400.00    6500.00  1.021499860684562E-04  4.745739214492507E-06 36823300	  65    6400.00    6500.00  1.278499623748299E-04  5.946901527088273E-06 36823300	  65    6400.00    6500.00  1.278499623748299E-04  5.946901527088273E-06 36823300	  65    6400.00    6500.00  1.138014900208678E-04  5.290791098680776E-06 36823300
  66    6500.00    6600.00  1.107149008174287E-04  5.522287705669292E-06 35913023	  66    6500.00    6600.00  1.107149008174287E-04  5.522287705669292E-06 35913023	  66    6500.00    6600.00  9.920480333996595E-05  4.956948906066888E-06 35913023	  66    6500.00    6600.00  9.920480333996595E-05  4.956948906066888E-06 35913023	  66    6500.00    6600.00  1.246282324915350E-04  6.201379384785694E-06 35913023	  66    6500.00    6600.00  1.246282324915350E-04  6.201379384785694E-06 35913023	  66    6500.00    6600.00  1.107149008174287E-04  5.522287705669292E-06 35913023
  67    6600.00    6700.00  1.003988382507310E-04  4.954493610654241E-06 35023632	  67    6600.00    6700.00  1.003988382507310E-04  4.954493610654241E-06 35023632	  67    6600.00    6700.00  8.988631618117624E-05  4.423286939540092E-06 35023632	  67    6600.00    6700.00  8.988631618117624E-05  4.423286939540092E-06 35023632	  67    6600.00    6700.00  1.131166067666346E-04  5.597713216968287E-06 35023632	  67    6600.00    6700.00  1.131166067666346E-04  5.597713216968287E-06 35023632	  67    6600.00    6700.00  1.003988382507310E-04  4.954493610654241E-06 35023632
  68    6700.00    6800.00  9.742039199340189E-05  5.427995458462875E-06 34161106	  68    6700.00    6800.00  9.742039199340189E-05  5.427995458462875E-06 34161106	  68    6700.00    6800.00  8.711200232428214E-05  4.833041760730092E-06 34161106	  68    6700.00    6800.00  8.711200232428214E-05  4.833041760730092E-06 34161106	  68    6700.00    6800.00  1.099107471430359E-04  6.150990063351649E-06 34161106	  68    6700.00    6800.00  1.099107471430359E-04  6.150990063351649E-06 34161106	  68    6700.00    6800.00  9.742039199340189E-05  5.427995458462875E-06 34161106
  69    6800.00    6900.00  9.386077637281125E-05  3.570329938611584E-06 33330070	  69    6800.00    6900.00  9.386077637281125E-05  3.570329938611584E-06 33330070	  69    6800.00    6900.00  8.380952305401706E-05  3.181035155813896E-06 33330070	  69    6800.00    6900.00  8.380952305401706E-05  3.181035155813896E-06 33330070	  69    6800.00    6900.00  1.060643229192866E-04  4.043067200224034E-06 33330070	  69    6800.00    6900.00  1.060643229192866E-04  4.043067200224034E-06 33330070	  69    6800.00    6900.00  9.386077637281125E-05  3.570329938611584E-06 33330070
  70    6900.00    7000.00  8.130644435047617E-05  4.155539735277320E-06 32536466	  70    6900.00    7000.00  8.130644435047617E-05  4.155539735277320E-06 32536466	  70    6900.00    7000.00  7.253412043944524E-05  3.692179651865193E-06 32536466	  70    6900.00    7000.00  7.253412043944524E-05  3.692179651865193E-06 32536466	  70    6900.00    7000.00  9.196615236798546E-05  4.720733008443065E-06 32536466	  70    6900.00    7000.00  9.196615236798546E-05  4.720733008443065E-06 32536466	  70    6900.00    7000.00  8.130644435047617E-05  4.155539735277320E-06 32536466
  71    7000.00    7100.00  7.547735827878362E-05  5.764318513516424E-06 31748134	  71    7000.00    7100.00  7.547735827878362E-05  5.764318513516424E-06 31748134	  71    7000.00    7100.00  6.725116313661447E-05  5.123470596748192E-06 31748134	  71    7000.00    7100.00  6.725116313661447E-05  5.123470596748192E-06 31748134	  71    7000.00    7100.00  8.549448825554346E-05  6.545039407466619E-06 31748134	  71    7000.00    7100.00  8.549448825554346E-05  6.545039407466619E-06 31748134	  71    7000.00    7100.00  7.547735827878362E-05  5.764318513516424E-06 31748134
  72    7100.00    7200.00  6.273732515363257E-05  8.555309573198587E-06 30992315	  72    7100.00    7200.00  6.273732515363257E-05  8.555309573198587E-06 30992315	  72    7100.00    7200.00  5.595017287613958E-05  7.533572035691001E-06 30992315	  72    7100.00    7200.00  5.595017287613958E-05  7.533572035691001E-06 30992315	  72    7100.00    7200.00  7.099353358686964E-05  9.815313256811145E-06 30992315	  72    7100.00    7200.00  7.099353358686964E-05  9.815313256811145E-06 30992315	  72    7100.00    7200.00  6.273732515363257E-05  8.555309573198587E-06 30992315
  73    7200.00    7300.00  6.605097909266962E-05  4.664815567125290E-06 30265936	  73    7200.00    7300.00  6.605097909266962E-05  4.664815567125290E-06 30265936	  73    7200.00    7300.00  5.869330850533796E-05  4.127925257075299E-06 30265936	  73    7200.00    7300.00  5.869330850533796E-05  4.127925257075299E-06 30265936	  73    7200.00    7300.00  7.504008786222601E-05  5.322072615896504E-06 30265936	  73    7200.00    7300.00  7.504008786222601E-05  5.322072615896504E-06 30265936	  73    7200.00    7300.00  6.605097909266962E-05  4.664815567125290E-06 30265936
  74    7300.00    7400.00  5.639484734616891E-05  4.996393978898963E-06 29550703	  74    7300.00    7400.00  5.639484734616891E-05  4.996393978898963E-06 29550703	  74    7300.00    7400.00  5.006757185323674E-05  4.419630380571805E-06 29550703	  74    7300.00    7400.00  5.006757185323674E-05  4.419630380571805E-06 29550703	  74    7300.00    7400.00  6.413356071503102E-05  5.703177354172913E-06 29550703	  74    7300.00    7400.00  6.413356071503102E-05  5.703177354172913E-06 29550703	  74    7300.00    7400.00  5.639484734616891E-05  4.996393978898963E-06 29550703
  75    7400.00    7500.00  6.179784652847977E-05  4.598498094261447E-06 28853814	  75    7400.00    7500.00  6.179784652847977E-05  4.598498094261447E-06 28853814	  75    7400.00    7500.00  5.473492921812995E-05  4.061413008061473E-06 28853814	  75    7400.00    7500.00  5.473492921812995E-05  4.061413008061473E-06 28853814	  75    7400.00    7500.00  7.046075901311413E-05  5.257264287675243E-06 28853814	  75    7400.00    7500.00  7.046075901311413E-05  5.257264287675243E-06 28853814	  75    7400.00    7500.00  6.179784652847977E-05  4.598498094261447E-06 28853814
  76    7500.00    7600.00  5.917862526525838E-05  3.472953078685816E-06 28183592	  76    7500.00    7600.00  5.917862526525838E-05  3.472953078685816E-06 28183592	  76    7500.00    7600.00  5.233367571303911E-05  3.079580616996210E-06 28183592	  76    7500.00    7600.00  5.233367571303911E-05  3.079580616996210E-06 28183592	  76    7500.00    7600.00  6.759270253845544E-05  3.953245255603591E-06 28183592	  76    7500.00    7600.00  6.759270253845544E-05  3.953245255603591E-06 28183592	  76    7500.00    7600.00  5.917862526525838E-05  3.472953078685816E-06 28183592
  77    7600.00    7700.00  4.703450477913942E-05  6.994916579421709E-06 27550847	  77    7600.00    7700.00  4.703450477913942E-05  6.994916579421709E-06 27550847	  77    7600.00    7700.00  4.156577882266684E-05  6.181195440940419E-06 27550847	  77    7600.00    7700.00  4.156577882266684E-05  6.181195440940419E-06 27550847	  77    7600.00    7700.00  5.377463216477304E-05  7.990160099490537E-06 27550847	  77    7600.00    7700.00  5.377463216477304E-05  7.990160099490537E-06 27550847	  77    7600.00    7700.00  4.703450477913942E-05  6.994916579421709E-06 27550847
  78    7700.00    7800.00  4.320676877597753E-05  4.379385273780055E-06 26908670	  78    7700.00    7800.00  4.320676877597753E-05  4.379385273780055E-06 26908670	  78    7700.00    7800.00  3.813126731123378E-05  3.860908194612217E-06 26908670	  78    7700.00    7800.00  3.813126731123378E-05  3.860908194612217E-06 26908670	  78    7700.00    7800.00  4.946617576693024E-05  5.015936119571753E-06 26908670	  78    7700.00    7800.00  4.946617576693024E-05  5.015936119571753E-06 26908670	  78    7700.00    7800.00  4.320676877597753E-05  4.379385273780055E-06 26908670
  79    7800.00    7900.00  4.398522957901837E-05  3.747782378668293E-06 26289145	  79    7800.00    7900.00  4.398522957901837E-05  3.747782378668293E-06 26289145	  79    7800.00    7900.00  3.874498280656494E-05  3.315240787169458E-06 26289145	  79    7800.00    7900.00  3.874498280656494E-05  3.315240787169458E-06 26289145	  79    7800.00    7900.00  5.046135507226035E-05  4.276012501273909E-06 26289145	  79    7800.00    7900.00  5.046135507226035E-05  4.276012501273909E-06 26289145	  79    7800.00    7900.00  4.398522957901837E-05  3.747782378668293E-06 26289145
  80    7900.00    8000.00  3.052692237367382E-05  7.392605726357286E-06 25692435	  80    7900.00    8000.00  3.052692237367382E-05  7.392605726357286E-06 25692435	  80    7900.00    8000.00  2.702521327474731E-05  6.453835185439962E-06 25692435	  80    7900.00    8000.00  2.702521327474731E-05  6.453835185439962E-06 25692435	  80    7900.00    8000.00  3.482694024419769E-05  8.563542839922375E-06 25692435	  80    7900.00    8000.00  3.482694024419769E-05  8.563542839922375E-06 25692435	  80    7900.00    8000.00  3.052692237367382E-05  7.392605726357286E-06 25692435
  81    8000.00    8100.00  3.775821103612147E-05  4.685602748359140E-06 25122610	  81    8000.00    8100.00  3.775821103612147E-05  4.685602748359140E-06 25122610	  81    8000.00    8100.00  3.324522084051184E-05  4.102118022920008E-06 25122610	  81    8000.00    8100.00  3.324522084051184E-05  4.102118022920008E-06 25122610	  81    8000.00    8100.00  4.333258948852913E-05  5.409839206799096E-06 25122610	  81    8000.00    8100.00  4.333258948852913E-05  5.409839206799096E-06 25122610	  81    8000.00    8100.00  3.775821103612147E-05  4.685602748359140E-06 25122610
  82    8100.00    8200.00  3.503969478916296E-05  4.705701494344119E-06 24558305	  82    8100.00    8200.00  3.503969478916296E-05  4.705701494344119E-06 24558305	  82    8100.00    8200.00  3.075183438215660E-05  4.116734776170742E-06 24558305	  82    8100.00    8200.00  3.075183438215660E-05  4.116734776170742E-06 24558305	  82    8100.00    8200.00  4.035572810016866E-05  5.437191568946863E-06 24558305	  82    8100.00    8200.00  4.035572810016866E-05  5.437191568946863E-06 24558305	  82    8100.00    8200.00  3.503969478916296E-05  4.705701494344119E-06 24558305
  83    8200.00    8300.00  4.077360159691185E-05  2.202693777371805E-06 23999252	  83    8200.00    8300.00  4.077360159691185E-05  2.202693777371805E-06 23999252	  83    8200.00    8300.00  3.580602883733525E-05  1.927748650380720E-06 23999252	  83    8200.00    8300.00  3.580602883733525E-05  1.927748650380720E-06 23999252	  83    8200.00    8300.00  4.693308728558084E-05  2.546053755203054E-06 23999252	  83    8200.00    8300.00  4.693308728558084E-05  2.546053755203054E-06 23999252	  83    8200.00    8300.00  4.077360159691185E-05  2.202693777371805E-06 23999252
  84    8300.00    8400.00  3.702941906321969E-05  2.214460595551328E-06 23466408	  84    8300.00    8400.00  3.702941906321969E-05  2.214460595551328E-06 23466408	  84    8300.00    8400.00  3.239619441061930E-05  1.937904584222562E-06 23466408	  84    8300.00    8400.00  3.239619441061930E-05  1.937904584222562E-06 23466408	  84    8300.00    8400.00  4.279647918895666E-05  2.557068671679827E-06 23466408	  84    8300.00    8400.00  4.279647918895666E-05  2.557068671679827E-06 23466408	  84    8300.00    8400.00  3.702941906321969E-05  2.214460595551328E-06 23466408
  85    8400.00    8500.00  3.480115618805382E-05  2.345791900537793E-06 22955388	  85    8400.00    8500.00  3.480115618805382E-05  2.345791900537793E-06 22955388	  85    8400.00    8500.00  3.044800711172918E-05  2.053924873487965E-06 22955388	  85    8400.00    8500.00  3.044800711172918E-05  2.053924873487965E-06 22955388	  85    8400.00    8500.00  4.022305528038174E-05  2.706799930939657E-06 22955388	  85    8400.00    8500.00  4.022305528038174E-05  2.706799930939657E-06 22955388	  85    8400.00    8500.00  3.480115618805382E-05  2.345791900537793E-06 22955388
  86    8500.00    8600.00  2.824513039447406E-05  3.637826355952255E-06 22451312	  86    8500.00    8600.00  2.824513039447406E-05  3.637826355952255E-06 22451312	  86    8500.00    8600.00  2.472644565213497E-05  3.152783726419168E-06 22451312	  86    8500.00    8600.00  2.472644565213497E-05  3.152783726419168E-06 22451312	  86    8500.00    8600.00  3.262732971535896E-05  4.245988477611037E-06 22451312	  86    8500.00    8600.00  3.262732971535896E-05  4.245988477611037E-06 22451312	  86    8500.00    8600.00  2.824513039447406E-05  3.637826355952255E-06 22451312
  87    8600.00    8700.00  2.764345365861565E-05  2.738608500444138E-06 21957722	  87    8600.00    8700.00  2.764345365861565E-05  2.738608500444138E-06 21957722	  87    8600.00    8700.00  2.411136972477474E-05  2.387868901087941E-06 21957722	  87    8600.00    8700.00  2.411136972477474E-05  2.387868901087941E-06 21957722	  87    8600.00    8700.00  3.205613505386915E-05  3.174783405465099E-06 21957722	  87    8600.00    8700.00  3.205613505386915E-05  3.174783405465099E-06 21957722	  87    8600.00    8700.00  2.764345365861565E-05  2.738608500444138E-06 21957722
  88    8700.00    8800.00  1.998245383794974E-05  5.259659378664966E-06 21470456	  88    8700.00    8800.00  1.998245383794974E-05  5.259659378664966E-06 21470456	  88    8700.00    8800.00  1.743295697265951E-05  4.575176006794682E-06 21470456	  88    8700.00    8800.00  1.743295697265951E-05  4.575176006794682E-06 21470456	  88    8700.00    8800.00  2.317721840937861E-05  6.113533378009698E-06 21470456	  88    8700.00    8800.00  2.317721840937861E-05  6.113533378009698E-06 21470456	  88    8700.00    8800.00  1.998245383794974E-05  5.259659378664966E-06 21470456
  89    8800.00    8900.00  2.719634070880689E-05  1.822798553384636E-06 21008006	  89    8800.00    8900.00  2.719634070880689E-05  1.822798553384636E-06 21008006	  89    8800.00    8900.00  2.370669440837752E-05  1.569717862446943E-06 21008006	  89    8800.00    8900.00  2.370669440837752E-05  1.569717862446943E-06 21008006	  89    8800.00    8900.00  3.155724053928368E-05  2.143274661746604E-06 21008006	  89    8800.00    8900.00  3.155724053928368E-05  2.143274661746604E-06 21008006	  89    8800.00    8900.00  2.719634070880689E-05  1.822798553384636E-06 21008006
  90    8900.00    9000.00  1.670214553027129E-05  4.444414328409858E-06 20543688	  90    8900.00    9000.00  1.670214553027129E-05  4.444414328409858E-06 20543688	  90    8900.00    9000.00  1.455767636407181E-05  3.851339604064559E-06 20543688	  90    8900.00    9000.00  1.455767636407181E-05  3.851339604064559E-06 20543688	  90    8900.00    9000.00  1.938784829412587E-05  5.188216488828868E-06 20543688	  90    8900.00    9000.00  1.938784829412587E-05  5.188216488828868E-06 20543688	  90    8900.00    9000.00  1.670214553027129E-05  4.444414328409858E-06 20543688
  91    9000.00    9100.00  1.599958787661984E-05  3.493929607791953E-06 20111260	  91    9000.00    9100.00  1.599958787661984E-05  3.493929607791953E-06 20111260	  91    9000.00    9100.00  1.393303645331249E-05  3.020475632126431E-06 20111260	  91    9000.00    9100.00  1.393303645331249E-05  3.020475632126431E-06 20111260	  91    9000.00    9100.00  1.859089882334589E-05  4.089966751823651E-06 20111260	  91    9000.00    9100.00  1.859089882334589E-05  4.089966751823651E-06 20111260	  91    9000.00    9100.00  1.599958787661984E-05  3.493929607791953E-06 20111260
  92    9100.00    9200.00  1.297084820625126E-05  6.246483666088826E-06 19677496	  92    9100.00    9200.00  1.297084820625126E-05  6.246483666088826E-06 19677496	  92    9100.00    9200.00  1.123429712542624E-05  5.445902007401881E-06 19677496	  92    9100.00    9200.00  1.123429712542624E-05  5.445902007401881E-06 19677496	  92    9100.00    9200.00  1.516860205067962E-05  7.238932156727382E-06 19677496	  92    9100.00    9200.00  1.516860205067962E-05  7.238932156727382E-06 19677496	  92    9100.00    9200.00  1.297084820625126E-05  6.246483666088826E-06 19677496
  93    9200.00    9300.00  1.810284432624886E-05  2.005308663664372E-06 19253935	  93    9200.00    9300.00  1.810284432624886E-05  2.005308663664372E-06 19253935	  93    9200.00    9300.00  1.571801649838022E-05  1.723282829294470E-06 19253935	  93    9200.00    9300.00  1.571801649838022E-05  1.723282829294470E-06 19253935	  93    9200.00    9300.00  2.109639490245363E-05  2.363381624743686E-06 19253935	  93    9200.00    9300.00  2.109639490245363E-05  2.363381624743686E-06 19253935	  93    9200.00    9300.00  1.810284432624886E-05  2.005308663664372E-06 19253935
  94    9300.00    9400.00  1.558702170802355E-05  3.118522910733102E-06 18853780	  94    9300.00    9400.00  1.558702170802355E-05  3.118522910733102E-06 18853780	  94    9300.00    9400.00  1.349123396421966E-05  2.695932523265761E-06 18853780	  94    9300.00    9400.00  1.349123396421966E-05  2.695932523265761E-06 18853780	  94    9300.00    9400.00  1.822997822565588E-05  3.649376559634346E-06 18853780	  94    9300.00    9400.00  1.822997822565588E-05  3.649376559634346E-06 18853780	  94    9300.00    9400.00  1.558702170802355E-05  3.118522910733102E-06 18853780
  95    9400.00    9500.00  1.167261879023510E-05  3.579966269853938E-06 18450745	  95    9400.00    9500.00  1.167261879023510E-05  3.579966269853938E-06 18450745	  95    9400.00    9500.00  1.007447888551771E-05  3.105956350515199E-06 18450745	  95    9400.00    9500.00  1.007447888551771E-05  3.105956350515199E-06 18450745	  95    9400.00    9500.00  1.370171529013047E-05  4.171369979038804E-06 18450745	  95    9400.00    9500.00  1.370171529013047E-05  4.171369979038804E-06 18450745	  95    9400.00    9500.00  1.167261879023510E-05  3.579966269853938E-06 18450745
  96    9500.00    9600.00  1.268702603526619E-05  2.011876706383818E-06 18057782	  96    9500.00    9600.00  1.268702603526619E-05  2.011876706383818E-06 18057782	  96    9500.00    9600.00  1.097424124905315E-05  1.732044487656044E-06 18057782	  96    9500.00    9600.00  1.097424124905315E-05  1.732044487656044E-06 18057782	  96    9500.00    9600.00  1.485125148836746E-05  2.365196036239022E-06 18057782	  96    9500.00    9600.00  1.485125148836746E-05  2.365196036239022E-06 18057782	  96    9500.00    9600.00  1.268702603526619E-05  2.011876706383818E-06 18057782
  97    9600.00    9700.00  1.450472378879690E-05  2.101687868532874E-06 17679304	  97    9600.00    9700.00  1.450472378879690E-05  2.101687868532874E-06 17679304	  97    9600.00    9700.00  1.250661036575317E-05  1.807642066621514E-06 17679304	  97    9600.00    9700.00  1.250661036575317E-05  1.807642066621514E-06 17679304	  97    9600.00    9700.00  1.703916345740198E-05  2.472531219448823E-06 17679304	  97    9600.00    9700.00  1.703916345740198E-05  2.472531219448823E-06 17679304	  97    9600.00    9700.00  1.450472378879690E-05  2.101687868532874E-06 17679304
  98    9700.00    9800.00  1.403987696816268E-05  1.874660410714787E-06 17305562	  98    9700.00    9800.00  1.403987696816268E-05  1.874660410714787E-06 17305562	  98    9700.00    9800.00  1.213610704553564E-05  1.584464362823207E-06 17305562	  98    9700.00    9800.00  1.213610704553564E-05  1.584464362823207E-06 17305562	  98    9700.00    9800.00  1.644015974307476E-05  2.250815328518198E-06 17305562	  98    9700.00    9800.00  1.644015974307476E-05  2.250815328518198E-06 17305562	  98    9700.00    9800.00  1.403987696816268E-05  1.874660410714787E-06 17305562
  99    9800.00    9900.00  9.563025892391424E-06  2.129700896857786E-06 16948322	  99    9800.00    9900.00  9.563025892391424E-06  2.129700896857786E-06 16948322	  99    9800.00    9900.00  8.238146060814086E-06  1.827087229062328E-06 16948322	  99    9800.00    9900.00  8.238146060814086E-06  1.827087229062328E-06 16948322	  99    9800.00    9900.00  1.124728054351185E-05  2.512616758641695E-06 16948322	  99    9800.00    9900.00  1.124728054351185E-05  2.512616758641695E-06 16948322	  99    9800.00    9900.00  9.563025892391424E-06  2.129700896857786E-06 16948322
 100    9900.00   10000.00  1.363799166882955E-05  1.135061361759173E-06 16594431	 100    9900.00   10000.00  1.363799166882955E-05  1.135061361759173E-06 16594431	 100    9900.00   10000.00  1.172498367592481E-05  9.665152172287544E-07 16594431	 100    9900.00   10000.00  1.172498367592481E-05  9.665152172287544E-07 16594431	 100    9900.00   10000.00  1.606492349911499E-05  1.351340438325429E-06 16594431	 100    9900.00   10000.00  1.606492349911499E-05  1.351340438325429E-06 16594431	 100    9900.00   10000.00  1.363799166882955E-05  1.135061361759173E-06 16594431
 101   10000.00   10100.00  1.072039618382075E-05  1.264114853317331E-06 16256879	 101   10000.00   10100.00  1.072039618382075E-05  1.264114853317331E-06 16256879	 101   10000.00   10100.00  9.205419691634015E-06  1.082978398989170E-06 16256879	 101   10000.00   10100.00  9.205419691634015E-06  1.082978398989170E-06 16256879	 101   10000.00   10100.00  1.264775288887823E-05  1.494305616035790E-06 16256879	 101   10000.00   10100.00  1.264775288887823E-05  1.494305616035790E-06 16256879	 101   10000.00   10100.00  1.072039618382075E-05  1.264114853317331E-06 16256879
 102   10100.00   10200.00  1.177189282996040E-05  7.487406181376861E-07 15922146	 102   10100.00   10200.00  1.177189282996040E-05  7.487406181376861E-07 15922146	 102   10100.00   10200.00  1.010170646960766E-05  6.387143624085728E-07 15922146	 102   10100.00   10200.00  1.010170646960766E-05  6.387143624085728E-07 15922146	 102   10100.00   10200.00  1.389833548516930E-05  8.892144626232628E-07 15922146	 102   10100.00   10200.00  1.389833548516930E-05  8.892144626232628E-07 15922146	 102   10100.00   10200.00  1.177189282996040E-05  7.487406181376861E-07 15922146
 103   10200.00   10300.00  6.591709682816149E-06  2.909208530497591E-06 15587630	 103   10200.00   10300.00  6.591709682816149E-06  2.909208530497591E-06 15587630	 103   10200.00   10300.00  5.650623615116105E-06  2.488910313109141E-06 15587630	 103   10200.00   10300.00  5.650623615116105E-06  2.488910313109141E-06 15587630	 103   10200.00   10300.00  7.795232529566851E-06  3.443296106446046E-06 15587630	 103   10200.00   10300.00  7.795232529566851E-06  3.443296106446046E-06 15587630	 103   10200.00   10300.00  6.591709682816149E-06  2.909208530497591E-06 15587630
 104   10300.00   10400.00  7.474048058533551E-06  1.722354748531482E-06 15269565	 104   10300.00   10400.00  7.474048058533551E-06  1.722354748531482E-06 15269565	 104   10300.00   10400.00  6.395989284466487E-06  1.465652024979881E-06 15269565	 104   10300.00   10400.00  6.395989284466487E-06  1.465652024979881E-06 15269565	 104   10300.00   10400.00  8.851821274456840E-06  2.050746064240319E-06 15269565	 104   10300.00   10400.00  8.851821274456840E-06  2.050746064240319E-06 15269565	 104   10300.00   10400.00  7.474048058533551E-06  1.722354748531482E-06 15269565
 105   10400.00   10500.00  6.107874481498140E-06  2.167069505172992E-06 14950673	 105   10400.00   10500.00  6.107874481498140E-06  2.167069505172992E-06 14950673	 105   10400.00   10500.00  5.242394996188847E-06  1.839171564163338E-06 14950673	 105   10400.00   10500.00  5.242394996188847E-06  1.839171564163338E-06 14950673	 105   10400.00   10500.00  7.209437952640733E-06  2.588868737099157E-06 14950673	 105   10400.00   10500.00  7.209437952640733E-06  2.588868737099157E-06 14950673	 105   10400.00   10500.00  6.107874481498140E-06  2.167069505172992E-06 14950673
 106   10500.00   10600.00  7.984876755812506E-06  1.231089204071763E-06 14647532	 106   10500.00   10600.00  7.984876755812506E-06  1.231089204071763E-06 14647532	 106   10500.00   10600.00  6.814642005291760E-06  1.050256305831566E-06 14647532	 106   10500.00   10600.00  6.814642005291760E-06  1.050256305831566E-06 14647532	 106   10500.00   10600.00  9.485055447946102E-06  1.461435733427229E-06 14647532	 106   10500.00   10600.00  9.485055447946102E-06  1.461435733427229E-06 14647532	 106   10500.00   10600.00  7.984876755812506E-06  1.231089204071763E-06 14647532
 107   10600.00   10700.00  6.491523045501281E-06  1.080992314910533E-06 14354838	 107   10600.00   10700.00  6.491523045501281E-06  1.080992314910533E-06 14354838	 107   10600.00   10700.00  5.539281388853876E-06  9.161746215305744E-07 14354838	 107   10600.00   10700.00  5.539281388853876E-06  9.161746215305744E-07 14354838	 107   10600.00   10700.00  7.711345032486768E-06  1.292937301994606E-06 14354838	 107   10600.00   10700.00  7.711345032486768E-06  1.292937301994606E-06 14354838	 107   10600.00   10700.00  6.491523045501281E-06  1.080992314910533E-06 14354838
 108   10700.00   10800.00  7.430598652619055E-06  1.076256095628912E-06 14057981	 108   10700.00   10800.00  7.430598652619055E-06  1.076256095628912E-06 14057981	 108   10700.00   10800.00  6.329378012665842E-06  9.108537745530025E-07 14057981	 108   10700.00   10800.00  6.329378012665842E-06  9.108537745530025E-07 14057981	 108   10700.00   10800.00  8.843262445928640E-06  1.289728834573627E-06 14057981	 108   10700.00   10800.00  8.843262445928640E-06  1.289728834573627E-06 14057981	 108   10700.00   10800.00  7.430598652619055E-06  1.076256095628912E-06 14057981
 109   10800.00   10900.00  5.816255775755216E-06  1.089635412714138E-06 13769919	 109   10800.00   10900.00  5.816255775755216E-06  1.089635412714138E-06 13769919	 109   10800.00   10900.00  4.938225102429404E-06  9.306242731259207E-07 13769919	 109   10800.00   10900.00  4.938225102429404E-06  9.306242731259207E-07 13769919	 109   10800.00   10900.00  6.948003386984959E-06  1.291550954213727E-06 13769919	 109   10800.00   10900.00  6.948003386984959E-06  1.291550954213727E-06 13769919	 109   10800.00   10900.00  5.816255775755216E-06  1.089635412714138E-06 13769919
 110   10900.00   11000.00  6.574547333017141E-06  8.824311118399343E-07 13502676	 110   10900.00   11000.00  6.574547333017141E-06  8.824311118399343E-07 13502676	 110   10900.00   11000.00  5.597965766733241E-06  7.450021991682486E-07 13502676	 110   10900.00   11000.00  5.597965766733241E-06  7.450021991682486E-07 13502676	 110   10900.00   11000.00  7.827057743735190E-06  1.059860990794992E-06 13502676	 110   10900.00   11000.00  7.827057743735190E-06  1.059860990794992E-06 13502676	 110   10900.00   11000.00  6.574547333017141E-06  8.824311118399343E-07 13502676
 111   11000.00   11100.00  5.180482787632163E-06  7.139913165661396E-07 13228752	 111   11000.00   11100.00  5.180482787632163E-06  7.139913165661396E-07 13228752	 111   11000.00   11100.00  4.401383378029338E-06  6.060505302495493E-07 13228752	 111   11000.00   11100.00  4.401383378029338E-06  6.060505302495493E-07 13228752	 111   11000.00   11100.00  6.183307004577230E-06  8.527503998867304E-07 13228752	 111   11000.00   11100.00  6.183307004577230E-06  8.527503998867304E-07 13228752	 111   11000.00   11100.00  5.180482787632163E-06  7.139913165661396E-07 13228752
 112   11100.00   11200.00  5.051281471244646E-06  8.007789371241049E-07 12960147	 112   11100.00   11200.00  5.051281471244646E-06  8.007789371241049E-07 12960147	 112   11100.00   11200.00  4.287517142403413E-06  6.734747939353770E-07 12960147	 112   11100.00   11200.00  4.287517142403413E-06  6.734747939353770E-07 12960147	 112   11100.00   11200.00  6.034329804058677E-06  9.663132725907342E-07 12960147	 112   11100.00   11200.00  6.034329804058677E-06  9.663132725907342E-07 12960147	 112   11100.00   11200.00  5.051281471244646E-06  8.007789371241049E-07 12960147
 113   11200.00   11300.00  4.340944558939926E-06  7.816284287079262E-07 12706057	 113   11200.00   11300.00  4.340944558939926E-06  7.816284287079262E-07 12706057	 113   11200.00   11300.00  3.682110998151748E-06  6.578889957118965E-07 12706057	 113   11200.00   11300.00  3.682110998151748E-06  6.578889957118965E-07 12706057	 113   11200.00   11300.00  5.191909947632454E-06  9.417124080874004E-07 12706057	 113   11200.00   11300.00  5.191909947632454E-06  9.417124080874004E-07 12706057	 113   11200.00   11300.00  4.340944558939926E-06  7.816284287079262E-07 12706057
 114   11300.00   11400.00  3.261985617858368E-06  1.290679435387673E-06 12450403	 114   11300.00   11400.00  3.261985617858368E-06  1.290679435387673E-06 12450403	 114   11300.00   11400.00  2.773523205490659E-06  1.082025390374009E-06 12450403	 114   11300.00   11400.00  2.773523205490659E-06  1.082025390374009E-06 12450403	 114   11300.00   11400.00  3.890160540951702E-06  1.562806745140978E-06 12450403	 114   11300.00   11400.00  3.890160540951702E-06  1.562806745140978E-06 12450403	 114   11300.00   11400.00  3.261985617858368E-06  1.290679435387673E-06 12450403
 115   11400.00   11500.00  5.061923769442653E-06  1.323152754649088E-06 12200290	 115   11400.00   11500.00  5.061923769442653E-06  1.323152754649088E-06 12200290	 115   11400.00   11500.00  4.269722160389879E-06  1.103676251313386E-06 12200290	 115   11400.00   11500.00  4.269722160389879E-06  1.103676251313386E-06 12200290	 115   11400.00   11500.00  6.089851922280392E-06  1.611801984832439E-06 12200290	 115   11400.00   11500.00  6.089851922280392E-06  1.611801984832439E-06 12200290	 115   11400.00   11500.00  5.061923769442653E-06  1.323152754649088E-06 12200290
 116   11500.00   11600.00  3.442703388703372E-06  6.134466894358931E-07 11955142	 116   11500.00   11600.00  3.442703388703372E-06  6.134466894358931E-07 11955142	 116   11500.00   11600.00  2.914362781798454E-06  5.139679202779070E-07 11955142	 116   11500.00   11600.00  2.914362781798454E-06  5.139679202779070E-07 11955142	 116   11500.00   11600.00  4.124779882899255E-06  7.432006737083100E-07 11955142	 116   11500.00   11600.00  4.124779882899255E-06  7.432006737083100E-07 11955142	 116   11500.00   11600.00  3.442703388703372E-06  6.134466894358931E-07 11955142
 117   11600.00   11700.00  3.891157092727632E-06  8.107443906627016E-07 11715760	 117   11600.00   11700.00  3.891157092727632E-06  8.107443906627016E-07 11715760	 117   11600.00   11700.00  3.266269224239243E-06  6.863247935542617E-07 11715760	 117   11600.00   11700.00  3.266269224239243E-06  6.863247935542617E-07 11715760	 117   11600.00   11700.00  4.706514101033105E-06  9.702075321960488E-07 11715760	 117   11600.00   11700.00  4.706514101033105E-06  9.702075321960488E-07 11715760	 117   11600.00   11700.00  3.891157092727632E-06  8.107443906627016E-07 11715760
 118   11700.00   11800.00  3.411543387821620E-06  3.657226882883162E-07 11485544	 118   11700.00   11800.00  3.411543387821620E-06  3.657226882883162E-07 11485544	 118   11700.00   11800.00  2.870885465438857E-06  3.060487087992603E-07 11485544	 118   11700.00   11800.00  2.870885465438857E-06  3.060487087992603E-07 11485544	 118   11700.00   11800.00  4.114310925821592E-06  4.436992996289277E-07 11485544	 118   11700.00   11800.00  4.114310925821592E-06  4.436992996289277E-07 11485544	 118   11700.00   11800.00  3.411543387821620E-06  3.657226882883162E-07 11485544
 119   11800.00   11900.00  3.078445635873795E-06  4.296672399847940E-07 11262346	 119   11800.00   11900.00  3.078445635873795E-06  4.296672399847940E-07 11262346	 119   11800.00   11900.00  2.596811364772482E-06  3.591458831790721E-07 11262346	 119   11800.00   11900.00  2.596811364772482E-06  3.591458831790721E-07 11262346	 119   11800.00   11900.00  3.703617668896151E-06  5.212874476025710E-07 11262346	 119   11800.00   11900.00  3.703617668896151E-06  5.212874476025710E-07 11262346	 119   11800.00   11900.00  3.078445635873795E-06  4.296672399847940E-07 11262346
 120   11900.00   12000.00  3.291320576710421E-06  3.867597661500796E-07 11037819	 120   11900.00   12000.00  3.291320576710421E-06  3.867597661500796E-07 11037819	 120   11900.00   12000.00  2.767407903521705E-06  3.240785283625767E-07 11037819	 120   11900.00   12000.00  2.767407903521705E-06  3.240785283625767E-07 11037819	 120   11900.00   12000.00  3.973597437460956E-06  4.682222384229664E-07 11037819	 120   11900.00   12000.00  3.973597437460956E-06  4.682222384229664E-07 11037819	 120   11900.00   12000.00  3.291320576710421E-06  3.867597661500796E-07 11037819
 121   12000.00   12100.00  2.378681185346991E-06  4.469191965954730E-07 10822042	 121   12000.00   12100.00  2.378681185346991E-06  4.469191965954730E-07 10822042	 121   12000.00   12100.00  1.987085371557741E-06  3.753735099388369E-07 10822042	 121   12000.00   12100.00  1.987085371557741E-06  3.753735099388369E-07 10822042	 121   12000.00   12100.00  2.893249646822688E-06  5.395147116514110E-07 10822042	 121   12000.00   12100.00  2.893249646822688E-06  5.395147116514110E-07 10822042	 121   12000.00   12100.00  2.378681185346991E-06  4.469191965954730E-07 10822042
 122   12100.00   12200.00  2.137160082240699E-06  7.551782640632479E-07 10604779	 122   12100.00   12200.00  2.137160082240699E-06  7.551782640632479E-07 10604779	 122   12100.00   12200.00  1.797367111254299E-06  6.273306831169540E-07 10604779	 122   12100.00   12200.00  1.797367111254299E-06  6.273306831169540E-07 10604779	 122   12100.00   12200.00  2.578941472208662E-06  9.234241961906124E-07 10604779	 122   12100.00   12200.00  2.578941472208662E-06  9.234241961906124E-07 10604779	 122   12100.00   12200.00  2.137160082240699E-06  7.551782640632479E-07 10604779
 123   12200.00   12300.00  1.931858702995899E-06  4.852312114790820E-07 10402632	 123   12200.00   12300.00  1.931858702995899E-06  4.852312114790820E-07 10402632	 123   12200.00   12300.00  1.619931688889249E-06  4.062243022328960E-07 10402632	 123   12200.00   12300.00  1.619931688889249E-06  4.062243022328960E-07 10402632	 123   12200.00   12300.00  2.339904157957701E-06  5.878693470172182E-07 10402632	 123   12200.00   12300.00  2.339904157957701E-06  5.878693470172182E-07 10402632	 123   12200.00   12300.00  1.931858702995899E-06  4.852312114790820E-07 10402632
 124   12300.00   12400.00  2.183318298214415E-06  3.562183025823835E-07 10186659	 124   12300.00   12400.00  2.183318298214415E-06  3.562183025823835E-07 10186659	 124   12300.00   12400.00  1.823212672501358E-06  2.973143745974361E-07 10186659	 124   12300.00   12400.00  1.823212672501358E-06  2.973143745974361E-07 10186659	 124   12300.00   12400.00  2.654869052374274E-06  4.331428188905347E-07 10186659	 124   12300.00   12400.00  2.654869052374274E-06  4.331428188905347E-07 10186659	 124   12300.00   12400.00  2.183318298214415E-06  3.562183025823835E-07 10186659
 125   12400.00   12500.00  2.270457276027689E-06  2.376271169539988E-07 9992166	 125   12400.00   12500.00  2.270457276027689E-06  2.376271169539988E-07 9992166	 125   12400.00   12500.00  1.895783819008394E-06  1.972783158670071E-07 9992166	 125   12400.00   12500.00  1.895783819008394E-06  1.972783158670071E-07 9992166	 125   12400.00   12500.00  2.761878769233473E-06  2.908829436735594E-07 9992166	 125   12400.00   12500.00  2.761878769233473E-06  2.908829436735594E-07 9992166	 125   12400.00   12500.00  2.270457276027689E-06  2.376271169539988E-07 9992166
 126   12500.00   12600.00  7.929510789547559E-09  1.203157069806077E-06 9799183	 126   12500.00   12600.00  7.929510789547559E-09  1.203157069806077E-06 9799183	 126   12500.00   12600.00  3.109304113613882E-08  9.839730198214105E-07 9799183	 126   12500.00   12600.00  3.109304113613882E-08  9.839730198214105E-07 9799183	 126   12500.00   12600.00 -2.937834588161067E-08  1.497444512850623E-06 9799183	 126   12500.00   12600.00 -2.937834588161067E-08  1.497444512850623E-06 9799183	 126   12500.00   12600.00  7.929510789547559E-09  1.203157069806077E-06 9799183
 127   12600.00   12700.00 -3.144644575045086E-07  1.241942392531201E-06 9611676	 127   12600.00   12700.00 -3.144644575045086E-07  1.241942392531201E-06 9611676	 127   12600.00   12700.00 -2.457572938836051E-07  1.023896718857549E-06 9611676	 127   12600.00   12700.00 -2.457572938836051E-07  1.023896718857549E-06 9611676	 127   12600.00   12700.00 -4.075650562335910E-07  1.530954509234836E-06 9611676	 127   12600.00   12700.00 -4.075650562335910E-07  1.530954509234836E-06 9611676	 127   12600.00   12700.00 -3.144644575045086E-07  1.241942392531201E-06 9611676
 128   12700.00   12800.00  1.776385039709814E-06  2.064138350836885E-07 9416016	 128   12700.00   12800.00  1.776385039709814E-06  2.064138350836885E-07 9416016	 128   12700.00   12800.00  1.478577285135280E-06  1.707953461443861E-07 9416016	 128   12700.00   12800.00  1.478577285135280E-06  1.707953461443861E-07 9416016	 128   12700.00   12800.00  2.168011019356897E-06  2.534467775916830E-07 9416016	 128   12700.00   12800.00  2.168011019356897E-06  2.534467775916830E-07 9416016	 128   12700.00   12800.00  1.776385039709814E-06  2.064138350836885E-07 9416016
 129   12800.00   12900.00  1.976029004696983E-06  1.321802748097271E-07 9229264	 129   12800.00   12900.00  1.976029004696983E-06  1.321802748097271E-07 9229264	 129   12800.00   12900.00  1.640701847060811E-06  1.100635266257004E-07 9229264	 129   12800.00   12900.00  1.640701847060811E-06  1.100635266257004E-07 9229264	 129   12800.00   12900.00  2.418341230138826E-06  1.611319134792451E-07 9229264	 129   12800.00   12900.00  2.418341230138826E-06  1.611319134792451E-07 9229264	 129   12800.00   12900.00  1.976029004696983E-06  1.321802748097271E-07 9229264
 130   12900.00   13000.00  7.075312648327694E-07  4.584951430942602E-07 9054753	 130   12900.00   13000.00  7.075312648327694E-07  4.584951430942602E-07 9054753	 130   12900.00   13000.00  5.870483164401109E-07  3.799444372282155E-07 9054753	 130   12900.00   13000.00  5.870483164401109E-07  3.799444372282155E-07 9054753	 130   12900.00   13000.00  8.672517662837994E-07  5.619385277431475E-07 9054753	 130   12900.00   13000.00  8.672517662837994E-07  5.619385277431475E-07 9054753	 130   12900.00   13000.00  7.075312648327694E-07  4.584951430942602E-07 9054753
# Underflow:                 0.0000000000000000E+00  0.0000000000000000E+00 0
# Overflow:                 -6.0407345762711167E-07  8.2821533856278072E-08 9110
#-------------------------------------------------------------------------------------	#-------------------------------------------------------------------------------------	#-------------------------------------------------------------------------------------	#-------------------------------------------------------------------------------------	#-------------------------------------------------------------------------------------	#-------------------------------------------------------------------------------------	#-------------------------------------------------------------------------------------
# Sum:                      -8.0187316171521167E-02  1.1241232356745989E-03 187000
#=====================================================================================	#=====================================================================================	#=====================================================================================	#=====================================================================================	#=====================================================================================	#=====================================================================================	#=====================================================================================
