# title = Rapidity separation Leptons
# xlabel = $\Delta y_{\text{e}^+\mu^-}$
# ylabel = $\frac{\text{d}\sigma}{\text{d}\Delta y_{\text{e}^+\mu^-}}\,[\text{fb}]$
# xmin= -5.000E+00
# xmax=  5.000E+00
# ymin=  1.000E-04
# ymax=  5.000E-01
# kmin= -2.000E+01
# kmax=  1.000E+01
# logscale = false
# Renormalization and factorization scale scaled by: 1.0000000000
# Renormalization scaled by: 1.0000000000
# Number of generated events: 7099658501
#	#	#	#	#	#	#
#=====================================================================================	#=====================================================================================	#=====================================================================================	#=====================================================================================	#=====================================================================================	#=====================================================================================	#=====================================================================================
# No.       Left      Right                   Value                   Error Hits
#-------------------------------------------------------------------------------------	#-------------------------------------------------------------------------------------	#-------------------------------------------------------------------------------------	#-------------------------------------------------------------------------------------	#-------------------------------------------------------------------------------------	#-------------------------------------------------------------------------------------	#-------------------------------------------------------------------------------------
   1      -5.00      -4.75  1.767765616766828E-02  6.948485804462612E-05 7986882	   1      -5.00      -4.75  1.767765616766828E-02  6.948485804462612E-05 7986882	   1      -5.00      -4.75  1.610092838849199E-02  6.302062753738561E-05 7986882	   1      -5.00      -4.75  1.610092838849199E-02  6.302062753738561E-05 7986882	   1      -5.00      -4.75  1.955131765447597E-02  7.730250996217344E-05 7986882	   1      -5.00      -4.75  1.955131765447597E-02  7.730250996217344E-05 7986882	   1      -5.00      -4.75  1.767765616766828E-02  6.948485804462612E-05 7986882
   2      -4.75      -4.50  2.707526536608256E-02  9.354960204224888E-05 11431526	   2      -4.75      -4.50  2.707526536608256E-02  9.354960204224888E-05 11431526	   2      -4.75      -4.50  2.478449104464734E-02  8.499212093442552E-05 11431526	   2      -4.75      -4.50  2.478449104464734E-02  8.499212093442552E-05 11431526	   2      -4.75      -4.50  2.977531235244377E-02  1.038590390792332E-04 11431526	   2      -4.75      -4.50  2.977531235244377E-02  1.038590390792332E-04 11431526	   2      -4.75      -4.50  2.707526536608256E-02  9.354960204224888E-05 11431526
   3      -4.50      -4.25  4.000467197635080E-02  1.084626822532921E-04 15999956	   3      -4.50      -4.25  4.000467197635080E-02  1.084626822532921E-04 15999956	   3      -4.50      -4.25  3.679342711730536E-02  9.896820407715832E-05 15999956	   3      -4.50      -4.25  3.679342711730536E-02  9.896820407715832E-05 15999956	   3      -4.50      -4.25  4.376009336036983E-02  1.198599581525921E-04 15999956	   3      -4.50      -4.25  4.376009336036983E-02  1.198599581525921E-04 15999956	   3      -4.50      -4.25  4.000467197635080E-02  1.084626822532921E-04 15999956
   4      -4.25      -4.00  5.789491753464549E-02  1.293461476725682E-04 21947004	   4      -4.25      -4.00  5.789491753464549E-02  1.293461476725682E-04 21947004	   4      -4.25      -4.00  5.350236305343711E-02  1.184878362551310E-04 21947004	   4      -4.25      -4.00  5.350236305343711E-02  1.184878362551310E-04 21947004	   4      -4.25      -4.00  6.298918730463479E-02  1.423153157193663E-04 21947004	   4      -4.25      -4.00  6.298918730463479E-02  1.423153157193663E-04 21947004	   4      -4.25      -4.00  5.789491753464549E-02  1.293461476725682E-04 21947004
   5      -4.00      -3.75  8.167319707912069E-02  1.548523225155621E-04 29516665	   5      -4.00      -3.75  8.167319707912069E-02  1.548523225155621E-04 29516665	   5      -4.00      -3.75  7.581316513220114E-02  1.421966449091131E-04 29516665	   5      -4.00      -3.75  7.581316513220114E-02  1.421966449091131E-04 29516665	   5      -4.00      -3.75  8.841397974923483E-02  1.699262427235633E-04 29516665	   5      -4.00      -3.75  8.841397974923483E-02  1.699262427235633E-04 29516665	   5      -4.00      -3.75  8.167319707912069E-02  1.548523225155621E-04 29516665
   6      -3.75      -3.50  1.131382961132574E-01  1.835325193923737E-04 39015650	   6      -3.75      -3.50  1.131382961132574E-01  1.835325193923737E-04 39015650	   6      -3.75      -3.50  1.054771351057005E-01  1.689219108988746E-04 39015650	   6      -3.75      -3.50  1.054771351057005E-01  1.689219108988746E-04 39015650	   6      -3.75      -3.50  1.218772843827269E-01  2.008860519156375E-04 39015650	   6      -3.75      -3.50  1.218772843827269E-01  2.008860519156375E-04 39015650	   6      -3.75      -3.50  1.131382961132574E-01  1.835325193923737E-04 39015650
   7      -3.50      -3.25  1.523297287286175E-01  2.067299020706778E-04 50721493	   7      -3.50      -3.25  1.523297287286175E-01  2.067299020706778E-04 50721493	   7      -3.50      -3.25  1.426368821696563E-01  1.910457639774338E-04 50721493	   7      -3.50      -3.25  1.426368821696563E-01  1.910457639774338E-04 50721493	   7      -3.50      -3.25  1.632858895734645E-01  2.252619116061506E-04 50721493	   7      -3.50      -3.25  1.632858895734645E-01  2.252619116061506E-04 50721493	   7      -3.50      -3.25  1.523297287286175E-01  2.067299020706778E-04 50721493
   8      -3.25      -3.00  2.023334753056976E-01  2.334122111878247E-04 64909443	   8      -3.25      -3.00  2.023334753056976E-01  2.334122111878247E-04 64909443	   8      -3.25      -3.00  1.902253095245582E-01  2.162887648486858E-04 64909443	   8      -3.25      -3.00  1.902253095245582E-01  2.162887648486858E-04 64909443	   8      -3.25      -3.00  2.158985606763283E-01  2.535610539882917E-04 64909443	   8      -3.25      -3.00  2.158985606763283E-01  2.535610539882917E-04 64909443	   8      -3.25      -3.00  2.023334753056976E-01  2.334122111878247E-04 64909443
   9      -3.00      -2.75  2.627553937029717E-01  2.585415014588039E-04 81788800	   9      -3.00      -2.75  2.627553937029717E-01  2.585415014588039E-04 81788800	   9      -3.00      -2.75  2.479868029445871E-01  2.402544830542841E-04 81788800	   9      -3.00      -2.75  2.479868029445871E-01  2.402544830542841E-04 81788800	   9      -3.00      -2.75  2.791485783484450E-01  2.799635401656654E-04 81788800	   9      -3.00      -2.75  2.791485783484450E-01  2.799635401656654E-04 81788800	   9      -3.00      -2.75  2.627553937029717E-01  2.585415014588039E-04 81788800
  10      -2.75      -2.50  3.353445887995491E-01  2.855113566055428E-04 101677163	  10      -2.75      -2.50  3.353445887995491E-01  2.855113566055428E-04 101677163	  10      -2.75      -2.50  3.176014773335467E-01  2.656534680152704E-04 101677163	  10      -2.75      -2.50  3.176014773335467E-01  2.656534680152704E-04 101677163	  10      -2.75      -2.50  3.548635228376154E-01  3.087650607623301E-04 101677163	  10      -2.75      -2.50  3.548635228376154E-01  3.087650607623301E-04 101677163	  10      -2.75      -2.50  3.353445887995491E-01  2.855113566055428E-04 101677163
  11      -2.50      -2.25  4.182271057210056E-01  3.053172718150855E-04 124402554	  11      -2.50      -2.25  4.182271057210056E-01  3.053172718150855E-04 124402554	  11      -2.50      -2.25  3.974224407953182E-01  2.847742956280356E-04 124402554	  11      -2.50      -2.25  3.974224407953182E-01  2.847742956280356E-04 124402554	  11      -2.50      -2.25  4.409000855490068E-01  3.293043683827577E-04 124402554	  11      -2.50      -2.25  4.409000855490068E-01  3.293043683827577E-04 124402554	  11      -2.50      -2.25  4.182271057210056E-01  3.053172718150855E-04 124402554
  12      -2.25      -2.00  5.113093085605641E-01  3.281928291783013E-04 148759460	  12      -2.25      -2.00  5.113093085605641E-01  3.281928291783013E-04 148759460	  12      -2.25      -2.00  4.873469397185831E-01  3.064017452776442E-04 148759460	  12      -2.25      -2.00  4.873469397185831E-01  3.064017452776442E-04 148759460	  12      -2.25      -2.00  5.371811997987959E-01  3.536442305829791E-04 148759460	  12      -2.25      -2.00  5.371811997987959E-01  3.536442305829791E-04 148759460	  12      -2.25      -2.00  5.113093085605641E-01  3.281928291783013E-04 148759460
  13      -2.00      -1.75  6.116203348159718E-01  3.475530677573047E-04 173699401	  13      -2.00      -1.75  6.116203348159718E-01  3.475530677573047E-04 173699401	  13      -2.00      -1.75  5.844681919460729E-01  3.249535545428044E-04 173699401	  13      -2.00      -1.75  5.844681919460729E-01  3.249535545428044E-04 173699401	  13      -2.00      -1.75  6.406819401771955E-01  3.739056962538181E-04 173699401	  13      -2.00      -1.75  6.406819401771955E-01  3.739056962538181E-04 173699401	  13      -2.00      -1.75  6.116203348159718E-01  3.475530677573047E-04 173699401
  14      -1.75      -1.50  7.153625397466844E-01  3.685583236061316E-04 198365832	  14      -1.75      -1.50  7.153625397466844E-01  3.685583236061316E-04 198365832	  14      -1.75      -1.50  6.851213163133687E-01  3.446798150133031E-04 198365832	  14      -1.75      -1.50  6.851213163133687E-01  3.446798150133031E-04 198365832	  14      -1.75      -1.50  7.474700872478846E-01  3.964319390204171E-04 198365832	  14      -1.75      -1.50  7.474700872478846E-01  3.964319390204171E-04 198365832	  14      -1.75      -1.50  7.153625397466844E-01  3.685583236061316E-04 198365832
  15      -1.50      -1.25  8.191146855631752E-01  3.893113621747113E-04 222127099	  15      -1.50      -1.25  8.191146855631752E-01  3.893113621747113E-04 222127099	  15      -1.50      -1.25  7.859632375137796E-01  3.643246315860486E-04 222127099	  15      -1.50      -1.25  7.859632375137796E-01  3.643246315860486E-04 222127099	  15      -1.50      -1.25  8.540534109080018E-01  4.184413709495786E-04 222127099	  15      -1.50      -1.25  8.540534109080018E-01  4.184413709495786E-04 222127099	  15      -1.50      -1.25  8.191146855631752E-01  3.893113621747113E-04 222127099
  16      -1.25      -1.00  9.174321231472448E-01  3.965475543504482E-04 244094233	  16      -1.25      -1.00  9.174321231472448E-01  3.965475543504482E-04 244094233	  16      -1.25      -1.00  8.816908269290075E-01  3.714636594675777E-04 244094233	  16      -1.25      -1.00  8.816908269290075E-01  3.714636594675777E-04 244094233	  16      -1.25      -1.00  9.548468774069626E-01  4.257631964450381E-04 244094233	  16      -1.25      -1.00  9.548468774069626E-01  4.257631964450381E-04 244094233	  16      -1.25      -1.00  9.174321231472448E-01  3.965475543504482E-04 244094233
  17      -1.00      -0.75  1.008414778099828E+00  4.147494187760017E-04 263537182	  17      -1.00      -0.75  1.008414778099828E+00  4.147494187760017E-04 263537182	  17      -1.00      -0.75  9.702642381008596E-01  3.884424733977934E-04 263537182	  17      -1.00      -0.75  9.702642381008596E-01  3.884424733977934E-04 263537182	  17      -1.00      -0.75  1.048143988044291E+00  4.454033926559576E-04 263537182	  17      -1.00      -0.75  1.048143988044291E+00  4.454033926559576E-04 263537182	  17      -1.00      -0.75  1.008414778099828E+00  4.147494187760017E-04 263537182
  18      -0.75      -0.50  1.077547774005219E+00  4.225379121737304E-04 278335033	  18      -0.75      -0.50  1.077547774005219E+00  4.225379121737304E-04 278335033	  18      -0.75      -0.50  1.037667721663524E+00  3.954697379248348E-04 278335033	  18      -0.75      -0.50  1.037667721663524E+00  3.954697379248348E-04 278335033	  18      -0.75      -0.50  1.118908331176452E+00  4.541765447428277E-04 278335033	  18      -0.75      -0.50  1.118908331176452E+00  4.541765447428277E-04 278335033	  18      -0.75      -0.50  1.077547774005219E+00  4.225379121737304E-04 278335033
  19      -0.50      -0.25  1.099560969510275E+00  4.209681506679349E-04 282032021	  19      -0.50      -0.25  1.099560969510275E+00  4.209681506679349E-04 282032021	  19      -0.50      -0.25  1.059086677474701E+00  3.943444629759156E-04 282032021	  19      -0.50      -0.25  1.059086677474701E+00  3.943444629759156E-04 282032021	  19      -0.50      -0.25  1.141497820296024E+00  4.520065479484291E-04 282032021	  19      -0.50      -0.25  1.141497820296024E+00  4.520065479484291E-04 282032021	  19      -0.50      -0.25  1.099560969510275E+00  4.209681506679349E-04 282032021
  20      -0.25       0.00  1.074808850215407E+00  4.126607540285659E-04 272265246	  20      -0.25       0.00  1.074808850215407E+00  4.126607540285659E-04 272265246	  20      -0.25       0.00  1.035609479390323E+00  3.867363211619634E-04 272265246	  20      -0.25       0.00  1.035609479390323E+00  3.867363211619634E-04 272265246	  20      -0.25       0.00  1.115348067157612E+00  4.428797206789679E-04 272265246	  20      -0.25       0.00  1.115348067157612E+00  4.428797206789679E-04 272265246	  20      -0.25       0.00  1.074808850215407E+00  4.126607540285659E-04 272265246
  21       0.00       0.25  1.075816720435178E+00  4.139806602707494E-04 272214322	  21       0.00       0.25  1.075816720435178E+00  4.139806602707494E-04 272214322	  21       0.00       0.25  1.036543456042442E+00  3.878983743642858E-04 272214322	  21       0.00       0.25  1.036543456042442E+00  3.878983743642858E-04 272214322	  21       0.00       0.25  1.116439535758515E+00  4.444012720564110E-04 272214322	  21       0.00       0.25  1.116439535758515E+00  4.444012720564110E-04 272214322	  21       0.00       0.25  1.075816720435178E+00  4.139806602707494E-04 272214322
  22       0.25       0.50  1.099918646653862E+00  4.201554808244336E-04 281924280	  22       0.25       0.50  1.099918646653862E+00  4.201554808244336E-04 281924280	  22       0.25       0.50  1.059450176036919E+00  3.936428044181470E-04 281924280	  22       0.25       0.50  1.059450176036919E+00  3.936428044181470E-04 281924280	  22       0.25       0.50  1.141845240649292E+00  4.510569521668870E-04 281924280	  22       0.25       0.50  1.141845240649292E+00  4.510569521668870E-04 281924280	  22       0.25       0.50  1.099918646653862E+00  4.201554808244336E-04 281924280
  23       0.50       0.75  1.077668582669961E+00  4.209465893479024E-04 278107347	  23       0.50       0.75  1.077668582669961E+00  4.209465893479024E-04 278107347	  23       0.50       0.75  1.037774544264891E+00  3.943643585313425E-04 278107347	  23       0.50       0.75  1.037774544264891E+00  3.943643585313425E-04 278107347	  23       0.50       0.75  1.119045996047436E+00  4.519208528393747E-04 278107347	  23       0.50       0.75  1.119045996047436E+00  4.519208528393747E-04 278107347	  23       0.50       0.75  1.077668582669961E+00  4.209465893479024E-04 278107347
  24       0.75       1.00  1.007928759621293E+00  4.143939758224959E-04 263214902	  24       0.75       1.00  1.007928759621293E+00  4.143939758224959E-04 263214902	  24       0.75       1.00  9.698363442255419E-01  3.880446289205342E-04 263214902	  24       0.75       1.00  9.698363442255419E-01  3.880446289205342E-04 263214902	  24       0.75       1.00  1.047588738056304E+00  4.451234431729656E-04 263214902	  24       0.75       1.00  1.047588738056304E+00  4.451234431729656E-04 263214902	  24       0.75       1.00  1.007928759621293E+00  4.143939758224959E-04 263214902
  25       1.00       1.25  9.182431235227400E-01  4.026765918711766E-04 243762994	  25       1.00       1.25  9.182431235227400E-01  4.026765918711766E-04 243762994	  25       1.00       1.25  8.824708991237757E-01  3.769645183902434E-04 243762994	  25       1.00       1.25  8.824708991237757E-01  3.769645183902434E-04 243762994	  25       1.00       1.25  9.556896895369773E-01  4.326659804700732E-04 243762994	  25       1.00       1.25  9.556896895369773E-01  4.326659804700732E-04 243762994	  25       1.00       1.25  9.182431235227400E-01  4.026765918711766E-04 243762994
  26       1.25       1.50  8.183231846538306E-01  3.841764066110590E-04 221776524	  26       1.25       1.50  8.183231846538306E-01  3.841764066110590E-04 221776524	  26       1.25       1.50  7.852393172293092E-01  3.597198352242799E-04 221776524	  26       1.25       1.50  7.852393172293092E-01  3.597198352242799E-04 221776524	  26       1.25       1.50  8.531820159995103E-01  4.126712857523428E-04 221776524	  26       1.25       1.50  8.531820159995103E-01  4.126712857523428E-04 221776524	  26       1.25       1.50  8.183231846538306E-01  3.841764066110590E-04 221776524
  27       1.50       1.75  7.149219957232334E-01  3.722057885935435E-04 198108612	  27       1.50       1.75  7.149219957232334E-01  3.722057885935435E-04 198108612	  27       1.50       1.75  6.847133946094444E-01  3.483652873156462E-04 198108612	  27       1.50       1.75  6.847133946094444E-01  3.483652873156462E-04 198108612	  27       1.50       1.75  7.469908914234776E-01  3.999349408327050E-04 198108612	  27       1.50       1.75  7.469908914234776E-01  3.999349408327050E-04 198108612	  27       1.50       1.75  7.149219957232334E-01  3.722057885935435E-04 198108612
  28       1.75       2.00  6.107978553706870E-01  3.496240626982682E-04 173385642	  28       1.75       2.00  6.107978553706870E-01  3.496240626982682E-04 173385642	  28       1.75       2.00  5.836920498708086E-01  3.268883706015662E-04 173385642	  28       1.75       2.00  5.836920498708086E-01  3.268883706015662E-04 173385642	  28       1.75       2.00  6.398071407311552E-01  3.761468868421069E-04 173385642	  28       1.75       2.00  6.398071407311552E-01  3.761468868421069E-04 173385642	  28       1.75       2.00  6.107978553706870E-01  3.496240626982682E-04 173385642
  29       2.00       2.25  5.111785762152188E-01  3.333900282909748E-04 148544734	  29       2.00       2.25  5.111785762152188E-01  3.333900282909748E-04 148544734	  29       2.00       2.25  4.872150050163147E-01  3.107928367589741E-04 148544734	  29       2.00       2.25  4.872150050163147E-01  3.107928367589741E-04 148544734	  29       2.00       2.25  5.370526866507886E-01  3.599331137184155E-04 148544734	  29       2.00       2.25  5.370526866507886E-01  3.599331137184155E-04 148544734	  29       2.00       2.25  5.111785762152188E-01  3.333900282909748E-04 148544734
  30       2.25       2.50  4.183812398429090E-01  3.076231398131525E-04 124240720	  30       2.25       2.50  4.183812398429090E-01  3.076231398131525E-04 124240720	  30       2.25       2.50  3.975846099279831E-01  2.869311422313384E-04 124240720	  30       2.25       2.50  3.975846099279831E-01  2.869311422313384E-04 124240720	  30       2.25       2.50  4.410422747513252E-01  3.317895588631796E-04 124240720	  30       2.25       2.50  4.410422747513252E-01  3.317895588631796E-04 124240720	  30       2.25       2.50  4.183812398429090E-01  3.076231398131525E-04 124240720
  31       2.50       2.75  3.347487301126373E-01  2.841545740222766E-04 101563494	  31       2.50       2.75  3.347487301126373E-01  2.841545740222766E-04 101563494	  31       2.50       2.75  3.170468109491930E-01  2.644999237794118E-04 101563494	  31       2.50       2.75  3.170468109491930E-01  2.644999237794118E-04 101563494	  31       2.50       2.75  3.542213519258927E-01  3.071740928827051E-04 101563494	  31       2.50       2.75  3.542213519258927E-01  3.071740928827051E-04 101563494	  31       2.50       2.75  3.347487301126373E-01  2.841545740222766E-04 101563494
  32       2.75       3.00  2.627546293221429E-01  2.627057767287341E-04 81740335	  32       2.75       3.00  2.627546293221429E-01  2.627057767287341E-04 81740335	  32       2.75       3.00  2.479649690766093E-01  2.440418736278269E-04 81740335	  32       2.75       3.00  2.479649690766093E-01  2.440418736278269E-04 81740335	  32       2.75       3.00  2.791757658877118E-01  2.845955171419062E-04 81740335	  32       2.75       3.00  2.791757658877118E-01  2.845955171419062E-04 81740335	  32       2.75       3.00  2.627546293221429E-01  2.627057767287341E-04 81740335
  33       3.00       3.25  2.023618263002228E-01  2.340211948913773E-04 64867841	  33       3.00       3.25  2.023618263002228E-01  2.340211948913773E-04 64867841	  33       3.00       3.25  1.902505934563321E-01  2.169627928854754E-04 64867841	  33       3.00       3.25  1.902505934563321E-01  2.169627928854754E-04 64867841	  33       3.00       3.25  2.159307956216216E-01  2.540761981538325E-04 64867841	  33       3.00       3.25  2.159307956216216E-01  2.540761981538325E-04 64867841	  33       3.00       3.25  2.023618263002228E-01  2.340211948913773E-04 64867841
  34       3.25       3.50  1.524673486213750E-01  2.075059214844731E-04 50722360	  34       3.25       3.50  1.524673486213750E-01  2.075059214844731E-04 50722360	  34       3.25       3.50  1.427670825085571E-01  1.915850951055820E-04 50722360	  34       3.25       3.50  1.427670825085571E-01  1.915850951055820E-04 50722360	  34       3.25       3.50  1.634326992488886E-01  2.263774387614523E-04 50722360	  34       3.25       3.50  1.634326992488886E-01  2.263774387614523E-04 50722360	  34       3.25       3.50  1.524673486213750E-01  2.075059214844731E-04 50722360
  35       3.50       3.75  1.131410612206298E-01  1.812583773256203E-04 39022957	  35       3.50       3.75  1.131410612206298E-01  1.812583773256203E-04 39022957	  35       3.50       3.75  1.054879358779512E-01  1.671055355044639E-04 39022957	  35       3.50       3.75  1.054879358779512E-01  1.671055355044639E-04 39022957	  35       3.50       3.75  1.218696474685456E-01  1.980169092996125E-04 39022957	  35       3.50       3.75  1.218696474685456E-01  1.980169092996125E-04 39022957	  35       3.50       3.75  1.131410612206298E-01  1.812583773256203E-04 39022957
  36       3.75       4.00  8.183338585006493E-02  1.571606861671861E-04 29535484	  36       3.75       4.00  8.183338585006493E-02  1.571606861671861E-04 29535484	  36       3.75       4.00  7.597123346360048E-02  1.443612972287641E-04 29535484	  36       3.75       4.00  7.597123346360048E-02  1.443612972287641E-04 29535484	  36       3.75       4.00  8.857496985135878E-02  1.723976412878673E-04 29535484	  36       3.75       4.00  8.857496985135878E-02  1.723976412878673E-04 29535484	  36       3.75       4.00  8.183338585006493E-02  1.571606861671861E-04 29535484
  37       4.00       4.25  5.803290105406664E-02  1.568886609462786E-04 21952545	  37       4.00       4.25  5.803290105406664E-02  1.568886609462786E-04 21952545	  37       4.00       4.25  5.362376597935502E-02  1.415555280720584E-04 21952545	  37       4.00       4.25  5.362376597935502E-02  1.415555280720584E-04 21952545	  37       4.00       4.25  6.314777571860325E-02  1.756870015271565E-04 21952545	  37       4.00       4.25  6.314777571860325E-02  1.756870015271565E-04 21952545	  37       4.00       4.25  5.803290105406664E-02  1.568886609462786E-04 21952545
  38       4.25       4.50  3.991877856218045E-02  1.078091175020552E-04 16016142	  38       4.25       4.50  3.991877856218045E-02  1.078091175020552E-04 16016142	  38       4.25       4.50  3.671692222330204E-02  9.854861289455045E-05 16016142	  38       4.25       4.50  3.671692222330204E-02  9.854861289455045E-05 16016142	  38       4.25       4.50  4.366276563557167E-02  1.188919880890634E-04 16016142	  38       4.25       4.50  4.366276563557167E-02  1.188919880890634E-04 16016142	  38       4.25       4.50  3.991877856218045E-02  1.078091175020552E-04 16016142
  39       4.50       4.75  2.709647014948809E-02  8.986003653038433E-05 11451950	  39       4.50       4.75  2.709647014948809E-02  8.986003653038433E-05 11451950	  39       4.50       4.75  2.480398431360923E-02  8.177772092455175E-05 11451950	  39       4.50       4.75  2.480398431360923E-02  8.177772092455175E-05 11451950	  39       4.50       4.75  2.979856699041017E-02  9.958982245341100E-05 11451950	  39       4.50       4.75  2.979856699041017E-02  9.958982245341100E-05 11451950	  39       4.50       4.75  2.709647014948809E-02  8.986003653038433E-05 11451950
  40       4.75       5.00  1.752760117863857E-02  7.091691480176765E-05 7994820	  40       4.75       5.00  1.752760117863857E-02  7.091691480176765E-05 7994820	  40       4.75       5.00  1.596495352699484E-02  6.426308928156339E-05 7994820	  40       4.75       5.00  1.596495352699484E-02  6.426308928156339E-05 7994820	  40       4.75       5.00  1.938436819249728E-02  7.897214421439049E-05 7994820	  40       4.75       5.00  1.938436819249728E-02  7.897214421439049E-05 7994820	  40       4.75       5.00  1.752760117863857E-02  7.091691480176765E-05 7994820
# Underflow:                 1.9912406537766084E-03  9.5974199051861002E-06 1438359
# Overflow:                  1.9814959367339649E-03  9.3853982091623988E-06 1446178
#-------------------------------------------------------------------------------------	#-------------------------------------------------------------------------------------	#-------------------------------------------------------------------------------------	#-------------------------------------------------------------------------------------	#-------------------------------------------------------------------------------------	#-------------------------------------------------------------------------------------	#-------------------------------------------------------------------------------------
# Sum:                       5.2751646661196450E-01  8.4874845352043033E-05 508479000
#=====================================================================================	#=====================================================================================	#=====================================================================================	#=====================================================================================	#=====================================================================================	#=====================================================================================	#=====================================================================================
