# title = Distance Positron--anti-Muon
# xlabel = $\Delta R_{\text{e}^+\mu^+}$
# ylabel = $\frac{\text{d}\sigma}{\text{d}\Delta R_{\text{e}^+\mu^+}}\,[\text{fb}]$
# xmin=  0.000E+00
# xmax=  6.000E+00
# ymin=  1.000E-04
# ymax=  1.000E+00
# kmin= -2.000E+01
# kmax=  1.000E+01
# logscale = true
# Renormalization and factorization scale scaled by: 1.0000000000
# Renormalization scaled by: 1.0000000000
# Number of generated events: 7099658501
#	#	#	#	#	#	#
#=====================================================================================	#=====================================================================================	#=====================================================================================	#=====================================================================================	#=====================================================================================	#=====================================================================================	#=====================================================================================
# No.       Left      Right                   Value                   Error Hits
#-------------------------------------------------------------------------------------	#-------------------------------------------------------------------------------------	#-------------------------------------------------------------------------------------	#-------------------------------------------------------------------------------------	#-------------------------------------------------------------------------------------	#-------------------------------------------------------------------------------------	#-------------------------------------------------------------------------------------
   1       0.00       0.20  0.000000000000000E+00  0.000000000000000E+00 0	   1       0.00       0.20  0.000000000000000E+00  0.000000000000000E+00 0	   1       0.00       0.20  0.000000000000000E+00  0.000000000000000E+00 0	   1       0.00       0.20  0.000000000000000E+00  0.000000000000000E+00 0	   1       0.00       0.20  0.000000000000000E+00  0.000000000000000E+00 0	   1       0.00       0.20  0.000000000000000E+00  0.000000000000000E+00 0	   1       0.00       0.20  0.000000000000000E+00  0.000000000000000E+00 0
   2       0.20       0.40  7.571263115011988E-02  1.011074944978577E-04 23014717	   2       0.20       0.40  7.571263115011988E-02  1.011074944978577E-04 23014717	   2       0.20       0.40  7.225039099406294E-02  9.419040611356462E-05 23014717	   2       0.20       0.40  7.225039099406294E-02  9.419040611356462E-05 23014717	   2       0.20       0.40  7.945008575592512E-02  1.092259538790299E-04 23014717	   2       0.20       0.40  7.945008575592512E-02  1.092259538790299E-04 23014717	   2       0.20       0.40  7.571263115011988E-02  1.011074944978577E-04 23014717
   3       0.40       0.60  3.417570132708950E-01  2.404786974559704E-04 87441946	   3       0.40       0.60  3.417570132708950E-01  2.404786974559704E-04 87441946	   3       0.40       0.60  3.283296388214121E-01  2.246199608190430E-04 87441946	   3       0.40       0.60  3.283296388214121E-01  2.246199608190430E-04 87441946	   3       0.40       0.60  3.558827524702121E-01  2.590509688389967E-04 87441946	   3       0.40       0.60  3.558827524702121E-01  2.590509688389967E-04 87441946	   3       0.40       0.60  3.417570132708950E-01  2.404786974559704E-04 87441946
   4       0.60       0.80  5.774766833253313E-01  3.309722703273790E-04 141337792	   4       0.60       0.80  5.774766833253313E-01  3.309722703273790E-04 141337792	   4       0.60       0.80  5.563119994826232E-01  3.094764018628898E-04 141337792	   4       0.60       0.80  5.563119994826232E-01  3.094764018628898E-04 141337792	   4       0.60       0.80  5.994464596563949E-01  3.561291750678868E-04 141337792	   4       0.60       0.80  5.994464596563949E-01  3.561291750678868E-04 141337792	   4       0.60       0.80  5.774766833253313E-01  3.309722703273790E-04 141337792
   5       0.80       1.00  7.637115496225628E-01  3.789311105715332E-04 183653719	   5       0.80       1.00  7.637115496225628E-01  3.789311105715332E-04 183653719	   5       0.80       1.00  7.359141722370198E-01  3.547481693718082E-04 183653719	   5       0.80       1.00  7.359141722370198E-01  3.547481693718082E-04 183653719	   5       0.80       1.00  7.925187314863703E-01  4.071443140412004E-04 183653719	   5       0.80       1.00  7.925187314863703E-01  4.071443140412004E-04 183653719	   5       0.80       1.00  7.637115496225628E-01  3.789311105715332E-04 183653719
   6       1.00       1.20  9.219266669707317E-01  4.214065010123055E-04 219928802	   6       1.00       1.20  9.219266669707317E-01  4.214065010123055E-04 219928802	   6       1.00       1.20  8.880554985818542E-01  3.944670404890795E-04 219928802	   6       1.00       1.20  8.880554985818542E-01  3.944670404890795E-04 219928802	   6       1.00       1.20  9.570836525081766E-01  4.528627469488390E-04 219928802	   6       1.00       1.20  9.570836525081766E-01  4.528627469488390E-04 219928802	   6       1.00       1.20  9.219266669707317E-01  4.214065010123055E-04 219928802
   7       1.20       1.40  1.070320524773902E+00  4.530187833753908E-04 253332172	   7       1.20       1.40  1.070320524773902E+00  4.530187833753908E-04 253332172	   7       1.20       1.40  1.030569064605623E+00  4.241822190642033E-04 253332172	   7       1.20       1.40  1.030569064605623E+00  4.241822190642033E-04 253332172	   7       1.20       1.40  1.111653598429653E+00  4.866434076409133E-04 253332172	   7       1.20       1.40  1.111653598429653E+00  4.866434076409133E-04 253332172	   7       1.20       1.40  1.070320524773902E+00  4.530187833753908E-04 253332172
   8       1.40       1.60  1.212998568382846E+00  4.850531067765415E-04 283999516	   8       1.40       1.60  1.212998568382846E+00  4.850531067765415E-04 283999516	   8       1.40       1.60  1.167397469003123E+00  4.539905801221490E-04 283999516	   8       1.40       1.60  1.167397469003123E+00  4.539905801221490E-04 283999516	   8       1.40       1.60  1.260507146442535E+00  5.213328844626770E-04 283999516	   8       1.40       1.60  1.260507146442535E+00  5.213328844626770E-04 283999516	   8       1.40       1.60  1.212998568382846E+00  4.850531067765415E-04 283999516
   9       1.60       1.80  1.352907305560295E+00  5.109871302666831E-04 311993052	   9       1.60       1.80  1.352907305560295E+00  5.109871302666831E-04 311993052	   9       1.60       1.80  1.301339672579676E+00  4.783907892287356E-04 311993052	   9       1.60       1.80  1.301339672579676E+00  4.783907892287356E-04 311993052	   9       1.60       1.80  1.406749812991363E+00  5.490639711468936E-04 311993052	   9       1.60       1.80  1.406749812991363E+00  5.490639711468936E-04 311993052	   9       1.60       1.80  1.352907305560295E+00  5.109871302666831E-04 311993052
  10       1.80       2.00  1.490498076406526E+00  5.465816491684713E-04 337094868	  10       1.80       2.00  1.490498076406526E+00  5.465816491684713E-04 337094868	  10       1.80       2.00  1.432866819988785E+00  5.118278031921643E-04 337094868	  10       1.80       2.00  1.432866819988785E+00  5.118278031921643E-04 337094868	  10       1.80       2.00  1.550807995396325E+00  5.871160109345887E-04 337094868	  10       1.80       2.00  1.550807995396325E+00  5.871160109345887E-04 337094868	  10       1.80       2.00  1.490498076406526E+00  5.465816491684713E-04 337094868
  11       2.00       2.20  1.625781100198504E+00  5.854481673654456E-04 359406294	  11       2.00       2.20  1.625781100198504E+00  5.854481673654456E-04 359406294	  11       2.00       2.20  1.562033850958971E+00  5.483699226965692E-04 359406294	  11       2.00       2.20  1.562033850958971E+00  5.483699226965692E-04 359406294	  11       2.00       2.20  1.692628528693163E+00  6.286270999910295E-04 359406294	  11       2.00       2.20  1.692628528693163E+00  6.286270999910295E-04 359406294	  11       2.00       2.20  1.625781100198504E+00  5.854481673654456E-04 359406294
  12       2.20       2.40  1.760512757590418E+00  6.127770590851499E-04 379303351	  12       2.20       2.40  1.760512757590418E+00  6.127770590851499E-04 379303351	  12       2.20       2.40  1.690395194126724E+00  5.736022888040224E-04 379303351	  12       2.20       2.40  1.690395194126724E+00  5.736022888040224E-04 379303351	  12       2.20       2.40  1.834217814430106E+00  6.585167165071870E-04 379303351	  12       2.20       2.40  1.834217814430106E+00  6.585167165071870E-04 379303351	  12       2.20       2.40  1.760512757590418E+00  6.127770590851499E-04 379303351
  13       2.40       2.60  1.894857634892860E+00  6.466569384805979E-04 397295678	  13       2.40       2.60  1.894857634892860E+00  6.466569384805979E-04 397295678	  13       2.40       2.60  1.818166682344917E+00  6.055307995958382E-04 397295678	  13       2.40       2.60  1.818166682344917E+00  6.055307995958382E-04 397295678	  13       2.40       2.60  1.975668868533821E+00  6.945608191234289E-04 397295678	  13       2.40       2.60  1.975668868533821E+00  6.945608191234289E-04 397295678	  13       2.40       2.60  1.894857634892860E+00  6.466569384805979E-04 397295678
  14       2.60       2.80  2.026296632564583E+00  6.847861130442009E-04 414025846	  14       2.60       2.80  2.026296632564583E+00  6.847861130442009E-04 414025846	  14       2.60       2.80  1.942882414050170E+00  6.410209012170383E-04 414025846	  14       2.60       2.80  1.942882414050170E+00  6.410209012170383E-04 414025846	  14       2.60       2.80  2.114426404006060E+00  7.357842454440911E-04 414025846	  14       2.60       2.80  2.114426404006060E+00  7.357842454440911E-04 414025846	  14       2.60       2.80  2.026296632564583E+00  6.847861130442009E-04 414025846
  15       2.80       3.00  2.146230815974530E+00  7.187004915848689E-04 430463102	  15       2.80       3.00  2.146230815974530E+00  7.187004915848689E-04 430463102	  15       2.80       3.00  2.056312504356585E+00  6.725399963346101E-04 430463102	  15       2.80       3.00  2.056312504356585E+00  6.725399963346101E-04 430463102	  15       2.80       3.00  2.241495151159334E+00  7.724739217788306E-04 430463102	  15       2.80       3.00  2.241495151159334E+00  7.724739217788306E-04 430463102	  15       2.80       3.00  2.146230815974530E+00  7.187004915848689E-04 430463102
  16       3.00       3.20  2.119799132623668E+00  7.287699277810735E-04 424984897	  16       3.00       3.20  2.119799132623668E+00  7.287699277810735E-04 424984897	  16       3.00       3.20  2.028825209774980E+00  6.817405394161496E-04 424984897	  16       3.00       3.20  2.028825209774980E+00  6.817405394161496E-04 424984897	  16       3.00       3.20  2.216575977227642E+00  7.835630580470288E-04 424984897	  16       3.00       3.20  2.216575977227642E+00  7.835630580470288E-04 424984897	  16       3.00       3.20  2.119799132623668E+00  7.287699277810735E-04 424984897
  17       3.20       3.40  1.321417984448877E+00  6.135336520980732E-04 276432947	  17       3.20       3.40  1.321417984448877E+00  6.135336520980732E-04 276432947	  17       3.20       3.40  1.259332058670088E+00  5.727371403067305E-04 276432947	  17       3.20       3.40  1.259332058670088E+00  5.727371403067305E-04 276432947	  17       3.20       3.40  1.388464855717589E+00  6.612010923522893E-04 276432947	  17       3.20       3.40  1.388464855717589E+00  6.612010923522893E-04 276432947	  17       3.20       3.40  1.321417984448877E+00  6.135336520980732E-04 276432947
  18       3.40       3.60  9.095476967664479E-01  5.364282608661289E-04 197224175	  18       3.40       3.60  9.095476967664479E-01  5.364282608661289E-04 197224175	  18       3.40       3.60  8.631402788811121E-01  4.998301842540666E-04 197224175	  18       3.40       3.60  8.631402788811121E-01  4.998301842540666E-04 197224175	  18       3.40       3.60  9.603155788131300E-01  5.792518131122646E-04 197224175	  18       3.40       3.60  9.603155788131300E-01  5.792518131122646E-04 197224175	  18       3.40       3.60  9.095476967664479E-01  5.364282608661289E-04 197224175
  19       3.60       3.80  6.550051048890416E-01  4.771687536296956E-04 146514246	  19       3.60       3.80  6.550051048890416E-01  4.771687536296956E-04 146514246	  19       3.60       3.80  6.189750889260373E-01  4.431487309944496E-04 146514246	  19       3.60       3.80  6.189750889260373E-01  4.431487309944496E-04 146514246	  19       3.60       3.80  6.948735808888290E-01  5.172017417827329E-04 146514246	  19       3.60       3.80  6.948735808888290E-01  5.172017417827329E-04 146514246	  19       3.60       3.80  6.550051048890416E-01  4.771687536296956E-04 146514246
  20       3.80       4.00  4.765043810938924E-01  4.210206096863927E-04 109925138	  20       3.80       4.00  4.765043810938924E-01  4.210206096863927E-04 109925138	  20       3.80       4.00  4.484108096296485E-01  3.904728407952275E-04 109925138	  20       3.80       4.00  4.484108096296485E-01  3.904728407952275E-04 109925138	  20       3.80       4.00  5.079117946317552E-01  4.569068899552538E-04 109925138	  20       3.80       4.00  5.079117946317552E-01  4.569068899552538E-04 109925138	  20       3.80       4.00  4.765043810938924E-01  4.210206096863927E-04 109925138
  21       4.00       4.20  3.470967492449221E-01  3.667959478264662E-04 82769259	  21       4.00       4.20  3.470967492449221E-01  3.667959478264662E-04 82769259	  21       4.00       4.20  3.252489644043474E-01  3.390321259155862E-04 82769259	  21       4.00       4.20  3.252489644043474E-01  3.390321259155862E-04 82769259	  21       4.00       4.20  3.717569956655469E-01  3.996029091744400E-04 82769259	  21       4.00       4.20  3.717569956655469E-01  3.996029091744400E-04 82769259	  21       4.00       4.20  3.470967492449221E-01  3.667959478264662E-04 82769259
  22       4.20       4.40  2.511910760097033E-01  3.161626615237605E-04 62343162	  22       4.20       4.40  2.511910760097033E-01  3.161626615237605E-04 62343162	  22       4.20       4.40  2.343750706942990E-01  2.912992418146156E-04 62343162	  22       4.20       4.40  2.343750706942990E-01  2.912992418146156E-04 62343162	  22       4.20       4.40  2.703434772425883E-01  3.456857722712310E-04 62343162	  22       4.20       4.40  2.703434772425883E-01  3.456857722712310E-04 62343162	  22       4.20       4.40  2.511910760097033E-01  3.161626615237605E-04 62343162
  23       4.40       4.60  1.808927472369801E-01  2.731073176186321E-04 46795008	  23       4.40       4.60  1.808927472369801E-01  2.731073176186321E-04 46795008	  23       4.40       4.60  1.680535179644883E-01  2.511105867846947E-04 46795008	  23       4.40       4.60  1.680535179644883E-01  2.511105867846947E-04 46795008	  23       4.40       4.60  1.956400804637422E-01  2.992400786062104E-04 46795008	  23       4.40       4.60  1.956400804637422E-01  2.992400786062104E-04 46795008	  23       4.40       4.60  1.808927472369801E-01  2.731073176186321E-04 46795008
  24       4.60       4.80  1.294574641261602E-01  2.549466727520331E-04 34896877	  24       4.60       4.80  1.294574641261602E-01  2.549466727520331E-04 34896877	  24       4.60       4.80  1.197278939586582E-01  2.316309153452121E-04 34896877	  24       4.60       4.80  1.197278939586582E-01  2.316309153452121E-04 34896877	  24       4.60       4.80  1.407275194222656E-01  2.832444939283133E-04 34896877	  24       4.60       4.80  1.407275194222656E-01  2.832444939283133E-04 34896877	  24       4.60       4.80  1.294574641261602E-01  2.549466727520331E-04 34896877
  25       4.80       5.00  9.081316669233502E-02  1.961510002231659E-04 25804807	  25       4.80       5.00  9.081316669233502E-02  1.961510002231659E-04 25804807	  25       4.80       5.00  8.362875818280874E-02  1.790985809609429E-04 25804807	  25       4.80       5.00  8.362875818280874E-02  1.790985809609429E-04 25804807	  25       4.80       5.00  9.919790778717547E-02  2.165932544111494E-04 25804807	  25       4.80       5.00  9.919790778717547E-02  2.165932544111494E-04 25804807	  25       4.80       5.00  9.081316669233502E-02  1.961510002231659E-04 25804807
  26       5.00       5.20  6.271992242911800E-02  1.604172512959214E-04 18871496	  26       5.00       5.20  6.271992242911800E-02  1.604172512959214E-04 18871496	  26       5.00       5.20  5.749160872205463E-02  1.459240478151898E-04 18871496	  26       5.00       5.20  5.749160872205463E-02  1.459240478151898E-04 18871496	  26       5.00       5.20  6.886993107556316E-02  1.778854339884693E-04 18871496	  26       5.00       5.20  6.886993107556316E-02  1.778854339884693E-04 18871496	  26       5.00       5.20  6.271992242911800E-02  1.604172512959214E-04 18871496
  27       5.20       5.40  4.297470242876717E-02  1.309547628917967E-04 13629705	  27       5.20       5.40  4.297470242876717E-02  1.309547628917967E-04 13629705	  27       5.20       5.40  3.921987306635912E-02  1.189375106293577E-04 13629705	  27       5.20       5.40  3.921987306635912E-02  1.189375106293577E-04 13629705	  27       5.20       5.40  4.742317440479537E-02  1.454581246102760E-04 13629705	  27       5.20       5.40  4.742317440479537E-02  1.454581246102760E-04 13629705	  27       5.20       5.40  4.297470242876717E-02  1.309547628917967E-04 13629705
  28       5.40       5.60  2.860489368611053E-02  1.046085832023288E-04 9703937	  28       5.40       5.60  2.860489368611053E-02  1.046085832023288E-04 9703937	  28       5.40       5.60  2.598994364606895E-02  9.473666742018784E-05 9703937	  28       5.40       5.60  2.598994364606895E-02  9.473666742018784E-05 9703937	  28       5.40       5.60  3.172477302212270E-02  1.165753189806708E-04 9703937	  28       5.40       5.60  3.172477302212270E-02  1.165753189806708E-04 9703937	  28       5.40       5.60  2.860489368611053E-02  1.046085832023288E-04 9703937
  29       5.60       5.80  1.863782816704870E-02  8.513133287765168E-05 6788910	  29       5.60       5.80  1.863782816704870E-02  8.513133287765168E-05 6788910	  29       5.60       5.80  1.685501647045308E-02  7.662876402698625E-05 6788910	  29       5.60       5.80  1.685501647045308E-02  7.662876402698625E-05 6788910	  29       5.60       5.80  2.078028650882460E-02  9.552219312438669E-05 6788910	  29       5.60       5.80  2.078028650882460E-02  9.552219312438669E-05 6788910	  29       5.60       5.80  1.863782816704870E-02  8.513133287765168E-05 6788910
  30       5.80       6.00  1.178997202959717E-02  6.188347991296972E-05 4654922	  30       5.80       6.00  1.178997202959717E-02  6.188347991296972E-05 4654922	  30       5.80       6.00  1.061314557559509E-02  5.560155473900804E-05 4654922	  30       5.80       6.00  1.061314557559509E-02  5.560155473900804E-05 4654922	  30       5.80       6.00  1.321391397607693E-02  6.958626996905886E-05 4654922	  30       5.80       6.00  1.321391397607693E-02  6.958626996905886E-05 4654922	  30       5.80       6.00  1.178997202959717E-02  6.188347991296972E-05 4654922
  31       6.00       6.20  7.272264196476267E-03  4.919373878092466E-05 3118915	  31       6.00       6.20  7.272264196476267E-03  4.919373878092466E-05 3118915	  31       6.00       6.20  6.514392567854116E-03  4.401522696323719E-05 3118915	  31       6.00       6.20  6.514392567854116E-03  4.401522696323719E-05 3118915	  31       6.00       6.20  8.195765937542338E-03  5.556276473038588E-05 3118915	  31       6.00       6.20  8.195765937542338E-03  5.556276473038588E-05 3118915	  31       6.00       6.20  7.272264196476267E-03  4.919373878092466E-05 3118915
  32       6.20       6.40  4.366953468990938E-03  3.642771982845117E-05 2037406	  32       6.20       6.40  4.366953468990938E-03  3.642771982845117E-05 2037406	  32       6.20       6.40  3.894202812153901E-03  3.252830326183033E-05 2037406	  32       6.20       6.40  3.894202812153901E-03  3.252830326183033E-05 2037406	  32       6.20       6.40  4.946726623020721E-03  4.123946621794198E-05 2037406	  32       6.20       6.40  4.946726623020721E-03  4.123946621794198E-05 2037406	  32       6.20       6.40  4.366953468990938E-03  3.642771982845117E-05 2037406
  33       6.40       6.60  2.494399489444474E-03  2.668238964249128E-05 1283453	  33       6.40       6.60  2.494399489444474E-03  2.668238964249128E-05 1283453	  33       6.40       6.60  2.214256865850112E-03  2.370544888775313E-05 1283453	  33       6.40       6.60  2.214256865850112E-03  2.370544888775313E-05 1283453	  33       6.40       6.60  2.840074446044681E-03  3.037659269996158E-05 1283453	  33       6.40       6.60  2.840074446044681E-03  3.037659269996158E-05 1283453	  33       6.40       6.60  2.494399489444474E-03  2.668238964249128E-05 1283453
  34       6.60       6.80  1.375744811170688E-03  1.974658936410084E-05 779758	  34       6.60       6.80  1.375744811170688E-03  1.974658936410084E-05 779758	  34       6.60       6.80  1.214128679843003E-03  1.743272369606406E-05 779758	  34       6.60       6.80  1.214128679843003E-03  1.743272369606406E-05 779758	  34       6.60       6.80  1.576824418864074E-03  2.264014834880029E-05 779758	  34       6.60       6.80  1.576824418864074E-03  2.264014834880029E-05 779758	  34       6.60       6.80  1.375744811170688E-03  1.974658936410084E-05 779758
  35       6.80       7.00  6.931177478873902E-04  1.157426745989140E-05 449016	  35       6.80       7.00  6.931177478873902E-04  1.157426745989140E-05 449016	  35       6.80       7.00  6.088786749982925E-04  1.020609160778522E-05 449016	  35       6.80       7.00  6.088786749982925E-04  1.020609160778522E-05 449016	  35       6.80       7.00  7.985927643656057E-04  1.329178078931673E-05 449016	  35       6.80       7.00  7.985927643656057E-04  1.329178078931673E-05 449016	  35       6.80       7.00  6.931177478873902E-04  1.157426745989140E-05 449016
  36       7.00       7.20  3.459726334182421E-04  8.653204529199007E-06 243669	  36       7.00       7.20  3.459726334182421E-04  8.653204529199007E-06 243669	  36       7.00       7.20  3.023209086108075E-04  7.600350603240070E-06 243669	  36       7.00       7.20  3.023209086108075E-04  7.600350603240070E-06 243669	  36       7.00       7.20  4.010176368673013E-04  9.981860608565015E-06 243669	  36       7.00       7.20  4.010176368673013E-04  9.981860608565015E-06 243669	  36       7.00       7.20  3.459726334182421E-04  8.653204529199007E-06 243669
  37       7.20       7.40  1.412981708054211E-04  4.769064364204594E-06 121844	  37       7.20       7.40  1.412981708054211E-04  4.769064364204594E-06 121844	  37       7.20       7.40  1.228740110484154E-04  4.170231987100253E-06 121844	  37       7.20       7.40  1.228740110484154E-04  4.170231987100253E-06 121844	  37       7.20       7.40  1.646671033619026E-04  5.527958785769670E-06 121844	  37       7.20       7.40  1.646671033619026E-04  5.527958785769670E-06 121844	  37       7.20       7.40  1.412981708054211E-04  4.769064364204594E-06 121844
  38       7.40       7.60  5.796369062120000E-05  3.063505310449003E-06 54625	  38       7.40       7.60  5.796369062120000E-05  3.063505310449003E-06 54625	  38       7.40       7.60  5.012716901013517E-05  2.670567315848529E-06 54625	  38       7.40       7.60  5.012716901013517E-05  2.670567315848529E-06 54625	  38       7.40       7.60  6.797689369914503E-05  3.563833099738658E-06 54625	  38       7.40       7.60  6.797689369914503E-05  3.563833099738658E-06 54625	  38       7.40       7.60  5.796369062120000E-05  3.063505310449003E-06 54625
  39       7.60       7.80  2.086290340351789E-05  1.559732523026771E-06 20932	  39       7.60       7.80  2.086290340351789E-05  1.559732523026771E-06 20932	  39       7.60       7.80  1.795006883759608E-05  1.346432315827035E-06 20932	  39       7.60       7.80  1.795006883759608E-05  1.346432315827035E-06 20932	  39       7.60       7.80  2.460405158371436E-05  1.832999081722377E-06 20932	  39       7.60       7.80  2.460405158371436E-05  1.832999081722377E-06 20932	  39       7.60       7.80  2.086290340351789E-05  1.559732523026771E-06 20932
  40       7.80       8.00  4.804104722089047E-06  6.343578239917780E-07 6454	  40       7.80       8.00  4.804104722089047E-06  6.343578239917780E-07 6454	  40       7.80       8.00  4.096587459068518E-06  5.433050209180029E-07 6454	  40       7.80       8.00  4.096587459068518E-06  5.433050209180029E-07 6454	  40       7.80       8.00  5.723637561914520E-06  7.522548903874736E-07 6454	  40       7.80       8.00  5.723637561914520E-06  7.522548903874736E-07 6454	  40       7.80       8.00  4.804104722089047E-06  6.343578239917780E-07 6454
  41       8.00       8.20  8.518755045707783E-07  1.592664263437869E-07 1406	  41       8.00       8.20  8.518755045707783E-07  1.592664263437869E-07 1406	  41       8.00       8.20  7.276621836945095E-07  1.364049025258298E-07 1406	  41       8.00       8.20  7.276621836945095E-07  1.364049025258298E-07 1406	  41       8.00       8.20  1.012850746213204E-06  1.889791834290591E-07 1406	  41       8.00       8.20  1.012850746213204E-06  1.889791834290591E-07 1406	  41       8.00       8.20  8.518755045707783E-07  1.592664263437869E-07 1406
  42       8.20       8.40  1.400604320036658E-07  1.180456063108918E-07 176	  42       8.20       8.40  1.400604320036658E-07  1.180456063108918E-07 176	  42       8.20       8.40  1.146584220786629E-07  9.617690238998394E-08 176	  42       8.20       8.40  1.146584220786629E-07  9.617690238998394E-08 176	  42       8.20       8.40  1.744341769042112E-07  1.477355738924057E-07 176	  42       8.20       8.40  1.744341769042112E-07  1.477355738924057E-07 176	  42       8.20       8.40  1.400604320036658E-07  1.180456063108918E-07 176
  43       8.40       8.60  2.990239593145905E-12  2.189654192478691E-12 5	  43       8.40       8.60  2.990239593145905E-12  2.189654192478691E-12 5	  43       8.40       8.60  2.430909134942758E-12  1.822716438391826E-12 5	  43       8.40       8.60  2.430909134942758E-12  1.822716438391826E-12 5	  43       8.40       8.60  3.817952881441697E-12  2.745227696895170E-12 5	  43       8.40       8.60  3.817952881441697E-12  2.745227696895170E-12 5	  43       8.40       8.60  2.990239593145905E-12  2.189654192478691E-12 5
  44       8.60       8.80  0.000000000000000E+00  0.000000000000000E+00 0	  44       8.60       8.80  0.000000000000000E+00  0.000000000000000E+00 0	  44       8.60       8.80  0.000000000000000E+00  0.000000000000000E+00 0	  44       8.60       8.80  0.000000000000000E+00  0.000000000000000E+00 0	  44       8.60       8.80  0.000000000000000E+00  0.000000000000000E+00 0	  44       8.60       8.80  0.000000000000000E+00  0.000000000000000E+00 0	  44       8.60       8.80  0.000000000000000E+00  0.000000000000000E+00 0
  45       8.80       9.00  0.000000000000000E+00  0.000000000000000E+00 0	  45       8.80       9.00  0.000000000000000E+00  0.000000000000000E+00 0	  45       8.80       9.00  0.000000000000000E+00  0.000000000000000E+00 0	  45       8.80       9.00  0.000000000000000E+00  0.000000000000000E+00 0	  45       8.80       9.00  0.000000000000000E+00  0.000000000000000E+00 0	  45       8.80       9.00  0.000000000000000E+00  0.000000000000000E+00 0	  45       8.80       9.00  0.000000000000000E+00  0.000000000000000E+00 0
  46       9.00       9.20  0.000000000000000E+00  0.000000000000000E+00 0	  46       9.00       9.20  0.000000000000000E+00  0.000000000000000E+00 0	  46       9.00       9.20  0.000000000000000E+00  0.000000000000000E+00 0	  46       9.00       9.20  0.000000000000000E+00  0.000000000000000E+00 0	  46       9.00       9.20  0.000000000000000E+00  0.000000000000000E+00 0	  46       9.00       9.20  0.000000000000000E+00  0.000000000000000E+00 0	  46       9.00       9.20  0.000000000000000E+00  0.000000000000000E+00 0
  47       9.20       9.40  0.000000000000000E+00  0.000000000000000E+00 0	  47       9.20       9.40  0.000000000000000E+00  0.000000000000000E+00 0	  47       9.20       9.40  0.000000000000000E+00  0.000000000000000E+00 0	  47       9.20       9.40  0.000000000000000E+00  0.000000000000000E+00 0	  47       9.20       9.40  0.000000000000000E+00  0.000000000000000E+00 0	  47       9.20       9.40  0.000000000000000E+00  0.000000000000000E+00 0	  47       9.20       9.40  0.000000000000000E+00  0.000000000000000E+00 0
  48       9.40       9.60  0.000000000000000E+00  0.000000000000000E+00 0	  48       9.40       9.60  0.000000000000000E+00  0.000000000000000E+00 0	  48       9.40       9.60  0.000000000000000E+00  0.000000000000000E+00 0	  48       9.40       9.60  0.000000000000000E+00  0.000000000000000E+00 0	  48       9.40       9.60  0.000000000000000E+00  0.000000000000000E+00 0	  48       9.40       9.60  0.000000000000000E+00  0.000000000000000E+00 0	  48       9.40       9.60  0.000000000000000E+00  0.000000000000000E+00 0
  49       9.60       9.80  0.000000000000000E+00  0.000000000000000E+00 0	  49       9.60       9.80  0.000000000000000E+00  0.000000000000000E+00 0	  49       9.60       9.80  0.000000000000000E+00  0.000000000000000E+00 0	  49       9.60       9.80  0.000000000000000E+00  0.000000000000000E+00 0	  49       9.60       9.80  0.000000000000000E+00  0.000000000000000E+00 0	  49       9.60       9.80  0.000000000000000E+00  0.000000000000000E+00 0	  49       9.60       9.80  0.000000000000000E+00  0.000000000000000E+00 0
  50       9.80      10.00  0.000000000000000E+00  0.000000000000000E+00 0	  50       9.80      10.00  0.000000000000000E+00  0.000000000000000E+00 0	  50       9.80      10.00  0.000000000000000E+00  0.000000000000000E+00 0	  50       9.80      10.00  0.000000000000000E+00  0.000000000000000E+00 0	  50       9.80      10.00  0.000000000000000E+00  0.000000000000000E+00 0	  50       9.80      10.00  0.000000000000000E+00  0.000000000000000E+00 0	  50       9.80      10.00  0.000000000000000E+00  0.000000000000000E+00 0
  51      10.00      10.20  0.000000000000000E+00  0.000000000000000E+00 0	  51      10.00      10.20  0.000000000000000E+00  0.000000000000000E+00 0	  51      10.00      10.20  0.000000000000000E+00  0.000000000000000E+00 0	  51      10.00      10.20  0.000000000000000E+00  0.000000000000000E+00 0	  51      10.00      10.20  0.000000000000000E+00  0.000000000000000E+00 0	  51      10.00      10.20  0.000000000000000E+00  0.000000000000000E+00 0	  51      10.00      10.20  0.000000000000000E+00  0.000000000000000E+00 0
  52      10.20      10.40  0.000000000000000E+00  0.000000000000000E+00 0	  52      10.20      10.40  0.000000000000000E+00  0.000000000000000E+00 0	  52      10.20      10.40  0.000000000000000E+00  0.000000000000000E+00 0	  52      10.20      10.40  0.000000000000000E+00  0.000000000000000E+00 0	  52      10.20      10.40  0.000000000000000E+00  0.000000000000000E+00 0	  52      10.20      10.40  0.000000000000000E+00  0.000000000000000E+00 0	  52      10.20      10.40  0.000000000000000E+00  0.000000000000000E+00 0
  53      10.40      10.60  0.000000000000000E+00  0.000000000000000E+00 0	  53      10.40      10.60  0.000000000000000E+00  0.000000000000000E+00 0	  53      10.40      10.60  0.000000000000000E+00  0.000000000000000E+00 0	  53      10.40      10.60  0.000000000000000E+00  0.000000000000000E+00 0	  53      10.40      10.60  0.000000000000000E+00  0.000000000000000E+00 0	  53      10.40      10.60  0.000000000000000E+00  0.000000000000000E+00 0	  53      10.40      10.60  0.000000000000000E+00  0.000000000000000E+00 0
  54      10.60      10.80  0.000000000000000E+00  0.000000000000000E+00 0	  54      10.60      10.80  0.000000000000000E+00  0.000000000000000E+00 0	  54      10.60      10.80  0.000000000000000E+00  0.000000000000000E+00 0	  54      10.60      10.80  0.000000000000000E+00  0.000000000000000E+00 0	  54      10.60      10.80  0.000000000000000E+00  0.000000000000000E+00 0	  54      10.60      10.80  0.000000000000000E+00  0.000000000000000E+00 0	  54      10.60      10.80  0.000000000000000E+00  0.000000000000000E+00 0
  55      10.80      11.00  0.000000000000000E+00  0.000000000000000E+00 0	  55      10.80      11.00  0.000000000000000E+00  0.000000000000000E+00 0	  55      10.80      11.00  0.000000000000000E+00  0.000000000000000E+00 0	  55      10.80      11.00  0.000000000000000E+00  0.000000000000000E+00 0	  55      10.80      11.00  0.000000000000000E+00  0.000000000000000E+00 0	  55      10.80      11.00  0.000000000000000E+00  0.000000000000000E+00 0	  55      10.80      11.00  0.000000000000000E+00  0.000000000000000E+00 0
  56      11.00      11.20  0.000000000000000E+00  0.000000000000000E+00 0	  56      11.00      11.20  0.000000000000000E+00  0.000000000000000E+00 0	  56      11.00      11.20  0.000000000000000E+00  0.000000000000000E+00 0	  56      11.00      11.20  0.000000000000000E+00  0.000000000000000E+00 0	  56      11.00      11.20  0.000000000000000E+00  0.000000000000000E+00 0	  56      11.00      11.20  0.000000000000000E+00  0.000000000000000E+00 0	  56      11.00      11.20  0.000000000000000E+00  0.000000000000000E+00 0
  57      11.20      11.40  0.000000000000000E+00  0.000000000000000E+00 0	  57      11.20      11.40  0.000000000000000E+00  0.000000000000000E+00 0	  57      11.20      11.40  0.000000000000000E+00  0.000000000000000E+00 0	  57      11.20      11.40  0.000000000000000E+00  0.000000000000000E+00 0	  57      11.20      11.40  0.000000000000000E+00  0.000000000000000E+00 0	  57      11.20      11.40  0.000000000000000E+00  0.000000000000000E+00 0	  57      11.20      11.40  0.000000000000000E+00  0.000000000000000E+00 0
  58      11.40      11.60  0.000000000000000E+00  0.000000000000000E+00 0	  58      11.40      11.60  0.000000000000000E+00  0.000000000000000E+00 0	  58      11.40      11.60  0.000000000000000E+00  0.000000000000000E+00 0	  58      11.40      11.60  0.000000000000000E+00  0.000000000000000E+00 0	  58      11.40      11.60  0.000000000000000E+00  0.000000000000000E+00 0	  58      11.40      11.60  0.000000000000000E+00  0.000000000000000E+00 0	  58      11.40      11.60  0.000000000000000E+00  0.000000000000000E+00 0
  59      11.60      11.80  0.000000000000000E+00  0.000000000000000E+00 0	  59      11.60      11.80  0.000000000000000E+00  0.000000000000000E+00 0	  59      11.60      11.80  0.000000000000000E+00  0.000000000000000E+00 0	  59      11.60      11.80  0.000000000000000E+00  0.000000000000000E+00 0	  59      11.60      11.80  0.000000000000000E+00  0.000000000000000E+00 0	  59      11.60      11.80  0.000000000000000E+00  0.000000000000000E+00 0	  59      11.60      11.80  0.000000000000000E+00  0.000000000000000E+00 0
  60      11.80      12.00  0.000000000000000E+00  0.000000000000000E+00 0	  60      11.80      12.00  0.000000000000000E+00  0.000000000000000E+00 0	  60      11.80      12.00  0.000000000000000E+00  0.000000000000000E+00 0	  60      11.80      12.00  0.000000000000000E+00  0.000000000000000E+00 0	  60      11.80      12.00  0.000000000000000E+00  0.000000000000000E+00 0	  60      11.80      12.00  0.000000000000000E+00  0.000000000000000E+00 0	  60      11.80      12.00  0.000000000000000E+00  0.000000000000000E+00 0
  61      12.00      12.20  0.000000000000000E+00  0.000000000000000E+00 0	  61      12.00      12.20  0.000000000000000E+00  0.000000000000000E+00 0	  61      12.00      12.20  0.000000000000000E+00  0.000000000000000E+00 0	  61      12.00      12.20  0.000000000000000E+00  0.000000000000000E+00 0	  61      12.00      12.20  0.000000000000000E+00  0.000000000000000E+00 0	  61      12.00      12.20  0.000000000000000E+00  0.000000000000000E+00 0	  61      12.00      12.20  0.000000000000000E+00  0.000000000000000E+00 0
  62      12.20      12.40  0.000000000000000E+00  0.000000000000000E+00 0	  62      12.20      12.40  0.000000000000000E+00  0.000000000000000E+00 0	  62      12.20      12.40  0.000000000000000E+00  0.000000000000000E+00 0	  62      12.20      12.40  0.000000000000000E+00  0.000000000000000E+00 0	  62      12.20      12.40  0.000000000000000E+00  0.000000000000000E+00 0	  62      12.20      12.40  0.000000000000000E+00  0.000000000000000E+00 0	  62      12.20      12.40  0.000000000000000E+00  0.000000000000000E+00 0
  63      12.40      12.60  0.000000000000000E+00  0.000000000000000E+00 0	  63      12.40      12.60  0.000000000000000E+00  0.000000000000000E+00 0	  63      12.40      12.60  0.000000000000000E+00  0.000000000000000E+00 0	  63      12.40      12.60  0.000000000000000E+00  0.000000000000000E+00 0	  63      12.40      12.60  0.000000000000000E+00  0.000000000000000E+00 0	  63      12.40      12.60  0.000000000000000E+00  0.000000000000000E+00 0	  63      12.40      12.60  0.000000000000000E+00  0.000000000000000E+00 0
  64      12.60      12.80  0.000000000000000E+00  0.000000000000000E+00 0	  64      12.60      12.80  0.000000000000000E+00  0.000000000000000E+00 0	  64      12.60      12.80  0.000000000000000E+00  0.000000000000000E+00 0	  64      12.60      12.80  0.000000000000000E+00  0.000000000000000E+00 0	  64      12.60      12.80  0.000000000000000E+00  0.000000000000000E+00 0	  64      12.60      12.80  0.000000000000000E+00  0.000000000000000E+00 0	  64      12.60      12.80  0.000000000000000E+00  0.000000000000000E+00 0
  65      12.80      13.00  0.000000000000000E+00  0.000000000000000E+00 0	  65      12.80      13.00  0.000000000000000E+00  0.000000000000000E+00 0	  65      12.80      13.00  0.000000000000000E+00  0.000000000000000E+00 0	  65      12.80      13.00  0.000000000000000E+00  0.000000000000000E+00 0	  65      12.80      13.00  0.000000000000000E+00  0.000000000000000E+00 0	  65      12.80      13.00  0.000000000000000E+00  0.000000000000000E+00 0	  65      12.80      13.00  0.000000000000000E+00  0.000000000000000E+00 0
  66      13.00      13.20  0.000000000000000E+00  0.000000000000000E+00 0	  66      13.00      13.20  0.000000000000000E+00  0.000000000000000E+00 0	  66      13.00      13.20  0.000000000000000E+00  0.000000000000000E+00 0	  66      13.00      13.20  0.000000000000000E+00  0.000000000000000E+00 0	  66      13.00      13.20  0.000000000000000E+00  0.000000000000000E+00 0	  66      13.00      13.20  0.000000000000000E+00  0.000000000000000E+00 0	  66      13.00      13.20  0.000000000000000E+00  0.000000000000000E+00 0
  67      13.20      13.40  0.000000000000000E+00  0.000000000000000E+00 0	  67      13.20      13.40  0.000000000000000E+00  0.000000000000000E+00 0	  67      13.20      13.40  0.000000000000000E+00  0.000000000000000E+00 0	  67      13.20      13.40  0.000000000000000E+00  0.000000000000000E+00 0	  67      13.20      13.40  0.000000000000000E+00  0.000000000000000E+00 0	  67      13.20      13.40  0.000000000000000E+00  0.000000000000000E+00 0	  67      13.20      13.40  0.000000000000000E+00  0.000000000000000E+00 0
  68      13.40      13.60  0.000000000000000E+00  0.000000000000000E+00 0	  68      13.40      13.60  0.000000000000000E+00  0.000000000000000E+00 0	  68      13.40      13.60  0.000000000000000E+00  0.000000000000000E+00 0	  68      13.40      13.60  0.000000000000000E+00  0.000000000000000E+00 0	  68      13.40      13.60  0.000000000000000E+00  0.000000000000000E+00 0	  68      13.40      13.60  0.000000000000000E+00  0.000000000000000E+00 0	  68      13.40      13.60  0.000000000000000E+00  0.000000000000000E+00 0
  69      13.60      13.80  0.000000000000000E+00  0.000000000000000E+00 0	  69      13.60      13.80  0.000000000000000E+00  0.000000000000000E+00 0	  69      13.60      13.80  0.000000000000000E+00  0.000000000000000E+00 0	  69      13.60      13.80  0.000000000000000E+00  0.000000000000000E+00 0	  69      13.60      13.80  0.000000000000000E+00  0.000000000000000E+00 0	  69      13.60      13.80  0.000000000000000E+00  0.000000000000000E+00 0	  69      13.60      13.80  0.000000000000000E+00  0.000000000000000E+00 0
  70      13.80      14.00  0.000000000000000E+00  0.000000000000000E+00 0	  70      13.80      14.00  0.000000000000000E+00  0.000000000000000E+00 0	  70      13.80      14.00  0.000000000000000E+00  0.000000000000000E+00 0	  70      13.80      14.00  0.000000000000000E+00  0.000000000000000E+00 0	  70      13.80      14.00  0.000000000000000E+00  0.000000000000000E+00 0	  70      13.80      14.00  0.000000000000000E+00  0.000000000000000E+00 0	  70      13.80      14.00  0.000000000000000E+00  0.000000000000000E+00 0
  71      14.00      14.20  0.000000000000000E+00  0.000000000000000E+00 0	  71      14.00      14.20  0.000000000000000E+00  0.000000000000000E+00 0	  71      14.00      14.20  0.000000000000000E+00  0.000000000000000E+00 0	  71      14.00      14.20  0.000000000000000E+00  0.000000000000000E+00 0	  71      14.00      14.20  0.000000000000000E+00  0.000000000000000E+00 0	  71      14.00      14.20  0.000000000000000E+00  0.000000000000000E+00 0	  71      14.00      14.20  0.000000000000000E+00  0.000000000000000E+00 0
  72      14.20      14.40  0.000000000000000E+00  0.000000000000000E+00 0	  72      14.20      14.40  0.000000000000000E+00  0.000000000000000E+00 0	  72      14.20      14.40  0.000000000000000E+00  0.000000000000000E+00 0	  72      14.20      14.40  0.000000000000000E+00  0.000000000000000E+00 0	  72      14.20      14.40  0.000000000000000E+00  0.000000000000000E+00 0	  72      14.20      14.40  0.000000000000000E+00  0.000000000000000E+00 0	  72      14.20      14.40  0.000000000000000E+00  0.000000000000000E+00 0
  73      14.40      14.60  0.000000000000000E+00  0.000000000000000E+00 0	  73      14.40      14.60  0.000000000000000E+00  0.000000000000000E+00 0	  73      14.40      14.60  0.000000000000000E+00  0.000000000000000E+00 0	  73      14.40      14.60  0.000000000000000E+00  0.000000000000000E+00 0	  73      14.40      14.60  0.000000000000000E+00  0.000000000000000E+00 0	  73      14.40      14.60  0.000000000000000E+00  0.000000000000000E+00 0	  73      14.40      14.60  0.000000000000000E+00  0.000000000000000E+00 0
  74      14.60      14.80  0.000000000000000E+00  0.000000000000000E+00 0	  74      14.60      14.80  0.000000000000000E+00  0.000000000000000E+00 0	  74      14.60      14.80  0.000000000000000E+00  0.000000000000000E+00 0	  74      14.60      14.80  0.000000000000000E+00  0.000000000000000E+00 0	  74      14.60      14.80  0.000000000000000E+00  0.000000000000000E+00 0	  74      14.60      14.80  0.000000000000000E+00  0.000000000000000E+00 0	  74      14.60      14.80  0.000000000000000E+00  0.000000000000000E+00 0
  75      14.80      15.00  0.000000000000000E+00  0.000000000000000E+00 0	  75      14.80      15.00  0.000000000000000E+00  0.000000000000000E+00 0	  75      14.80      15.00  0.000000000000000E+00  0.000000000000000E+00 0	  75      14.80      15.00  0.000000000000000E+00  0.000000000000000E+00 0	  75      14.80      15.00  0.000000000000000E+00  0.000000000000000E+00 0	  75      14.80      15.00  0.000000000000000E+00  0.000000000000000E+00 0	  75      14.80      15.00  0.000000000000000E+00  0.000000000000000E+00 0
  76      15.00      15.20  0.000000000000000E+00  0.000000000000000E+00 0	  76      15.00      15.20  0.000000000000000E+00  0.000000000000000E+00 0	  76      15.00      15.20  0.000000000000000E+00  0.000000000000000E+00 0	  76      15.00      15.20  0.000000000000000E+00  0.000000000000000E+00 0	  76      15.00      15.20  0.000000000000000E+00  0.000000000000000E+00 0	  76      15.00      15.20  0.000000000000000E+00  0.000000000000000E+00 0	  76      15.00      15.20  0.000000000000000E+00  0.000000000000000E+00 0
  77      15.20      15.40  0.000000000000000E+00  0.000000000000000E+00 0	  77      15.20      15.40  0.000000000000000E+00  0.000000000000000E+00 0	  77      15.20      15.40  0.000000000000000E+00  0.000000000000000E+00 0	  77      15.20      15.40  0.000000000000000E+00  0.000000000000000E+00 0	  77      15.20      15.40  0.000000000000000E+00  0.000000000000000E+00 0	  77      15.20      15.40  0.000000000000000E+00  0.000000000000000E+00 0	  77      15.20      15.40  0.000000000000000E+00  0.000000000000000E+00 0
  78      15.40      15.60  0.000000000000000E+00  0.000000000000000E+00 0	  78      15.40      15.60  0.000000000000000E+00  0.000000000000000E+00 0	  78      15.40      15.60  0.000000000000000E+00  0.000000000000000E+00 0	  78      15.40      15.60  0.000000000000000E+00  0.000000000000000E+00 0	  78      15.40      15.60  0.000000000000000E+00  0.000000000000000E+00 0	  78      15.40      15.60  0.000000000000000E+00  0.000000000000000E+00 0	  78      15.40      15.60  0.000000000000000E+00  0.000000000000000E+00 0
  79      15.60      15.80  0.000000000000000E+00  0.000000000000000E+00 0	  79      15.60      15.80  0.000000000000000E+00  0.000000000000000E+00 0	  79      15.60      15.80  0.000000000000000E+00  0.000000000000000E+00 0	  79      15.60      15.80  0.000000000000000E+00  0.000000000000000E+00 0	  79      15.60      15.80  0.000000000000000E+00  0.000000000000000E+00 0	  79      15.60      15.80  0.000000000000000E+00  0.000000000000000E+00 0	  79      15.60      15.80  0.000000000000000E+00  0.000000000000000E+00 0
  80      15.80      16.00  0.000000000000000E+00  0.000000000000000E+00 0	  80      15.80      16.00  0.000000000000000E+00  0.000000000000000E+00 0	  80      15.80      16.00  0.000000000000000E+00  0.000000000000000E+00 0	  80      15.80      16.00  0.000000000000000E+00  0.000000000000000E+00 0	  80      15.80      16.00  0.000000000000000E+00  0.000000000000000E+00 0	  80      15.80      16.00  0.000000000000000E+00  0.000000000000000E+00 0	  80      15.80      16.00  0.000000000000000E+00  0.000000000000000E+00 0
  81      16.00      16.20  0.000000000000000E+00  0.000000000000000E+00 0	  81      16.00      16.20  0.000000000000000E+00  0.000000000000000E+00 0	  81      16.00      16.20  0.000000000000000E+00  0.000000000000000E+00 0	  81      16.00      16.20  0.000000000000000E+00  0.000000000000000E+00 0	  81      16.00      16.20  0.000000000000000E+00  0.000000000000000E+00 0	  81      16.00      16.20  0.000000000000000E+00  0.000000000000000E+00 0	  81      16.00      16.20  0.000000000000000E+00  0.000000000000000E+00 0
  82      16.20      16.40  0.000000000000000E+00  0.000000000000000E+00 0	  82      16.20      16.40  0.000000000000000E+00  0.000000000000000E+00 0	  82      16.20      16.40  0.000000000000000E+00  0.000000000000000E+00 0	  82      16.20      16.40  0.000000000000000E+00  0.000000000000000E+00 0	  82      16.20      16.40  0.000000000000000E+00  0.000000000000000E+00 0	  82      16.20      16.40  0.000000000000000E+00  0.000000000000000E+00 0	  82      16.20      16.40  0.000000000000000E+00  0.000000000000000E+00 0
  83      16.40      16.60  0.000000000000000E+00  0.000000000000000E+00 0	  83      16.40      16.60  0.000000000000000E+00  0.000000000000000E+00 0	  83      16.40      16.60  0.000000000000000E+00  0.000000000000000E+00 0	  83      16.40      16.60  0.000000000000000E+00  0.000000000000000E+00 0	  83      16.40      16.60  0.000000000000000E+00  0.000000000000000E+00 0	  83      16.40      16.60  0.000000000000000E+00  0.000000000000000E+00 0	  83      16.40      16.60  0.000000000000000E+00  0.000000000000000E+00 0
  84      16.60      16.80  0.000000000000000E+00  0.000000000000000E+00 0	  84      16.60      16.80  0.000000000000000E+00  0.000000000000000E+00 0	  84      16.60      16.80  0.000000000000000E+00  0.000000000000000E+00 0	  84      16.60      16.80  0.000000000000000E+00  0.000000000000000E+00 0	  84      16.60      16.80  0.000000000000000E+00  0.000000000000000E+00 0	  84      16.60      16.80  0.000000000000000E+00  0.000000000000000E+00 0	  84      16.60      16.80  0.000000000000000E+00  0.000000000000000E+00 0
  85      16.80      17.00  0.000000000000000E+00  0.000000000000000E+00 0	  85      16.80      17.00  0.000000000000000E+00  0.000000000000000E+00 0	  85      16.80      17.00  0.000000000000000E+00  0.000000000000000E+00 0	  85      16.80      17.00  0.000000000000000E+00  0.000000000000000E+00 0	  85      16.80      17.00  0.000000000000000E+00  0.000000000000000E+00 0	  85      16.80      17.00  0.000000000000000E+00  0.000000000000000E+00 0	  85      16.80      17.00  0.000000000000000E+00  0.000000000000000E+00 0
  86      17.00      17.20  0.000000000000000E+00  0.000000000000000E+00 0	  86      17.00      17.20  0.000000000000000E+00  0.000000000000000E+00 0	  86      17.00      17.20  0.000000000000000E+00  0.000000000000000E+00 0	  86      17.00      17.20  0.000000000000000E+00  0.000000000000000E+00 0	  86      17.00      17.20  0.000000000000000E+00  0.000000000000000E+00 0	  86      17.00      17.20  0.000000000000000E+00  0.000000000000000E+00 0	  86      17.00      17.20  0.000000000000000E+00  0.000000000000000E+00 0
  87      17.20      17.40  0.000000000000000E+00  0.000000000000000E+00 0	  87      17.20      17.40  0.000000000000000E+00  0.000000000000000E+00 0	  87      17.20      17.40  0.000000000000000E+00  0.000000000000000E+00 0	  87      17.20      17.40  0.000000000000000E+00  0.000000000000000E+00 0	  87      17.20      17.40  0.000000000000000E+00  0.000000000000000E+00 0	  87      17.20      17.40  0.000000000000000E+00  0.000000000000000E+00 0	  87      17.20      17.40  0.000000000000000E+00  0.000000000000000E+00 0
  88      17.40      17.60  0.000000000000000E+00  0.000000000000000E+00 0	  88      17.40      17.60  0.000000000000000E+00  0.000000000000000E+00 0	  88      17.40      17.60  0.000000000000000E+00  0.000000000000000E+00 0	  88      17.40      17.60  0.000000000000000E+00  0.000000000000000E+00 0	  88      17.40      17.60  0.000000000000000E+00  0.000000000000000E+00 0	  88      17.40      17.60  0.000000000000000E+00  0.000000000000000E+00 0	  88      17.40      17.60  0.000000000000000E+00  0.000000000000000E+00 0
  89      17.60      17.80  0.000000000000000E+00  0.000000000000000E+00 0	  89      17.60      17.80  0.000000000000000E+00  0.000000000000000E+00 0	  89      17.60      17.80  0.000000000000000E+00  0.000000000000000E+00 0	  89      17.60      17.80  0.000000000000000E+00  0.000000000000000E+00 0	  89      17.60      17.80  0.000000000000000E+00  0.000000000000000E+00 0	  89      17.60      17.80  0.000000000000000E+00  0.000000000000000E+00 0	  89      17.60      17.80  0.000000000000000E+00  0.000000000000000E+00 0
  90      17.80      18.00  0.000000000000000E+00  0.000000000000000E+00 0	  90      17.80      18.00  0.000000000000000E+00  0.000000000000000E+00 0	  90      17.80      18.00  0.000000000000000E+00  0.000000000000000E+00 0	  90      17.80      18.00  0.000000000000000E+00  0.000000000000000E+00 0	  90      17.80      18.00  0.000000000000000E+00  0.000000000000000E+00 0	  90      17.80      18.00  0.000000000000000E+00  0.000000000000000E+00 0	  90      17.80      18.00  0.000000000000000E+00  0.000000000000000E+00 0
  91      18.00      18.20  0.000000000000000E+00  0.000000000000000E+00 0	  91      18.00      18.20  0.000000000000000E+00  0.000000000000000E+00 0	  91      18.00      18.20  0.000000000000000E+00  0.000000000000000E+00 0	  91      18.00      18.20  0.000000000000000E+00  0.000000000000000E+00 0	  91      18.00      18.20  0.000000000000000E+00  0.000000000000000E+00 0	  91      18.00      18.20  0.000000000000000E+00  0.000000000000000E+00 0	  91      18.00      18.20  0.000000000000000E+00  0.000000000000000E+00 0
  92      18.20      18.40  0.000000000000000E+00  0.000000000000000E+00 0	  92      18.20      18.40  0.000000000000000E+00  0.000000000000000E+00 0	  92      18.20      18.40  0.000000000000000E+00  0.000000000000000E+00 0	  92      18.20      18.40  0.000000000000000E+00  0.000000000000000E+00 0	  92      18.20      18.40  0.000000000000000E+00  0.000000000000000E+00 0	  92      18.20      18.40  0.000000000000000E+00  0.000000000000000E+00 0	  92      18.20      18.40  0.000000000000000E+00  0.000000000000000E+00 0
  93      18.40      18.60  0.000000000000000E+00  0.000000000000000E+00 0	  93      18.40      18.60  0.000000000000000E+00  0.000000000000000E+00 0	  93      18.40      18.60  0.000000000000000E+00  0.000000000000000E+00 0	  93      18.40      18.60  0.000000000000000E+00  0.000000000000000E+00 0	  93      18.40      18.60  0.000000000000000E+00  0.000000000000000E+00 0	  93      18.40      18.60  0.000000000000000E+00  0.000000000000000E+00 0	  93      18.40      18.60  0.000000000000000E+00  0.000000000000000E+00 0
  94      18.60      18.80  0.000000000000000E+00  0.000000000000000E+00 0	  94      18.60      18.80  0.000000000000000E+00  0.000000000000000E+00 0	  94      18.60      18.80  0.000000000000000E+00  0.000000000000000E+00 0	  94      18.60      18.80  0.000000000000000E+00  0.000000000000000E+00 0	  94      18.60      18.80  0.000000000000000E+00  0.000000000000000E+00 0	  94      18.60      18.80  0.000000000000000E+00  0.000000000000000E+00 0	  94      18.60      18.80  0.000000000000000E+00  0.000000000000000E+00 0
  95      18.80      19.00  0.000000000000000E+00  0.000000000000000E+00 0	  95      18.80      19.00  0.000000000000000E+00  0.000000000000000E+00 0	  95      18.80      19.00  0.000000000000000E+00  0.000000000000000E+00 0	  95      18.80      19.00  0.000000000000000E+00  0.000000000000000E+00 0	  95      18.80      19.00  0.000000000000000E+00  0.000000000000000E+00 0	  95      18.80      19.00  0.000000000000000E+00  0.000000000000000E+00 0	  95      18.80      19.00  0.000000000000000E+00  0.000000000000000E+00 0
  96      19.00      19.20  0.000000000000000E+00  0.000000000000000E+00 0	  96      19.00      19.20  0.000000000000000E+00  0.000000000000000E+00 0	  96      19.00      19.20  0.000000000000000E+00  0.000000000000000E+00 0	  96      19.00      19.20  0.000000000000000E+00  0.000000000000000E+00 0	  96      19.00      19.20  0.000000000000000E+00  0.000000000000000E+00 0	  96      19.00      19.20  0.000000000000000E+00  0.000000000000000E+00 0	  96      19.00      19.20  0.000000000000000E+00  0.000000000000000E+00 0
  97      19.20      19.40  0.000000000000000E+00  0.000000000000000E+00 0	  97      19.20      19.40  0.000000000000000E+00  0.000000000000000E+00 0	  97      19.20      19.40  0.000000000000000E+00  0.000000000000000E+00 0	  97      19.20      19.40  0.000000000000000E+00  0.000000000000000E+00 0	  97      19.20      19.40  0.000000000000000E+00  0.000000000000000E+00 0	  97      19.20      19.40  0.000000000000000E+00  0.000000000000000E+00 0	  97      19.20      19.40  0.000000000000000E+00  0.000000000000000E+00 0
  98      19.40      19.60  0.000000000000000E+00  0.000000000000000E+00 0	  98      19.40      19.60  0.000000000000000E+00  0.000000000000000E+00 0	  98      19.40      19.60  0.000000000000000E+00  0.000000000000000E+00 0	  98      19.40      19.60  0.000000000000000E+00  0.000000000000000E+00 0	  98      19.40      19.60  0.000000000000000E+00  0.000000000000000E+00 0	  98      19.40      19.60  0.000000000000000E+00  0.000000000000000E+00 0	  98      19.40      19.60  0.000000000000000E+00  0.000000000000000E+00 0
  99      19.60      19.80  0.000000000000000E+00  0.000000000000000E+00 0	  99      19.60      19.80  0.000000000000000E+00  0.000000000000000E+00 0	  99      19.60      19.80  0.000000000000000E+00  0.000000000000000E+00 0	  99      19.60      19.80  0.000000000000000E+00  0.000000000000000E+00 0	  99      19.60      19.80  0.000000000000000E+00  0.000000000000000E+00 0	  99      19.60      19.80  0.000000000000000E+00  0.000000000000000E+00 0	  99      19.60      19.80  0.000000000000000E+00  0.000000000000000E+00 0
 100      19.80      20.00  0.000000000000000E+00  0.000000000000000E+00 0	 100      19.80      20.00  0.000000000000000E+00  0.000000000000000E+00 0	 100      19.80      20.00  0.000000000000000E+00  0.000000000000000E+00 0	 100      19.80      20.00  0.000000000000000E+00  0.000000000000000E+00 0	 100      19.80      20.00  0.000000000000000E+00  0.000000000000000E+00 0	 100      19.80      20.00  0.000000000000000E+00  0.000000000000000E+00 0	 100      19.80      20.00  0.000000000000000E+00  0.000000000000000E+00 0
 101      20.00      20.20  0.000000000000000E+00  0.000000000000000E+00 0	 101      20.00      20.20  0.000000000000000E+00  0.000000000000000E+00 0	 101      20.00      20.20  0.000000000000000E+00  0.000000000000000E+00 0	 101      20.00      20.20  0.000000000000000E+00  0.000000000000000E+00 0	 101      20.00      20.20  0.000000000000000E+00  0.000000000000000E+00 0	 101      20.00      20.20  0.000000000000000E+00  0.000000000000000E+00 0	 101      20.00      20.20  0.000000000000000E+00  0.000000000000000E+00 0
 102      20.20      20.40  0.000000000000000E+00  0.000000000000000E+00 0	 102      20.20      20.40  0.000000000000000E+00  0.000000000000000E+00 0	 102      20.20      20.40  0.000000000000000E+00  0.000000000000000E+00 0	 102      20.20      20.40  0.000000000000000E+00  0.000000000000000E+00 0	 102      20.20      20.40  0.000000000000000E+00  0.000000000000000E+00 0	 102      20.20      20.40  0.000000000000000E+00  0.000000000000000E+00 0	 102      20.20      20.40  0.000000000000000E+00  0.000000000000000E+00 0
 103      20.40      20.60  0.000000000000000E+00  0.000000000000000E+00 0	 103      20.40      20.60  0.000000000000000E+00  0.000000000000000E+00 0	 103      20.40      20.60  0.000000000000000E+00  0.000000000000000E+00 0	 103      20.40      20.60  0.000000000000000E+00  0.000000000000000E+00 0	 103      20.40      20.60  0.000000000000000E+00  0.000000000000000E+00 0	 103      20.40      20.60  0.000000000000000E+00  0.000000000000000E+00 0	 103      20.40      20.60  0.000000000000000E+00  0.000000000000000E+00 0
 104      20.60      20.80  0.000000000000000E+00  0.000000000000000E+00 0	 104      20.60      20.80  0.000000000000000E+00  0.000000000000000E+00 0	 104      20.60      20.80  0.000000000000000E+00  0.000000000000000E+00 0	 104      20.60      20.80  0.000000000000000E+00  0.000000000000000E+00 0	 104      20.60      20.80  0.000000000000000E+00  0.000000000000000E+00 0	 104      20.60      20.80  0.000000000000000E+00  0.000000000000000E+00 0	 104      20.60      20.80  0.000000000000000E+00  0.000000000000000E+00 0
 105      20.80      21.00  0.000000000000000E+00  0.000000000000000E+00 0	 105      20.80      21.00  0.000000000000000E+00  0.000000000000000E+00 0	 105      20.80      21.00  0.000000000000000E+00  0.000000000000000E+00 0	 105      20.80      21.00  0.000000000000000E+00  0.000000000000000E+00 0	 105      20.80      21.00  0.000000000000000E+00  0.000000000000000E+00 0	 105      20.80      21.00  0.000000000000000E+00  0.000000000000000E+00 0	 105      20.80      21.00  0.000000000000000E+00  0.000000000000000E+00 0
# Underflow:                 0.0000000000000000E+00  0.0000000000000000E+00 0
# Overflow:                  0.0000000000000000E+00  0.0000000000000000E+00 0
#-------------------------------------------------------------------------------------	#-------------------------------------------------------------------------------------	#-------------------------------------------------------------------------------------	#-------------------------------------------------------------------------------------	#-------------------------------------------------------------------------------------	#-------------------------------------------------------------------------------------	#-------------------------------------------------------------------------------------
# Sum:                       5.2751646661186713E-01  8.4870632332718636E-05 508479000
#=====================================================================================	#=====================================================================================	#=====================================================================================	#=====================================================================================	#=====================================================================================	#=====================================================================================	#=====================================================================================
