# title = Neutrino e Transverse Momentum
# xlabel = $p_{\text{T},\nu_{\text{e}}}\,$[GeV]
# ylabel = $\frac{\text{d}\sigma}{\text{d}p_{\text{T},\nu_{\text{e}}}}\,\left[\frac{\text{fb}}{\text{GeV}}\right]$
# xmin=  0.000E+00
# xmax=  5.000E+02
# ymin=  1.000E-06
# ymax=  1.000E-01
# kmin= -5.000E+01
# kmax=  1.000E+01
# logscale = true
# Renormalization and factorization scale scaled by: 1.0000000000
# Renormalization scaled by: 1.0000000000
# Number of generated events: 7099658501
#	#	#	#	#	#	#
#=====================================================================================	#=====================================================================================	#=====================================================================================	#=====================================================================================	#=====================================================================================	#=====================================================================================	#=====================================================================================
# No.       Left      Right                   Value                   Error Hits
#-------------------------------------------------------------------------------------	#-------------------------------------------------------------------------------------	#-------------------------------------------------------------------------------------	#-------------------------------------------------------------------------------------	#-------------------------------------------------------------------------------------	#-------------------------------------------------------------------------------------	#-------------------------------------------------------------------------------------
   1       0.00       5.00  5.535764335926964E-03  6.225868811849899E-06 35469420	   1       0.00       5.00  5.535764335926964E-03  6.225868811849899E-06 35469420	   1       0.00       5.00  5.275298948273225E-03  5.802244339960083E-06 35469420	   1       0.00       5.00  5.275298948273225E-03  5.802244339960083E-06 35469420	   1       0.00       5.00  5.817450731720324E-03  6.721888316552532E-06 35469420	   1       0.00       5.00  5.817450731720324E-03  6.721888316552532E-06 35469420	   1       0.00       5.00  5.535764335926964E-03  6.225868811849899E-06 35469420
   2       5.00      10.00  1.800346766414341E-02  1.146553738781731E-05 96212267	   2       5.00      10.00  1.800346766414341E-02  1.146553738781731E-05 96212267	   2       5.00      10.00  1.719935575149769E-02  1.069541089065936E-05 96212267	   2       5.00      10.00  1.719935575149769E-02  1.069541089065936E-05 96212267	   2       5.00      10.00  1.886493727181773E-02  1.236724372316888E-05 96212267	   2       5.00      10.00  1.886493727181773E-02  1.236724372316888E-05 96212267	   2       5.00      10.00  1.800346766414341E-02  1.146553738781731E-05 96212267
   3      10.00      15.00  2.967375791956367E-02  1.506109421722571E-05 142149513	   3      10.00      15.00  2.967375791956367E-02  1.506109421722571E-05 142149513	   3      10.00      15.00  2.844033518774827E-02  1.407777184593069E-05 142149513	   3      10.00      15.00  2.844033518774827E-02  1.407777184593069E-05 142149513	   3      10.00      15.00  3.097864404387199E-02  1.620867396298202E-05 142149513	   3      10.00      15.00  3.097864404387199E-02  1.620867396298202E-05 142149513	   3      10.00      15.00  2.967375791956367E-02  1.506109421722571E-05 142149513
   4      15.00      20.00  3.847844625079722E-02  1.721056704698201E-05 177747572	   4      15.00      20.00  3.847844625079722E-02  1.721056704698201E-05 177747572	   4      15.00      20.00  3.696926986029112E-02  1.610122763336343E-05 177747572	   4      15.00      20.00  3.696926986029112E-02  1.610122763336343E-05 177747572	   4      15.00      20.00  4.005847536105604E-02  1.850367640503138E-05 177747572	   4      15.00      20.00  4.005847536105604E-02  1.850367640503138E-05 177747572	   4      15.00      20.00  3.847844625079722E-02  1.721056704698201E-05 177747572
   5      20.00      25.00  4.426158316135195E-02  1.850163215952169E-05 205654454	   5      20.00      25.00  4.426158316135195E-02  1.850163215952169E-05 205654454	   5      20.00      25.00  4.259374803127657E-02  1.730788409472878E-05 205654454	   5      20.00      25.00  4.259374803127657E-02  1.730788409472878E-05 205654454	   5      20.00      25.00  4.599480987469869E-02  1.989418780617079E-05 205654454	   5      20.00      25.00  4.599480987469869E-02  1.989418780617079E-05 205654454	   5      20.00      25.00  4.426158316135195E-02  1.850163215952169E-05 205654454
   6      25.00      30.00  4.750669769930670E-02  1.909542776707484E-05 226352218	   6      25.00      30.00  4.750669769930670E-02  1.909542776707484E-05 226352218	   6      25.00      30.00  4.576393259942597E-02  1.787190880500618E-05 226352218	   6      25.00      30.00  4.576393259942597E-02  1.787190880500618E-05 226352218	   6      25.00      30.00  4.930839685243817E-02  2.052244448239847E-05 226352218	   6      25.00      30.00  4.930839685243817E-02  2.052244448239847E-05 226352218	   6      25.00      30.00  4.750669769930670E-02  1.909542776707484E-05 226352218
   7      30.00      35.00  4.876455448700849E-02  1.949023235456779E-05 239167974	   7      30.00      35.00  4.876455448700849E-02  1.949023235456779E-05 239167974	   7      30.00      35.00  4.699936561156375E-02  1.823665574489847E-05 239167974	   7      30.00      35.00  4.699936561156375E-02  1.823665574489847E-05 239167974	   7      30.00      35.00  5.058479095703773E-02  2.095303962062894E-05 239167974	   7      30.00      35.00  5.058479095703773E-02  2.095303962062894E-05 239167974	   7      30.00      35.00  4.876455448700849E-02  1.949023235456779E-05 239167974
   8      35.00      40.00  4.847961577891943E-02  1.962037341519032E-05 241333154	   8      35.00      40.00  4.847961577891943E-02  1.962037341519032E-05 241333154	   8      35.00      40.00  4.673229055105002E-02  1.835826595750565E-05 241333154	   8      35.00      40.00  4.673229055105002E-02  1.835826595750565E-05 241333154	   8      35.00      40.00  5.027996366496958E-02  2.109298062268303E-05 241333154	   8      35.00      40.00  5.027996366496958E-02  2.109298062268303E-05 241333154	   8      35.00      40.00  4.847961577891943E-02  1.962037341519032E-05 241333154
   9      40.00      45.00  4.712135242917552E-02  1.968643935147085E-05 225078459	   9      40.00      45.00  4.712135242917552E-02  1.968643935147085E-05 225078459	   9      40.00      45.00  4.541836519078469E-02  1.842551961697295E-05 225078459	   9      40.00      45.00  4.541836519078469E-02  1.842551961697295E-05 225078459	   9      40.00      45.00  4.887708728303909E-02  2.115613488168568E-05 225078459	   9      40.00      45.00  4.887708728303909E-02  2.115613488168568E-05 225078459	   9      40.00      45.00  4.712135242917552E-02  1.968643935147085E-05 225078459
  10      45.00      50.00  4.502300349466926E-02  1.949514785603159E-05 203544180	  10      45.00      50.00  4.502300349466926E-02  1.949514785603159E-05 203544180	  10      45.00      50.00  4.338252163653782E-02  1.822104152858653E-05 203544180	  10      45.00      50.00  4.338252163653782E-02  1.822104152858653E-05 203544180	  10      45.00      50.00  4.671724779585055E-02  2.099055343923928E-05 203544180	  10      45.00      50.00  4.671724779585055E-02  2.099055343923928E-05 203544180	  10      45.00      50.00  4.502300349466926E-02  1.949514785603159E-05 203544180
  11      50.00      55.00  4.243246232902378E-02  1.898958120849288E-05 184932578	  11      50.00      55.00  4.243246232902378E-02  1.898958120849288E-05 184932578	  11      50.00      55.00  4.087271600081042E-02  1.777963609186199E-05 184932578	  11      50.00      55.00  4.087271600081042E-02  1.777963609186199E-05 184932578	  11      50.00      55.00  4.404615228345611E-02  2.039974640078188E-05 184932578	  11      50.00      55.00  4.404615228345611E-02  2.039974640078188E-05 184932578	  11      50.00      55.00  4.243246232902378E-02  1.898958120849288E-05 184932578
  12      55.00      60.00  3.959633436859358E-02  1.862183346838712E-05 168521539	  12      55.00      60.00  3.959633436859358E-02  1.862183346838712E-05 168521539	  12      55.00      60.00  3.812347594320844E-02  1.743847653024555E-05 168521539	  12      55.00      60.00  3.812347594320844E-02  1.743847653024555E-05 168521539	  12      55.00      60.00  4.112378883234182E-02  2.000154382868106E-05 168521539	  12      55.00      60.00  4.112378883234182E-02  2.000154382868106E-05 168521539	  12      55.00      60.00  3.959633436859358E-02  1.862183346838712E-05 168521539
  13      60.00      65.00  3.660682540643029E-02  1.828671480874999E-05 153767954	  13      60.00      65.00  3.660682540643029E-02  1.828671480874999E-05 153767954	  13      60.00      65.00  3.522636284200497E-02  1.711470758782155E-05 153767954	  13      60.00      65.00  3.522636284200497E-02  1.711470758782155E-05 153767954	  13      60.00      65.00  3.804241255451610E-02  1.965486588669266E-05 153767954	  13      60.00      65.00  3.804241255451610E-02  1.965486588669266E-05 153767954	  13      60.00      65.00  3.660682540643029E-02  1.828671480874999E-05 153767954
  14      65.00      70.00  3.349150006495218E-02  1.750265989682643E-05 140469503	  14      65.00      70.00  3.349150006495218E-02  1.750265989682643E-05 140469503	  14      65.00      70.00  3.221196267593048E-02  1.639432191068879E-05 140469503	  14      65.00      70.00  3.221196267593048E-02  1.639432191068879E-05 140469503	  14      65.00      70.00  3.482545397998910E-02  1.879399556304032E-05 140469503	  14      65.00      70.00  3.482545397998910E-02  1.879399556304032E-05 140469503	  14      65.00      70.00  3.349150006495218E-02  1.750265989682643E-05 140469503
  15      70.00      75.00  3.046449486439457E-02  1.697104308459742E-05 128310419	  15      70.00      75.00  3.046449486439457E-02  1.697104308459742E-05 128310419	  15      70.00      75.00  2.927960586043646E-02  1.589672696952881E-05 128310419	  15      70.00      75.00  2.927960586043646E-02  1.589672696952881E-05 128310419	  15      70.00      75.00  3.170409175188703E-02  1.822138094533702E-05 128310419	  15      70.00      75.00  3.170409175188703E-02  1.822138094533702E-05 128310419	  15      70.00      75.00  3.046449486439457E-02  1.697104308459742E-05 128310419
  16      75.00      80.00  2.744527780394627E-02  1.645843885772656E-05 117035620	  16      75.00      80.00  2.744527780394627E-02  1.645843885772656E-05 117035620	  16      75.00      80.00  2.635598479028521E-02  1.540144940425062E-05 117035620	  16      75.00      80.00  2.635598479028521E-02  1.540144940425062E-05 117035620	  16      75.00      80.00  2.858927838443851E-02  1.769196128960393E-05 117035620	  16      75.00      80.00  2.858927838443851E-02  1.769196128960393E-05 117035620	  16      75.00      80.00  2.744527780394627E-02  1.645843885772656E-05 117035620
  17      80.00      85.00  2.441714202747631E-02  1.560463518915114E-05 106582328	  17      80.00      85.00  2.441714202747631E-02  1.560463518915114E-05 106582328	  17      80.00      85.00  2.342817749681005E-02  1.460906058905147E-05 106582328	  17      80.00      85.00  2.342817749681005E-02  1.460906058905147E-05 106582328	  17      80.00      85.00  2.545961007889683E-02  1.676426009301644E-05 106582328	  17      80.00      85.00  2.545961007889683E-02  1.676426009301644E-05 106582328	  17      80.00      85.00  2.441714202747631E-02  1.560463518915114E-05 106582328
  18      85.00      90.00  2.193305112444551E-02  1.490922260874265E-05 97836275	  18      85.00      90.00  2.193305112444551E-02  1.490922260874265E-05 97836275	  18      85.00      90.00  2.102670008884715E-02  1.395679843942102E-05 97836275	  18      85.00      90.00  2.102670008884715E-02  1.395679843942102E-05 97836275	  18      85.00      90.00  2.289194406525791E-02  1.601877985988169E-05 97836275	  18      85.00      90.00  2.289194406525791E-02  1.601877985988169E-05 97836275	  18      85.00      90.00  2.193305112444551E-02  1.490922260874265E-05 97836275
  19      90.00      95.00  1.986203112139336E-02  1.450294611103479E-05 90579973	  19      90.00      95.00  1.986203112139336E-02  1.450294611103479E-05 90579973	  19      90.00      95.00  1.902743227562513E-02  1.356001339562017E-05 90579973	  19      90.00      95.00  1.902743227562513E-02  1.356001339562017E-05 90579973	  19      90.00      95.00  2.074767821126322E-02  1.560445416835041E-05 90579973	  19      90.00      95.00  2.074767821126322E-02  1.560445416835041E-05 90579973	  19      90.00      95.00  1.986203112139336E-02  1.450294611103479E-05 90579973
  20      95.00     100.00  1.814827305167489E-02  1.382936657034624E-05 84306030	  20      95.00     100.00  1.814827305167489E-02  1.382936657034624E-05 84306030	  20      95.00     100.00  1.737293479847865E-02  1.293366890732186E-05 84306030	  20      95.00     100.00  1.737293479847865E-02  1.293366890732186E-05 84306030	  20      95.00     100.00  1.897344311293428E-02  1.487465874153809E-05 84306030	  20      95.00     100.00  1.897344311293428E-02  1.487465874153809E-05 84306030	  20      95.00     100.00  1.814827305167489E-02  1.382936657034624E-05 84306030
  21     100.00     105.00  1.664641737851039E-02  1.346587207362597E-05 78816811	  21     100.00     105.00  1.664641737851039E-02  1.346587207362597E-05 78816811	  21     100.00     105.00  1.592271367782634E-02  1.257970319493775E-05 78816811	  21     100.00     105.00  1.592271367782634E-02  1.257970319493775E-05 78816811	  21     100.00     105.00  1.741908892687509E-02  1.450303741710751E-05 78816811	  21     100.00     105.00  1.741908892687509E-02  1.450303741710751E-05 78816811	  21     100.00     105.00  1.664641737851039E-02  1.346587207362597E-05 78816811
  22     105.00     110.00  1.533743858461172E-02  1.324842646078846E-05 73892096	  22     105.00     110.00  1.533743858461172E-02  1.324842646078846E-05 73892096	  22     105.00     110.00  1.466063079087990E-02  1.238146195601283E-05 73892096	  22     105.00     110.00  1.466063079087990E-02  1.238146195601283E-05 73892096	  22     105.00     110.00  1.606186822201348E-02  1.425991879037623E-05 73892096	  22     105.00     110.00  1.606186822201348E-02  1.425991879037623E-05 73892096	  22     105.00     110.00  1.533743858461172E-02  1.324842646078846E-05 73892096
  23     110.00     115.00  1.416914153082835E-02  1.260953216779259E-05 69478330	  23     110.00     115.00  1.416914153082835E-02  1.260953216779259E-05 69478330	  23     110.00     115.00  1.353481429141868E-02  1.178379006895947E-05 69478330	  23     110.00     115.00  1.353481429141868E-02  1.178379006895947E-05 69478330	  23     110.00     115.00  1.484984085211789E-02  1.357340240748949E-05 69478330	  23     110.00     115.00  1.484984085211789E-02  1.357340240748949E-05 69478330	  23     110.00     115.00  1.416914153082835E-02  1.260953216779259E-05 69478330
  24     115.00     120.00  1.313822531993578E-02  1.214582354020722E-05 65487590	  24     115.00     120.00  1.313822531993578E-02  1.214582354020722E-05 65487590	  24     115.00     120.00  1.254229090190841E-02  1.135299766868827E-05 65487590	  24     115.00     120.00  1.254229090190841E-02  1.135299766868827E-05 65487590	  24     115.00     120.00  1.377914624378966E-02  1.307125320858513E-05 65487590	  24     115.00     120.00  1.377914624378966E-02  1.307125320858513E-05 65487590	  24     115.00     120.00  1.313822531993578E-02  1.214582354020722E-05 65487590
  25     120.00     125.00  1.218872777840352E-02  1.176500862298724E-05 61845339	  25     120.00     125.00  1.218872777840352E-02  1.176500862298724E-05 61845339	  25     120.00     125.00  1.162892805073327E-02  1.099815943323707E-05 61845339	  25     120.00     125.00  1.162892805073327E-02  1.099815943323707E-05 61845339	  25     120.00     125.00  1.279201116498717E-02  1.265915764731636E-05 61845339	  25     120.00     125.00  1.279201116498717E-02  1.265915764731636E-05 61845339	  25     120.00     125.00  1.218872777840352E-02  1.176500862298724E-05 61845339
  26     125.00     130.00  1.133084500138729E-02  1.129145364404555E-05 58531565	  26     125.00     130.00  1.133084500138729E-02  1.129145364404555E-05 58531565	  26     125.00     130.00  1.080365812311215E-02  1.055125450489925E-05 58531565	  26     125.00     130.00  1.080365812311215E-02  1.055125450489925E-05 58531565	  26     125.00     130.00  1.190025527514285E-02  1.215550212726252E-05 58531565	  26     125.00     130.00  1.190025527514285E-02  1.215550212726252E-05 58531565	  26     125.00     130.00  1.133084500138729E-02  1.129145364404555E-05 58531565
  27     130.00     135.00  1.056491346935098E-02  1.108932353330837E-05 55482512	  27     130.00     135.00  1.056491346935098E-02  1.108932353330837E-05 55482512	  27     130.00     135.00  1.006756881577507E-02  1.035343751854994E-05 55482512	  27     130.00     135.00  1.006756881577507E-02  1.035343751854994E-05 55482512	  27     130.00     135.00  1.110315641798477E-02  1.195051097845378E-05 55482512	  27     130.00     135.00  1.110315641798477E-02  1.195051097845378E-05 55482512	  27     130.00     135.00  1.056491346935098E-02  1.108932353330837E-05 55482512
  28     135.00     140.00  9.870241522961414E-03  1.079570042707539E-05 52677164	  28     135.00     140.00  9.870241522961414E-03  1.079570042707539E-05 52677164	  28     135.00     140.00  9.399764802772275E-03  1.007542699533545E-05 52677164	  28     135.00     140.00  9.399764802772275E-03  1.007542699533545E-05 52677164	  28     135.00     140.00  1.038044569598155E-02  1.163854231698863E-05 52677164	  28     135.00     140.00  1.038044569598155E-02  1.163854231698863E-05 52677164	  28     135.00     140.00  9.870241522961414E-03  1.079570042707539E-05 52677164
  29     140.00     145.00  9.229757612093048E-03  1.048646128069413E-05 50067541	  29     140.00     145.00  9.229757612093048E-03  1.048646128069413E-05 50067541	  29     140.00     145.00  8.784971037083689E-03  9.787611764554857E-06 50067541	  29     140.00     145.00  8.784971037083689E-03  9.787611764554857E-06 50067541	  29     140.00     145.00  9.712967646559425E-03  1.130406881761886E-05 50067541	  29     140.00     145.00  9.712967646559425E-03  1.130406881761886E-05 50067541	  29     140.00     145.00  9.229757612093048E-03  1.048646128069413E-05 50067541
  30     145.00     150.00  8.635048287105252E-03  1.013081696059023E-05 47667196	  30     145.00     150.00  8.635048287105252E-03  1.013081696059023E-05 47667196	  30     145.00     150.00  8.214534560142423E-03  9.452032318551029E-06 47667196	  30     145.00     150.00  8.214534560142423E-03  9.452032318551029E-06 47667196	  30     145.00     150.00  9.092624621652251E-03  1.092491336848335E-05 47667196	  30     145.00     150.00  9.092624621652251E-03  1.092491336848335E-05 47667196	  30     145.00     150.00  8.635048287105252E-03  1.013081696059023E-05 47667196
  31     150.00     155.00  8.112634375473932E-03  9.997347767476942E-06 45428554	  31     150.00     155.00  8.112634375473932E-03  9.997347767476942E-06 45428554	  31     150.00     155.00  7.713477450292078E-03  9.318577799511976E-06 45428554	  31     150.00     155.00  7.713477450292078E-03  9.318577799511976E-06 45428554	  31     150.00     155.00  8.547726111689115E-03  1.079412450676565E-05 45428554	  31     150.00     155.00  8.547726111689115E-03  1.079412450676565E-05 45428554	  31     150.00     155.00  8.112634375473932E-03  9.997347767476942E-06 45428554
  32     155.00     160.00  7.610410574937458E-03  9.756844427273839E-06 43356432	  32     155.00     160.00  7.610410574937458E-03  9.756844427273839E-06 43356432	  32     155.00     160.00  7.231483072650890E-03  9.097053655558508E-06 43356432	  32     155.00     160.00  7.231483072650890E-03  9.097053655558508E-06 43356432	  32     155.00     160.00  8.024242314319649E-03  1.052852736647358E-05 43356432	  32     155.00     160.00  8.024242314319649E-03  1.052852736647358E-05 43356432	  32     155.00     160.00  7.610410574937458E-03  9.756844427273839E-06 43356432
  33     160.00     165.00  7.162869924928254E-03  9.435817281811206E-06 41424964	  33     160.00     165.00  7.162869924928254E-03  9.435817281811206E-06 41424964	  33     160.00     165.00  6.803000791475166E-03  8.786599789731071E-06 41424964	  33     160.00     165.00  6.803000791475166E-03  8.786599789731071E-06 41424964	  33     160.00     165.00  7.556467160831685E-03  1.019875875712369E-05 41424964	  33     160.00     165.00  7.556467160831685E-03  1.019875875712369E-05 41424964	  33     160.00     165.00  7.162869924928254E-03  9.435817281811206E-06 41424964
  34     165.00     170.00  6.750042461993342E-03  9.218812892819747E-06 39608552	  34     165.00     170.00  6.750042461993342E-03  9.218812892819747E-06 39608552	  34     165.00     170.00  6.407116985566585E-03  8.582441748984816E-06 39608552	  34     165.00     170.00  6.407116985566585E-03  8.582441748984816E-06 39608552	  34     165.00     170.00  7.125765379754519E-03  9.966169162255095E-06 39608552	  34     165.00     170.00  7.125765379754519E-03  9.966169162255095E-06 39608552	  34     165.00     170.00  6.750042461993342E-03  9.218812892819747E-06 39608552
  35     170.00     175.00  6.352183488029827E-03  8.936266631643792E-06 37925257	  35     170.00     175.00  6.352183488029827E-03  8.936266631643792E-06 37925257	  35     170.00     175.00  6.026225597544349E-03  8.323841966417078E-06 37925257	  35     170.00     175.00  6.026225597544349E-03  8.323841966417078E-06 37925257	  35     170.00     175.00  6.709906017835100E-03  9.654258805859743E-06 37925257	  35     170.00     175.00  6.709906017835100E-03  9.654258805859743E-06 37925257	  35     170.00     175.00  6.352183488029827E-03  8.936266631643792E-06 37925257
  36     175.00     180.00  5.989723085204936E-03  8.633551003599538E-06 36331055	  36     175.00     180.00  5.989723085204936E-03  8.633551003599538E-06 36331055	  36     175.00     180.00  5.679852702388933E-03  8.044444413748973E-06 36331055	  36     175.00     180.00  5.679852702388933E-03  8.044444413748973E-06 36331055	  36     175.00     180.00  6.330217400837639E-03  9.323563586864867E-06 36331055	  36     175.00     180.00  6.330217400837639E-03  9.323563586864867E-06 36331055	  36     175.00     180.00  5.989723085204936E-03  8.633551003599538E-06 36331055
  37     180.00     185.00  5.660999066857647E-03  8.503649343854434E-06 34845129	  37     180.00     185.00  5.660999066857647E-03  8.503649343854434E-06 34845129	  37     180.00     185.00  5.365177561418653E-03  7.913897397405306E-06 34845129	  37     180.00     185.00  5.365177561418653E-03  7.913897397405306E-06 34845129	  37     180.00     185.00  5.986570573552213E-03  9.196103671031157E-06 34845129	  37     180.00     185.00  5.986570573552213E-03  9.196103671031157E-06 34845129	  37     180.00     185.00  5.660999066857647E-03  8.503649343854434E-06 34845129
  38     185.00     190.00  5.351790714796697E-03  8.163515627434055E-06 33443223	  38     185.00     190.00  5.351790714796697E-03  8.163515627434055E-06 33443223	  38     185.00     190.00  5.069694545600677E-03  7.602616442437670E-06 33443223	  38     185.00     190.00  5.069694545600677E-03  7.602616442437670E-06 33443223	  38     185.00     190.00  5.662653731233433E-03  8.820782824555997E-06 33443223	  38     185.00     190.00  5.662653731233433E-03  8.820782824555997E-06 33443223	  38     185.00     190.00  5.351790714796697E-03  8.163515627434055E-06 33443223
  39     190.00     195.00  5.063851584626019E-03  8.019188143830718E-06 32118153	  39     190.00     195.00  5.063851584626019E-03  8.019188143830718E-06 32118153	  39     190.00     195.00  4.794162359722120E-03  7.456126077964044E-06 32118153	  39     190.00     195.00  4.794162359722120E-03  7.456126077964044E-06 32118153	  39     190.00     195.00  5.361543618548973E-03  8.681458094054044E-06 32118153	  39     190.00     195.00  5.361543618548973E-03  8.681458094054044E-06 32118153	  39     190.00     195.00  5.063851584626019E-03  8.019188143830718E-06 32118153
  40     195.00     200.00  4.792619715492749E-03  7.756718052733336E-06 30872256	  40     195.00     200.00  4.792619715492749E-03  7.756718052733336E-06 30872256	  40     195.00     200.00  4.535309911246492E-03  7.217033562071352E-06 30872256	  40     195.00     200.00  4.535309911246492E-03  7.217033562071352E-06 30872256	  40     195.00     200.00  5.076997209539965E-03  8.390552741992735E-06 30872256	  40     195.00     200.00  5.076997209539965E-03  8.390552741992735E-06 30872256	  40     195.00     200.00  4.792619715492749E-03  7.756718052733336E-06 30872256
  41     200.00     205.00  4.536457077292787E-03  7.664504546348116E-06 29694957	  41     200.00     205.00  4.536457077292787E-03  7.664504546348116E-06 29694957	  41     200.00     205.00  4.290731840105338E-03  7.125228943038191E-06 29694957	  41     200.00     205.00  4.290731840105338E-03  7.125228943038191E-06 29694957	  41     200.00     205.00  4.808404316114461E-03  8.298551552775754E-06 29694957	  41     200.00     205.00  4.808404316114461E-03  8.298551552775754E-06 29694957	  41     200.00     205.00  4.536457077292787E-03  7.664504546348116E-06 29694957
  42     205.00     210.00  4.300659064815087E-03  7.483629280219221E-06 28583416	  42     205.00     210.00  4.300659064815087E-03  7.483629280219221E-06 28583416	  42     205.00     210.00  4.066167874992851E-03  6.953447366656885E-06 28583416	  42     205.00     210.00  4.066167874992851E-03  6.953447366656885E-06 28583416	  42     205.00     210.00  4.560400605424461E-03  8.106704302990926E-06 28583416	  42     205.00     210.00  4.560400605424461E-03  8.106704302990926E-06 28583416	  42     205.00     210.00  4.300659064815087E-03  7.483629280219221E-06 28583416
  43     210.00     215.00  4.083416581090255E-03  7.164993878410841E-06 27533555	  43     210.00     215.00  4.083416581090255E-03  7.164993878410841E-06 27533555	  43     210.00     215.00  3.858623117474734E-03  6.657956827906738E-06 27533555	  43     210.00     215.00  3.858623117474734E-03  6.657956827906738E-06 27533555	  43     210.00     215.00  4.332817285153053E-03  7.761439818933864E-06 27533555	  43     210.00     215.00  4.332817285153053E-03  7.761439818933864E-06 27533555	  43     210.00     215.00  4.083416581090255E-03  7.164993878410841E-06 27533555
  44     215.00     220.00  3.872347905328180E-03  7.071496968122019E-06 26527148	  44     215.00     220.00  3.872347905328180E-03  7.071496968122019E-06 26527148	  44     215.00     220.00  3.657290479143887E-03  6.564332407119744E-06 26527148	  44     215.00     220.00  3.657290479143887E-03  6.564332407119744E-06 26527148	  44     215.00     220.00  4.111284167577966E-03  7.669720715213399E-06 26527148	  44     215.00     220.00  4.111284167577966E-03  7.669720715213399E-06 26527148	  44     215.00     220.00  3.872347905328180E-03  7.071496968122019E-06 26527148
  45     220.00     225.00  3.671317914582748E-03  6.669372862166257E-06 25585315	  45     220.00     225.00  3.671317914582748E-03  6.669372862166257E-06 25585315	  45     220.00     225.00  3.466264095656558E-03  6.196539649136607E-06 25585315	  45     220.00     225.00  3.466264095656558E-03  6.196539649136607E-06 25585315	  45     220.00     225.00  3.899319340057121E-03  7.226586240866433E-06 25585315	  45     220.00     225.00  3.899319340057121E-03  7.226586240866433E-06 25585315	  45     220.00     225.00  3.671317914582748E-03  6.669372862166257E-06 25585315
  46     225.00     230.00  3.492049133684224E-03  6.575774364782229E-06 24681191	  46     225.00     230.00  3.492049133684224E-03  6.575774364782229E-06 24681191	  46     225.00     230.00  3.295552392020426E-03  6.113894778876199E-06 24681191	  46     225.00     230.00  3.295552392020426E-03  6.113894778876199E-06 24681191	  46     225.00     230.00  3.710758015497969E-03  7.118332951414229E-06 24681191	  46     225.00     230.00  3.710758015497969E-03  7.118332951414229E-06 24681191	  46     225.00     230.00  3.492049133684224E-03  6.575774364782229E-06 24681191
  47     230.00     235.00  3.312937807294081E-03  6.429132434890962E-06 23832744	  47     230.00     235.00  3.312937807294081E-03  6.429132434890962E-06 23832744	  47     230.00     235.00  3.124637271848829E-03  5.963886256335688E-06 23832744	  47     230.00     235.00  3.124637271848829E-03  5.963886256335688E-06 23832744	  47     230.00     235.00  3.522863220210528E-03  6.978401045644576E-06 23832744	  47     230.00     235.00  3.522863220210528E-03  6.978401045644576E-06 23832744	  47     230.00     235.00  3.312937807294081E-03  6.429132434890962E-06 23832744
  48     235.00     240.00  3.157089573471217E-03  6.288814886175119E-06 23011249	  48     235.00     240.00  3.157089573471217E-03  6.288814886175119E-06 23011249	  48     235.00     240.00  2.976509766238577E-03  5.834909042417864E-06 23011249	  48     235.00     240.00  2.976509766238577E-03  5.834909042417864E-06 23011249	  48     235.00     240.00  3.358576858189703E-03  6.824092471993176E-06 23011249	  48     235.00     240.00  3.358576858189703E-03  6.824092471993176E-06 23011249	  48     235.00     240.00  3.157089573471217E-03  6.288814886175119E-06 23011249
  49     240.00     245.00  3.007772915087882E-03  6.145457656410230E-06 22252759	  49     240.00     245.00  3.007772915087882E-03  6.145457656410230E-06 22252759	  49     240.00     245.00  2.834487735132659E-03  5.705272121672719E-06 22252759	  49     240.00     245.00  2.834487735132659E-03  5.705272121672719E-06 22252759	  49     240.00     245.00  3.201325633925377E-03  6.663691156606902E-06 22252759	  49     240.00     245.00  3.201325633925377E-03  6.663691156606902E-06 22252759	  49     240.00     245.00  3.007772915087882E-03  6.145457656410230E-06 22252759
  50     245.00     250.00  2.866356952686380E-03  5.951565880494893E-06 21509385	  50     245.00     250.00  2.866356952686380E-03  5.951565880494893E-06 21509385	  50     245.00     250.00  2.700155719685084E-03  5.521614697709415E-06 21509385	  50     245.00     250.00  2.700155719685084E-03  5.521614697709415E-06 21509385	  50     245.00     250.00  3.052190427337365E-03  6.459058139164886E-06 21509385	  50     245.00     250.00  3.052190427337365E-03  6.459058139164886E-06 21509385	  50     245.00     250.00  2.866356952686380E-03  5.951565880494893E-06 21509385
  51     250.00     255.00  2.730327106604113E-03  6.045002784412921E-06 20812036	  51     250.00     255.00  2.730327106604113E-03  6.045002784412921E-06 20812036	  51     250.00     255.00  2.570718125718741E-03  5.597608882868548E-06 20812036	  51     250.00     255.00  2.570718125718741E-03  5.597608882868548E-06 20812036	  51     250.00     255.00  2.908968638470363E-03  6.573426479611317E-06 20812036	  51     250.00     255.00  2.908968638470363E-03  6.573426479611317E-06 20812036	  51     250.00     255.00  2.730327106604113E-03  6.045002784412921E-06 20812036
  52     255.00     260.00  2.591977355308678E-03  5.656236491314691E-06 20133478	  52     255.00     260.00  2.591977355308678E-03  5.656236491314691E-06 20133478	  52     255.00     260.00  2.439819413047699E-03  5.248748971175416E-06 20133478	  52     255.00     260.00  2.439819413047699E-03  5.248748971175416E-06 20133478	  52     255.00     260.00  2.762406952985783E-03  6.136215651026709E-06 20133478	  52     255.00     260.00  2.762406952985783E-03  6.136215651026709E-06 20133478	  52     255.00     260.00  2.591977355308678E-03  5.656236491314691E-06 20133478
  53     260.00     265.00  2.484890424240854E-03  5.598335344440211E-06 19491708	  53     260.00     265.00  2.484890424240854E-03  5.598335344440211E-06 19491708	  53     260.00     265.00  2.337517477584932E-03  5.189795737878946E-06 19491708	  53     260.00     265.00  2.337517477584932E-03  5.189795737878946E-06 19491708	  53     260.00     265.00  2.650227820813659E-03  6.080324854388710E-06 19491708	  53     260.00     265.00  2.650227820813659E-03  6.080324854388710E-06 19491708	  53     260.00     265.00  2.484890424240854E-03  5.598335344440211E-06 19491708
  54     265.00     270.00  2.359965480947483E-03  5.443459940859290E-06 18882605	  54     265.00     270.00  2.359965480947483E-03  5.443459940859290E-06 18882605	  54     265.00     270.00  2.219037208678365E-03  5.043071080964152E-06 18882605	  54     265.00     270.00  2.219037208678365E-03  5.043071080964152E-06 18882605	  54     265.00     270.00  2.518214319806402E-03  5.916194136025283E-06 18882605	  54     265.00     270.00  2.518214319806402E-03  5.916194136025283E-06 18882605	  54     265.00     270.00  2.359965480947483E-03  5.443459940859290E-06 18882605
  55     270.00     275.00  2.256369801128850E-03  5.607325941565602E-06 18295562	  55     270.00     275.00  2.256369801128850E-03  5.607325941565602E-06 18295562	  55     270.00     275.00  2.120873855217132E-03  5.192785687957632E-06 18295562	  55     270.00     275.00  2.120873855217132E-03  5.192785687957632E-06 18295562	  55     270.00     275.00  2.408640528953127E-03  6.096391969714876E-06 18295562	  55     270.00     275.00  2.408640528953127E-03  6.096391969714876E-06 18295562	  55     270.00     275.00  2.256369801128850E-03  5.607325941565602E-06 18295562
  56     275.00     280.00  2.155689776834605E-03  5.104836984631848E-06 17737413	  56     275.00     280.00  2.155689776834605E-03  5.104836984631848E-06 17737413	  56     275.00     280.00  2.025212880792089E-03  4.726368520804810E-06 17737413	  56     275.00     280.00  2.025212880792089E-03  4.726368520804810E-06 17737413	  56     275.00     280.00  2.302506029142435E-03  5.552633180562347E-06 17737413	  56     275.00     280.00  2.302506029142435E-03  5.552633180562347E-06 17737413	  56     275.00     280.00  2.155689776834605E-03  5.104836984631848E-06 17737413
  57     280.00     285.00  2.051529824768425E-03  4.941988982125088E-06 17202785	  57     280.00     285.00  2.051529824768425E-03  4.941988982125088E-06 17202785	  57     280.00     285.00  1.926737363514066E-03  4.576040333388666E-06 17202785	  57     280.00     285.00  1.926737363514066E-03  4.576040333388666E-06 17202785	  57     280.00     285.00  2.192043315143123E-03  5.374936106043717E-06 17202785	  57     280.00     285.00  2.192043315143123E-03  5.374936106043717E-06 17202785	  57     280.00     285.00  2.051529824768425E-03  4.941988982125088E-06 17202785
  58     285.00     290.00  1.961794626715506E-03  4.809884067068338E-06 16685846	  58     285.00     290.00  1.961794626715506E-03  4.809884067068338E-06 16685846	  58     285.00     290.00  1.841880099560700E-03  4.458921511504988E-06 16685846	  58     285.00     290.00  1.841880099560700E-03  4.458921511504988E-06 16685846	  58     285.00     290.00  2.096899244004912E-03  5.224133078602185E-06 16685846	  58     285.00     290.00  2.096899244004912E-03  5.224133078602185E-06 16685846	  58     285.00     290.00  1.961794626715506E-03  4.809884067068338E-06 16685846
  59     290.00     295.00  1.886571690407609E-03  4.783487676973911E-06 16191647	  59     290.00     295.00  1.886571690407609E-03  4.783487676973911E-06 16191647	  59     290.00     295.00  1.770376353017826E-03  4.433582786659100E-06 16191647	  59     290.00     295.00  1.770376353017826E-03  4.433582786659100E-06 16191647	  59     290.00     295.00  2.017613493018951E-03  5.195870729802411E-06 16191647	  59     290.00     295.00  2.017613493018951E-03  5.195870729802411E-06 16191647	  59     290.00     295.00  1.886571690407609E-03  4.783487676973911E-06 16191647
  60     295.00     300.00  1.796099938058629E-03  4.648584782459463E-06 15724299	  60     295.00     300.00  1.796099938058629E-03  4.648584782459463E-06 15724299	  60     295.00     300.00  1.684802860766142E-03  4.305467243048418E-06 15724299	  60     295.00     300.00  1.684802860766142E-03  4.305467243048418E-06 15724299	  60     295.00     300.00  1.921733281269331E-03  5.053742490943786E-06 15724299	  60     295.00     300.00  1.921733281269331E-03  5.053742490943786E-06 15724299	  60     295.00     300.00  1.796099938058629E-03  4.648584782459463E-06 15724299
  61     300.00     305.00  1.721188296967906E-03  4.576428539551979E-06 15269515	  61     300.00     305.00  1.721188296967906E-03  4.576428539551979E-06 15269515	  61     300.00     305.00  1.613889676456085E-03  4.236994848237814E-06 15269515	  61     300.00     305.00  1.613889676456085E-03  4.236994848237814E-06 15269515	  61     300.00     305.00  1.842408236783410E-03  4.977693742289845E-06 15269515	  61     300.00     305.00  1.842408236783410E-03  4.977693742289845E-06 15269515	  61     300.00     305.00  1.721188296967906E-03  4.576428539551979E-06 15269515
  62     305.00     310.00  1.641001219960410E-03  4.360083887150863E-06 14829474	  62     305.00     310.00  1.641001219960410E-03  4.360083887150863E-06 14829474	  62     305.00     310.00  1.538123334914483E-03  4.038254743713862E-06 14829474	  62     305.00     310.00  1.538123334914483E-03  4.038254743713862E-06 14829474	  62     305.00     310.00  1.757304234854538E-03  4.739321691685110E-06 14829474	  62     305.00     310.00  1.757304234854538E-03  4.739321691685110E-06 14829474	  62     305.00     310.00  1.641001219960410E-03  4.360083887150863E-06 14829474
  63     310.00     315.00  1.579995657364633E-03  4.401732467522350E-06 14414427	  63     310.00     315.00  1.579995657364633E-03  4.401732467522350E-06 14414427	  63     310.00     315.00  1.480420234558831E-03  4.071105589014254E-06 14414427	  63     310.00     315.00  1.480420234558831E-03  4.071105589014254E-06 14414427	  63     310.00     315.00  1.692659573209870E-03  4.792792745185824E-06 14414427	  63     310.00     315.00  1.692659573209870E-03  4.792792745185824E-06 14414427	  63     310.00     315.00  1.579995657364633E-03  4.401732467522350E-06 14414427
  64     315.00     320.00  1.509900422947837E-03  4.275179459942550E-06 14020157	  64     315.00     320.00  1.509900422947837E-03  4.275179459942550E-06 14020157	  64     315.00     320.00  1.414141338130996E-03  3.951774010832619E-06 14020157	  64     315.00     320.00  1.414141338130996E-03  3.951774010832619E-06 14020157	  64     315.00     320.00  1.618346222156082E-03  4.658244793464124E-06 14020157	  64     315.00     320.00  1.618346222156082E-03  4.658244793464124E-06 14020157	  64     315.00     320.00  1.509900422947837E-03  4.275179459942550E-06 14020157
  65     320.00     325.00  1.445287066806202E-03  4.252160166985980E-06 13627733	  65     320.00     325.00  1.445287066806202E-03  4.252160166985980E-06 13627733	  65     320.00     325.00  1.353063223456889E-03  3.929117983681188E-06 13627733	  65     320.00     325.00  1.353063223456889E-03  3.929117983681188E-06 13627733	  65     320.00     325.00  1.549825936683881E-03  4.634366207974946E-06 13627733	  65     320.00     325.00  1.549825936683881E-03  4.634366207974946E-06 13627733	  65     320.00     325.00  1.445287066806202E-03  4.252160166985980E-06 13627733
  66     325.00     330.00  1.387069960232261E-03  4.194102194964856E-06 13253045	  66     325.00     330.00  1.387069960232261E-03  4.194102194964856E-06 13253045	  66     325.00     330.00  1.297823488627894E-03  3.874681843191298E-06 13253045	  66     325.00     330.00  1.297823488627894E-03  3.874681843191298E-06 13253045	  66     325.00     330.00  1.488364660332464E-03  4.572053482550047E-06 13253045	  66     325.00     330.00  1.488364660332464E-03  4.572053482550047E-06 13253045	  66     325.00     330.00  1.387069960232261E-03  4.194102194964856E-06 13253045
  67     330.00     335.00  1.324540756293436E-03  3.994796566408941E-06 12891086	  67     330.00     335.00  1.324540756293436E-03  3.994796566408941E-06 12891086	  67     330.00     335.00  1.238816685192736E-03  3.687501495310861E-06 12891086	  67     330.00     335.00  1.238816685192736E-03  3.687501495310861E-06 12891086	  67     330.00     335.00  1.421910202756343E-03  4.359434774590359E-06 12891086	  67     330.00     335.00  1.421910202756343E-03  4.359434774590359E-06 12891086	  67     330.00     335.00  1.324540756293436E-03  3.994796566408941E-06 12891086
  68     335.00     340.00  1.270497588952172E-03  3.860879618597607E-06 12541208	  68     335.00     340.00  1.270497588952172E-03  3.860879618597607E-06 12541208	  68     335.00     340.00  1.188105706234121E-03  3.568300205663140E-06 12541208	  68     335.00     340.00  1.188105706234121E-03  3.568300205663140E-06 12541208	  68     335.00     340.00  1.364097888481655E-03  4.207033479667222E-06 12541208	  68     335.00     340.00  1.364097888481655E-03  4.207033479667222E-06 12541208	  68     335.00     340.00  1.270497588952172E-03  3.860879618597607E-06 12541208
  69     340.00     345.00  1.224036094531960E-03  3.782563973171732E-06 12224134	  69     340.00     345.00  1.224036094531960E-03  3.782563973171732E-06 12224134	  69     340.00     345.00  1.144194938337340E-03  3.490820520929644E-06 12224134	  69     340.00     345.00  1.144194938337340E-03  3.490820520929644E-06 12224134	  69     340.00     345.00  1.314825770485419E-03  4.128766093452470E-06 12224134	  69     340.00     345.00  1.314825770485419E-03  4.128766093452470E-06 12224134	  69     340.00     345.00  1.224036094531960E-03  3.782563973171732E-06 12224134
  70     345.00     350.00  1.175626892117931E-03  3.803613081868707E-06 11900239	  70     345.00     350.00  1.175626892117931E-03  3.803613081868707E-06 11900239	  70     345.00     350.00  1.098492324467501E-03  3.504352865752740E-06 11900239	  70     345.00     350.00  1.098492324467501E-03  3.504352865752740E-06 11900239	  70     345.00     350.00  1.263400299945407E-03  4.159755147412993E-06 11900239	  70     345.00     350.00  1.263400299945407E-03  4.159755147412993E-06 11900239	  70     345.00     350.00  1.175626892117931E-03  3.803613081868707E-06 11900239
  71     350.00     355.00  1.120743932754654E-03  3.638542273776521E-06 11587387	  71     350.00     355.00  1.120743932754654E-03  3.638542273776521E-06 11587387	  71     350.00     355.00  1.046902865150963E-03  3.361572178131730E-06 11587387	  71     350.00     355.00  1.046902865150963E-03  3.361572178131730E-06 11587387	  71     350.00     355.00  1.204820357452136E-03  3.966163447417633E-06 11587387	  71     350.00     355.00  1.204820357452136E-03  3.966163447417633E-06 11587387	  71     350.00     355.00  1.120743932754654E-03  3.638542273776521E-06 11587387
  72     355.00     360.00  1.080173908999801E-03  3.605685184670287E-06 11292385	  72     355.00     360.00  1.080173908999801E-03  3.605685184670287E-06 11292385	  72     355.00     360.00  1.008432246933362E-03  3.318923867813819E-06 11292385	  72     355.00     360.00  1.008432246933362E-03  3.318923867813819E-06 11292385	  72     355.00     360.00  1.161952363869073E-03  3.947279092554864E-06 11292385	  72     355.00     360.00  1.161952363869073E-03  3.947279092554864E-06 11292385	  72     355.00     360.00  1.080173908999801E-03  3.605685184670287E-06 11292385
  73     360.00     365.00  1.036538114325434E-03  3.456411613215750E-06 11001959	  73     360.00     365.00  1.036538114325434E-03  3.456411613215750E-06 11001959	  73     360.00     365.00  9.676175637129627E-04  3.193175273102339E-06 11001959	  73     360.00     365.00  9.676175637129627E-04  3.193175273102339E-06 11001959	  73     360.00     365.00  1.115105580060318E-03  3.768213951175698E-06 11001959	  73     360.00     365.00  1.115105580060318E-03  3.768213951175698E-06 11001959	  73     360.00     365.00  1.036538114325434E-03  3.456411613215750E-06 11001959
  74     365.00     370.00  9.990486276220485E-04  3.384209252761244E-06 10724698	  74     365.00     370.00  9.990486276220485E-04  3.384209252761244E-06 10724698	  74     365.00     370.00  9.319415733339724E-04  3.118325047792826E-06 10724698	  74     365.00     370.00  9.319415733339724E-04  3.118325047792826E-06 10724698	  74     365.00     370.00  1.075672336972621E-03  3.700106671753480E-06 10724698	  74     365.00     370.00  1.075672336972621E-03  3.700106671753480E-06 10724698	  74     365.00     370.00  9.990486276220485E-04  3.384209252761244E-06 10724698
  75     370.00     375.00  9.551298827412940E-04  3.342804334264681E-06 10461832	  75     370.00     375.00  9.551298827412940E-04  3.342804334264681E-06 10461832	  75     370.00     375.00  8.911088687236380E-04  3.090914305041322E-06 10461832	  75     370.00     375.00  8.911088687236380E-04  3.090914305041322E-06 10461832	  75     370.00     375.00  1.028180614891392E-03  3.640019876994019E-06 10461832	  75     370.00     375.00  1.028180614891392E-03  3.640019876994019E-06 10461832	  75     370.00     375.00  9.551298827412940E-04  3.342804334264681E-06 10461832
  76     375.00     380.00  9.184742998284291E-04  3.204014241729973E-06 10200399	  76     375.00     380.00  9.184742998284291E-04  3.204014241729973E-06 10200399	  76     375.00     380.00  8.563765173876958E-04  2.958970178035248E-06 10200399	  76     375.00     380.00  8.563765173876958E-04  2.958970178035248E-06 10200399	  76     375.00     380.00  9.894186965489825E-04  3.493521409922574E-06 10200399	  76     375.00     380.00  9.894186965489825E-04  3.493521409922574E-06 10200399	  76     375.00     380.00  9.184742998284291E-04  3.204014241729973E-06 10200399
  77     380.00     385.00  8.819834180727124E-04  3.212198202111389E-06 9953951	  77     380.00     385.00  8.819834180727124E-04  3.212198202111389E-06 9953951	  77     380.00     385.00  8.218600931748380E-04  2.950077932002248E-06 9953951	  77     380.00     385.00  8.218600931748380E-04  2.950077932002248E-06 9953951	  77     380.00     385.00  9.507741447574282E-04  3.527196814724974E-06 9953951	  77     380.00     385.00  9.507741447574282E-04  3.527196814724974E-06 9953951	  77     380.00     385.00  8.819834180727124E-04  3.212198202111389E-06 9953951
  78     385.00     390.00  8.509960501931675E-04  3.059137489463783E-06 9716082	  78     385.00     390.00  8.509960501931675E-04  3.059137489463783E-06 9716082	  78     385.00     390.00  7.930234846557221E-04  2.823205870706160E-06 9716082	  78     385.00     390.00  7.930234846557221E-04  2.823205870706160E-06 9716082	  78     385.00     390.00  9.173082258951405E-04  3.338993397600882E-06 9716082	  78     385.00     390.00  9.173082258951405E-04  3.338993397600882E-06 9716082	  78     385.00     390.00  8.509960501931675E-04  3.059137489463783E-06 9716082
  79     390.00     395.00  8.210220075199428E-04  3.066131821825243E-06 9480184	  79     390.00     395.00  8.210220075199428E-04  3.066131821825243E-06 9480184	  79     390.00     395.00  7.648575922802467E-04  2.827985183089887E-06 9480184	  79     390.00     395.00  7.648575922802467E-04  2.827985183089887E-06 9480184	  79     390.00     395.00  8.852974436719117E-04  3.348348222960530E-06 9480184	  79     390.00     395.00  8.852974436719117E-04  3.348348222960530E-06 9480184	  79     390.00     395.00  8.210220075199428E-04  3.066131821825243E-06 9480184
  80     395.00     400.00  7.793147562778042E-04  2.850372034900068E-06 9247873	  80     395.00     400.00  7.793147562778042E-04  2.850372034900068E-06 9247873	  80     395.00     400.00  7.256408877692467E-04  2.626595885997618E-06 9247873	  80     395.00     400.00  7.256408877692467E-04  2.626595885997618E-06 9247873	  80     395.00     400.00  8.407928942335108E-04  3.116405600201958E-06 9247873	  80     395.00     400.00  8.407928942335108E-04  3.116405600201958E-06 9247873	  80     395.00     400.00  7.793147562778042E-04  2.850372034900068E-06 9247873
  81     400.00     405.00  7.504966551218879E-04  2.840582827785380E-06 9026194	  81     400.00     405.00  7.504966551218879E-04  2.840582827785380E-06 9026194	  81     400.00     405.00  6.986019775191760E-04  2.619447936786353E-06 9026194	  81     400.00     405.00  6.986019775191760E-04  2.619447936786353E-06 9026194	  81     400.00     405.00  8.099699920357316E-04  3.102838695795480E-06 9026194	  81     400.00     405.00  8.099699920357316E-04  3.102838695795480E-06 9026194	  81     400.00     405.00  7.504966551218879E-04  2.840582827785380E-06 9026194
  82     405.00     410.00  7.283083600654362E-04  2.891443043177017E-06 8821923	  82     405.00     410.00  7.283083600654362E-04  2.891443043177017E-06 8821923	  82     405.00     410.00  6.777018427721311E-04  2.662159119041446E-06 8821923	  82     405.00     410.00  6.777018427721311E-04  2.662159119041446E-06 8821923	  82     405.00     410.00  7.863402845393418E-04  3.164030717216986E-06 8821923	  82     405.00     410.00  7.863402845393418E-04  3.164030717216986E-06 8821923	  82     405.00     410.00  7.283083600654362E-04  2.891443043177017E-06 8821923
  83     410.00     415.00  6.972353063071780E-04  2.738339931558131E-06 8616358	  83     410.00     415.00  6.972353063071780E-04  2.738339931558131E-06 8616358	  83     410.00     415.00  6.486129118471630E-04  2.525103591522055E-06 8616358	  83     410.00     415.00  6.486129118471630E-04  2.525103591522055E-06 8616358	  83     410.00     415.00  7.530157038066602E-04  2.991447423583702E-06 8616358	  83     410.00     415.00  7.530157038066602E-04  2.991447423583702E-06 8616358	  83     410.00     415.00  6.972353063071780E-04  2.738339931558131E-06 8616358
  84     415.00     420.00  6.703459402022628E-04  2.643862857939751E-06 8423988	  84     415.00     420.00  6.703459402022628E-04  2.643862857939751E-06 8423988	  84     415.00     420.00  6.232367239811150E-04  2.433686821728095E-06 8423988	  84     415.00     420.00  6.232367239811150E-04  2.433686821728095E-06 8423988	  84     415.00     420.00  7.244497661040654E-04  2.893580885930351E-06 8423988	  84     415.00     420.00  7.244497661040654E-04  2.893580885930351E-06 8423988	  84     415.00     420.00  6.703459402022628E-04  2.643862857939751E-06 8423988
  85     420.00     425.00  6.521556863434107E-04  2.993114075732978E-06 8224291	  85     420.00     425.00  6.521556863434107E-04  2.993114075732978E-06 8224291	  85     420.00     425.00  6.060237450834390E-04  2.741582090329692E-06 8224291	  85     420.00     425.00  6.060237450834390E-04  2.741582090329692E-06 8224291	  85     420.00     425.00  7.051847369329483E-04  3.292962618566149E-06 8224291	  85     420.00     425.00  7.051847369329483E-04  3.292962618566149E-06 8224291	  85     420.00     425.00  6.521556863434107E-04  2.993114075732978E-06 8224291
  86     425.00     430.00  6.263800705841535E-04  2.580757827347697E-06 8038246	  86     425.00     430.00  6.263800705841535E-04  2.580757827347697E-06 8038246	  86     425.00     430.00  5.820072927183568E-04  2.374977337277978E-06 8038246	  86     425.00     430.00  5.820072927183568E-04  2.374977337277978E-06 8038246	  86     425.00     430.00  6.774012142118839E-04  2.825571577616267E-06 8038246	  86     425.00     430.00  6.774012142118839E-04  2.825571577616267E-06 8038246	  86     425.00     430.00  6.263800705841535E-04  2.580757827347697E-06 8038246
  87     430.00     435.00  5.963664611429238E-04  2.444841572021778E-06 7859496	  87     430.00     435.00  5.963664611429238E-04  2.444841572021778E-06 7859496	  87     430.00     435.00  5.540265614204974E-04  2.250188846743018E-06 7859496	  87     430.00     435.00  5.540265614204974E-04  2.250188846743018E-06 7859496	  87     430.00     435.00  6.450651777966010E-04  2.676504895493391E-06 7859496	  87     430.00     435.00  6.450651777966010E-04  2.676504895493391E-06 7859496	  87     430.00     435.00  5.963664611429238E-04  2.444841572021778E-06 7859496
  88     435.00     440.00  5.856545726341058E-04  4.805050063627051E-06 7687552	  88     435.00     440.00  5.856545726341058E-04  4.805050063627051E-06 7687552	  88     435.00     440.00  5.436450189225474E-04  4.237631784653189E-06 7687552	  88     435.00     440.00  5.436450189225474E-04  4.237631784653189E-06 7687552	  88     435.00     440.00  6.340588407928315E-04  5.516044550600021E-06 7687552	  88     435.00     440.00  6.340588407928315E-04  5.516044550600021E-06 7687552	  88     435.00     440.00  5.856545726341058E-04  4.805050063627051E-06 7687552
  89     440.00     445.00  5.574885623687130E-04  2.389823950172023E-06 7516178	  89     440.00     445.00  5.574885623687130E-04  2.389823950172023E-06 7516178	  89     440.00     445.00  5.176305789563146E-04  2.202087673222364E-06 7516178	  89     440.00     445.00  5.176305789563146E-04  2.202087673222364E-06 7516178	  89     440.00     445.00  6.033672395898324E-04  2.612444414461053E-06 7516178	  89     440.00     445.00  6.033672395898324E-04  2.612444414461053E-06 7516178	  89     440.00     445.00  5.574885623687130E-04  2.389823950172023E-06 7516178
  90     445.00     450.00  5.369796836216174E-04  2.339570195824434E-06 7349426	  90     445.00     450.00  5.369796836216174E-04  2.339570195824434E-06 7349426	  90     445.00     450.00  4.984549846915600E-04  2.156520692199934E-06 7349426	  90     445.00     450.00  4.984549846915600E-04  2.156520692199934E-06 7349426	  90     445.00     450.00  5.813449676896471E-04  2.556456916081773E-06 7349426	  90     445.00     450.00  5.813449676896471E-04  2.556456916081773E-06 7349426	  90     445.00     450.00  5.369796836216174E-04  2.339570195824434E-06 7349426
  91     450.00     455.00  5.165251270717665E-04  2.327914330096204E-06 7185631	  91     450.00     455.00  5.165251270717665E-04  2.327914330096204E-06 7185631	  91     450.00     455.00  4.792163838847029E-04  2.135717537204342E-06 7185631	  91     450.00     455.00  4.792163838847029E-04  2.135717537204342E-06 7185631	  91     450.00     455.00  5.595247674017311E-04  2.557265774046478E-06 7185631	  91     450.00     455.00  5.595247674017311E-04  2.557265774046478E-06 7185631	  91     450.00     455.00  5.165251270717665E-04  2.327914330096204E-06 7185631
  92     455.00     460.00  4.994762686958064E-04  2.191661859292668E-06 7040028	  92     455.00     460.00  4.994762686958064E-04  2.191661859292668E-06 7040028	  92     455.00     460.00  4.633536292123286E-04  2.018884756469872E-06 7040028	  92     455.00     460.00  4.633536292123286E-04  2.018884756469872E-06 7040028	  92     455.00     460.00  5.411166028641242E-04  2.396668904913097E-06 7040028	  92     455.00     460.00  5.411166028641242E-04  2.396668904913097E-06 7040028	  92     455.00     460.00  4.994762686958064E-04  2.191661859292668E-06 7040028
  93     460.00     465.00  4.840319480677262E-04  2.239060417945053E-06 6889313	  93     460.00     465.00  4.840319480677262E-04  2.239060417945053E-06 6889313	  93     460.00     465.00  4.487896910164643E-04  2.060693031220634E-06 6889313	  93     460.00     465.00  4.487896910164643E-04  2.060693031220634E-06 6889313	  93     460.00     465.00  5.247002969507476E-04  2.450877933688400E-06 6889313	  93     460.00     465.00  5.247002969507476E-04  2.450877933688400E-06 6889313	  93     460.00     465.00  4.840319480677262E-04  2.239060417945053E-06 6889313
  94     465.00     470.00  4.679526019912725E-04  2.152271849894936E-06 6738347	  94     465.00     470.00  4.679526019912725E-04  2.152271849894936E-06 6738347	  94     465.00     470.00  4.337284112128748E-04  1.979840727337449E-06 6738347	  94     465.00     470.00  4.337284112128748E-04  1.979840727337449E-06 6738347	  94     465.00     470.00  5.074710230686754E-04  2.357266875765394E-06 6738347	  94     465.00     470.00  5.074710230686754E-04  2.357266875765394E-06 6738347	  94     465.00     470.00  4.679526019912725E-04  2.152271849894936E-06 6738347
  95     470.00     475.00  4.524903327079426E-04  2.166659483372443E-06 6600201	  95     470.00     475.00  4.524903327079426E-04  2.166659483372443E-06 6600201	  95     470.00     475.00  4.192907848726033E-04  1.990237185433346E-06 6600201	  95     470.00     475.00  4.192907848726033E-04  1.990237185433346E-06 6600201	  95     470.00     475.00  4.908375858210176E-04  2.376483268243159E-06 6600201	  95     470.00     475.00  4.908375858210176E-04  2.376483268243159E-06 6600201	  95     470.00     475.00  4.524903327079426E-04  2.166659483372443E-06 6600201
  96     475.00     480.00  4.344627185609866E-04  2.106663096318686E-06 6463915	  96     475.00     480.00  4.344627185609866E-04  2.106663096318686E-06 6463915	  96     475.00     480.00  4.025628016600386E-04  1.933399987870821E-06 6463915	  96     475.00     480.00  4.025628016600386E-04  1.933399987870821E-06 6463915	  96     475.00     480.00  4.713181080144603E-04  2.313364335968287E-06 6463915	  96     475.00     480.00  4.713181080144603E-04  2.313364335968287E-06 6463915	  96     475.00     480.00  4.344627185609866E-04  2.106663096318686E-06 6463915
  97     480.00     485.00  4.207431512184574E-04  2.024502607715500E-06 6326398	  97     480.00     485.00  4.207431512184574E-04  2.024502607715500E-06 6326398	  97     480.00     485.00  3.897025347465461E-04  1.863546160679633E-06 6326398	  97     480.00     485.00  3.897025347465461E-04  1.863546160679633E-06 6326398	  97     480.00     485.00  4.566222854284862E-04  2.215535882594208E-06 6326398	  97     480.00     485.00  4.566222854284862E-04  2.215535882594208E-06 6326398	  97     480.00     485.00  4.207431512184574E-04  2.024502607715500E-06 6326398
  98     485.00     490.00  4.028286388409010E-04  1.967193489887024E-06 6194533	  98     485.00     490.00  4.028286388409010E-04  1.967193489887024E-06 6194533	  98     485.00     490.00  3.728878378812163E-04  1.806094647692979E-06 6194533	  98     485.00     490.00  3.728878378812163E-04  1.806094647692979E-06 6194533	  98     485.00     490.00  4.374820695135058E-04  2.159593452317009E-06 6194533	  98     485.00     490.00  4.374820695135058E-04  2.159593452317009E-06 6194533	  98     485.00     490.00  4.028286388409010E-04  1.967193489887024E-06 6194533
  99     490.00     495.00  3.893757244116548E-04  1.899112946126474E-06 6071310	  99     490.00     495.00  3.893757244116548E-04  1.899112946126474E-06 6071310	  99     490.00     495.00  3.605355397504076E-04  1.747849699025399E-06 6071310	  99     490.00     495.00  3.605355397504076E-04  1.747849699025399E-06 6071310	  99     490.00     495.00  4.227268287198730E-04  2.078674861590039E-06 6071310	  99     490.00     495.00  4.227268287198730E-04  2.078674861590039E-06 6071310	  99     490.00     495.00  3.893757244116548E-04  1.899112946126474E-06 6071310
 100     495.00     500.00  3.766587220335192E-04  1.845326459470867E-06 5943552	 100     495.00     500.00  3.766587220335192E-04  1.845326459470867E-06 5943552	 100     495.00     500.00  3.486155472006828E-04  1.697277514589691E-06 5943552	 100     495.00     500.00  3.486155472006828E-04  1.697277514589691E-06 5943552	 100     495.00     500.00  4.091073214665958E-04  2.021059382566607E-06 5943552	 100     495.00     500.00  4.091073214665958E-04  2.021059382566607E-06 5943552	 100     495.00     500.00  3.766587220335192E-04  1.845326459470867E-06 5943552
# Underflow:                 0.0000000000000000E+00  0.0000000000000000E+00 0
# Overflow:                  6.2424128120492251E-04  7.6317430579789489E-07 37374298
#-------------------------------------------------------------------------------------	#-------------------------------------------------------------------------------------	#-------------------------------------------------------------------------------------	#-------------------------------------------------------------------------------------	#-------------------------------------------------------------------------------------	#-------------------------------------------------------------------------------------	#-------------------------------------------------------------------------------------
# Sum:                       5.2751646661200491E-01  8.4876918640904779E-05 508479000
#=====================================================================================	#=====================================================================================	#=====================================================================================	#=====================================================================================	#=====================================================================================	#=====================================================================================	#=====================================================================================
